#datatype,string,long,dateTime:RFC3339,dateTime:RFC3339,dateTime:RFC3339,double,string,string,string,string,string
#group,false,false,true,true,false,false,true,true,true,true,true
#default,_result,,,,,,,,,,
,result,table,_start,_stop,_time,_value,_field,_measurement,name,pid,tid
,,0,2023-05-13T12:43:20.025536841Z,2023-06-12T12:43:20.025536841Z,2023-06-06T15:53:45.531911435Z,152.6867,docker_cpu_usage_pct,bwa (DA71) (942),bwa (DA71) (942),2822953,942
,,0,2023-05-13T12:43:20.025536841Z,2023-06-12T12:43:20.025536841Z,2023-06-06T15:53:47.545084214Z,801.0897,docker_cpu_usage_pct,bwa (DA71) (942),bwa (DA71) (942),2822953,942
,,0,2023-05-13T12:43:20.025536841Z,2023-06-12T12:43:20.025536841Z,2023-06-06T15:53:49.541286527Z,789.3246,docker_cpu_usage_pct,bwa (DA71) (942),bwa (DA71) (942),2822953,942
,,0,2023-05-13T12:43:20.025536841Z,2023-06-12T12:43:20.025536841Z,2023-06-06T15:53:52.531859288Z,736.9986,docker_cpu_usage_pct,bwa (DA71) (942),bwa (DA71) (942),2822953,942
,,0,2023-05-13T12:43:20.025536841Z,2023-06-12T12:43:20.025536841Z,2023-06-06T15:53:55.545001742Z,753.8284,docker_cpu_usage_pct,bwa (DA71) (942),bwa (DA71) (942),2822953,942
,,0,2023-05-13T12:43:20.025536841Z,2023-06-12T12:43:20.025536841Z,2023-06-06T15:53:58.541062121Z,787.3612,docker_cpu_usage_pct,bwa (DA71) (942),bwa (DA71) (942),2822953,942
,,0,2023-05-13T12:43:20.025536841Z,2023-06-12T12:43:20.025536841Z,2023-06-06T15:54:01.531629307Z,751.04,docker_cpu_usage_pct,bwa (DA71) (942),bwa (DA71) (942),2822953,942
,,0,2023-05-13T12:43:20.025536841Z,2023-06-12T12:43:20.025536841Z,2023-06-06T15:54:03.53730146Z,790.2532,docker_cpu_usage_pct,bwa (DA71) (942),bwa (DA71) (942),2822953,942
,,0,2023-05-13T12:43:20.025536841Z,2023-06-12T12:43:20.025536841Z,2023-06-06T15:54:06.536009967Z,796.1462,docker_cpu_usage_pct,bwa (DA71) (942),bwa (DA71) (942),2822953,942
,,0,2023-05-13T12:43:20.025536841Z,2023-06-12T12:43:20.025536841Z,2023-06-06T15:54:10.531580094Z,799.6372,docker_cpu_usage_pct,bwa (DA71) (942),bwa (DA71) (942),2822953,942
,,0,2023-05-13T12:43:20.025536841Z,2023-06-12T12:43:20.025536841Z,2023-06-06T15:54:13.539090028Z,762.0848,docker_cpu_usage_pct,bwa (DA71) (942),bwa (DA71) (942),2822953,942
,,0,2023-05-13T12:43:20.025536841Z,2023-06-12T12:43:20.025536841Z,2023-06-06T15:54:15.531910127Z,794.3668,docker_cpu_usage_pct,bwa (DA71) (942),bwa (DA71) (942),2822953,942
,,0,2023-05-13T12:43:20.025536841Z,2023-06-12T12:43:20.025536841Z,2023-06-06T15:54:17.533405986Z,798.1264,docker_cpu_usage_pct,bwa (DA71) (942),bwa (DA71) (942),2822953,942
,,0,2023-05-13T12:43:20.025536841Z,2023-06-12T12:43:20.025536841Z,2023-06-06T15:54:20.53221208Z,801.5874,docker_cpu_usage_pct,bwa (DA71) (942),bwa (DA71) (942),2822953,942
,,0,2023-05-13T12:43:20.025536841Z,2023-06-12T12:43:20.025536841Z,2023-06-06T15:54:22.532277561Z,800.0307,docker_cpu_usage_pct,bwa (DA71) (942),bwa (DA71) (942),2822953,942
,,0,2023-05-13T12:43:20.025536841Z,2023-06-12T12:43:20.025536841Z,2023-06-06T15:54:25.545061393Z,779.0782,docker_cpu_usage_pct,bwa (DA71) (942),bwa (DA71) (942),2822953,942
,,0,2023-05-13T12:43:20.025536841Z,2023-06-12T12:43:20.025536841Z,2023-06-06T15:54:28.544993263Z,795.5114,docker_cpu_usage_pct,bwa (DA71) (942),bwa (DA71) (942),2822953,942
,,0,2023-05-13T12:43:20.025536841Z,2023-06-12T12:43:20.025536841Z,2023-06-06T15:54:31.53168284Z,797.0006,docker_cpu_usage_pct,bwa (DA71) (942),bwa (DA71) (942),2822953,942
,,0,2023-05-13T12:43:20.025536841Z,2023-06-12T12:43:20.025536841Z,2023-06-06T15:54:34.531535034Z,798.024,docker_cpu_usage_pct,bwa (DA71) (942),bwa (DA71) (942),2822953,942
,,0,2023-05-13T12:43:20.025536841Z,2023-06-12T12:43:20.025536841Z,2023-06-06T15:54:36.53228506Z,799.4971,docker_cpu_usage_pct,bwa (DA71) (942),bwa (DA71) (942),2822953,942
,,0,2023-05-13T12:43:20.025536841Z,2023-06-12T12:43:20.025536841Z,2023-06-06T15:54:39.544975868Z,794.9531,docker_cpu_usage_pct,bwa (DA71) (942),bwa (DA71) (942),2822953,942
,,0,2023-05-13T12:43:20.025536841Z,2023-06-12T12:43:20.025536841Z,2023-06-06T15:54:42.532170534Z,796.2518,docker_cpu_usage_pct,bwa (DA71) (942),bwa (DA71) (942),2822953,942
,,0,2023-05-13T12:43:20.025536841Z,2023-06-12T12:43:20.025536841Z,2023-06-06T15:54:44.541236149Z,639.617,docker_cpu_usage_pct,bwa (DA71) (942),bwa (DA71) (942),2822953,942
,,0,2023-05-13T12:43:20.025536841Z,2023-06-12T12:43:20.025536841Z,2023-06-06T15:54:47.532094074Z,480.0092,docker_cpu_usage_pct,bwa (DA71) (942),bwa (DA71) (942),2822953,942
,,0,2023-05-13T12:43:20.025536841Z,2023-06-12T12:43:20.025536841Z,2023-06-06T15:54:49.53185824Z,206.5001,docker_cpu_usage_pct,bwa (DA71) (942),bwa (DA71) (942),2822953,942
,,0,2023-05-13T12:43:20.025536841Z,2023-06-12T12:43:20.025536841Z,2023-06-06T15:54:51.531576768Z,105.0438,docker_cpu_usage_pct,bwa (DA71) (942),bwa (DA71) (942),2822953,942
,,0,2023-05-13T12:43:20.025536841Z,2023-06-12T12:43:20.025536841Z,2023-06-06T15:54:54.537287591Z,99.8443,docker_cpu_usage_pct,bwa (DA71) (942),bwa (DA71) (942),2822953,942
,,0,2023-05-13T12:43:20.025536841Z,2023-06-12T12:43:20.025536841Z,2023-06-06T15:54:57.531779328Z,797.2241,docker_cpu_usage_pct,bwa (DA71) (942),bwa (DA71) (942),2822953,942
,,0,2023-05-13T12:43:20.025536841Z,2023-06-12T12:43:20.025536841Z,2023-06-06T15:55:00.545071898Z,762.0067,docker_cpu_usage_pct,bwa (DA71) (942),bwa (DA71) (942),2822953,942
,,0,2023-05-13T12:43:20.025536841Z,2023-06-12T12:43:20.025536841Z,2023-06-06T15:55:03.534506871Z,797.477,docker_cpu_usage_pct,bwa (DA71) (942),bwa (DA71) (942),2822953,942
,,0,2023-05-13T12:43:20.025536841Z,2023-06-12T12:43:20.025536841Z,2023-06-06T15:55:06.531319189Z,798.6109,docker_cpu_usage_pct,bwa (DA71) (942),bwa (DA71) (942),2822953,942
,,0,2023-05-13T12:43:20.025536841Z,2023-06-12T12:43:20.025536841Z,2023-06-06T15:55:08.532284111Z,798.5325,docker_cpu_usage_pct,bwa (DA71) (942),bwa (DA71) (942),2822953,942
,,0,2023-05-13T12:43:20.025536841Z,2023-06-12T12:43:20.025536841Z,2023-06-06T15:55:10.531849716Z,801.5018,docker_cpu_usage_pct,bwa (DA71) (942),bwa (DA71) (942),2822953,942
,,0,2023-05-13T12:43:20.025536841Z,2023-06-12T12:43:20.025536841Z,2023-06-06T15:55:12.531727688Z,793.7051,docker_cpu_usage_pct,bwa (DA71) (942),bwa (DA71) (942),2822953,942
,,0,2023-05-13T12:43:20.025536841Z,2023-06-12T12:43:20.025536841Z,2023-06-06T15:55:15.544971585Z,767.7545,docker_cpu_usage_pct,bwa (DA71) (942),bwa (DA71) (942),2822953,942
,,0,2023-05-13T12:43:20.025536841Z,2023-06-12T12:43:20.025536841Z,2023-06-06T15:55:19.540976926Z,797.8981,docker_cpu_usage_pct,bwa (DA71) (942),bwa (DA71) (942),2822953,942
,,0,2023-05-13T12:43:20.025536841Z,2023-06-12T12:43:20.025536841Z,2023-06-06T15:55:22.532305283Z,794.9308,docker_cpu_usage_pct,bwa (DA71) (942),bwa (DA71) (942),2822953,942
,,0,2023-05-13T12:43:20.025536841Z,2023-06-12T12:43:20.025536841Z,2023-06-06T15:55:24.531572367Z,798.7913,docker_cpu_usage_pct,bwa (DA71) (942),bwa (DA71) (942),2822953,942
,,0,2023-05-13T12:43:20.025536841Z,2023-06-12T12:43:20.025536841Z,2023-06-06T15:55:27.531628984Z,800.8442,docker_cpu_usage_pct,bwa (DA71) (942),bwa (DA71) (942),2822953,942
,,0,2023-05-13T12:43:20.025536841Z,2023-06-12T12:43:20.025536841Z,2023-06-06T15:55:30.531856763Z,795.7161,docker_cpu_usage_pct,bwa (DA71) (942),bwa (DA71) (942),2822953,942
,,0,2023-05-13T12:43:20.025536841Z,2023-06-12T12:43:20.025536841Z,2023-06-06T15:55:32.541044671Z,799.8897,docker_cpu_usage_pct,bwa (DA71) (942),bwa (DA71) (942),2822953,942
,,0,2023-05-13T12:43:20.025536841Z,2023-06-12T12:43:20.025536841Z,2023-06-06T15:55:35.531728338Z,773.8757,docker_cpu_usage_pct,bwa (DA71) (942),bwa (DA71) (942),2822953,942
,,0,2023-05-13T12:43:20.025536841Z,2023-06-12T12:43:20.025536841Z,2023-06-06T15:55:38.531677261Z,750.7678,docker_cpu_usage_pct,bwa (DA71) (942),bwa (DA71) (942),2822953,942
,,0,2023-05-13T12:43:20.025536841Z,2023-06-12T12:43:20.025536841Z,2023-06-06T15:55:41.531777794Z,764.4727,docker_cpu_usage_pct,bwa (DA71) (942),bwa (DA71) (942),2822953,942
,,0,2023-05-13T12:43:20.025536841Z,2023-06-12T12:43:20.025536841Z,2023-06-06T15:55:44.531847511Z,750.4812,docker_cpu_usage_pct,bwa (DA71) (942),bwa (DA71) (942),2822953,942
,,0,2023-05-13T12:43:20.025536841Z,2023-06-12T12:43:20.025536841Z,2023-06-06T15:55:47.531727429Z,762.9865,docker_cpu_usage_pct,bwa (DA71) (942),bwa (DA71) (942),2822953,942
,,0,2023-05-13T12:43:20.025536841Z,2023-06-12T12:43:20.025536841Z,2023-06-06T15:55:50.531726213Z,776.6516,docker_cpu_usage_pct,bwa (DA71) (942),bwa (DA71) (942),2822953,942
,,0,2023-05-13T12:43:20.025536841Z,2023-06-12T12:43:20.025536841Z,2023-06-06T15:55:53.531730192Z,745.6205,docker_cpu_usage_pct,bwa (DA71) (942),bwa (DA71) (942),2822953,942
,,0,2023-05-13T12:43:20.025536841Z,2023-06-12T12:43:20.025536841Z,2023-06-06T15:55:56.531544199Z,694.5946,docker_cpu_usage_pct,bwa (DA71) (942),bwa (DA71) (942),2822953,942
,,0,2023-05-13T12:43:20.025536841Z,2023-06-12T12:43:20.025536841Z,2023-06-06T15:55:58.531647982Z,442.9914,docker_cpu_usage_pct,bwa (DA71) (942),bwa (DA71) (942),2822953,942
,,0,2023-05-13T12:43:20.025536841Z,2023-06-12T12:43:20.025536841Z,2023-06-06T15:56:00.532444662Z,299.029,docker_cpu_usage_pct,bwa (DA71) (942),bwa (DA71) (942),2822953,942
,,0,2023-05-13T12:43:20.025536841Z,2023-06-12T12:43:20.025536841Z,2023-06-06T15:56:02.531691764Z,95.6439,docker_cpu_usage_pct,bwa (DA71) (942),bwa (DA71) (942),2822953,942
,,0,2023-05-13T12:43:20.025536841Z,2023-06-12T12:43:20.025536841Z,2023-06-06T15:56:05.53192701Z,773.886,docker_cpu_usage_pct,bwa (DA71) (942),bwa (DA71) (942),2822953,942
,,0,2023-05-13T12:43:20.025536841Z,2023-06-12T12:43:20.025536841Z,2023-06-06T15:56:08.533021602Z,799.3803,docker_cpu_usage_pct,bwa (DA71) (942),bwa (DA71) (942),2822953,942
,,0,2023-05-13T12:43:20.025536841Z,2023-06-12T12:43:20.025536841Z,2023-06-06T15:56:11.531470089Z,800.72,docker_cpu_usage_pct,bwa (DA71) (942),bwa (DA71) (942),2822953,942
,,0,2023-05-13T12:43:20.025536841Z,2023-06-12T12:43:20.025536841Z,2023-06-06T15:56:13.53214034Z,798.5836,docker_cpu_usage_pct,bwa (DA71) (942),bwa (DA71) (942),2822953,942
,,0,2023-05-13T12:43:20.025536841Z,2023-06-12T12:43:20.025536841Z,2023-06-06T15:56:15.531977143Z,797.4917,docker_cpu_usage_pct,bwa (DA71) (942),bwa (DA71) (942),2822953,942
,,0,2023-05-13T12:43:20.025536841Z,2023-06-12T12:43:20.025536841Z,2023-06-06T15:56:17.545228163Z,799.9509,docker_cpu_usage_pct,bwa (DA71) (942),bwa (DA71) (942),2822953,942
,,0,2023-05-13T12:43:20.025536841Z,2023-06-12T12:43:20.025536841Z,2023-06-06T15:56:19.537232285Z,797.7804,docker_cpu_usage_pct,bwa (DA71) (942),bwa (DA71) (942),2822953,942
,,0,2023-05-13T12:43:20.025536841Z,2023-06-12T12:43:20.025536841Z,2023-06-06T15:56:22.541247914Z,753.9625,docker_cpu_usage_pct,bwa (DA71) (942),bwa (DA71) (942),2822953,942
,,0,2023-05-13T12:43:20.025536841Z,2023-06-12T12:43:20.025536841Z,2023-06-06T15:56:25.531697605Z,714.8491,docker_cpu_usage_pct,bwa (DA71) (942),bwa (DA71) (942),2822953,942
,,0,2023-05-13T12:43:20.025536841Z,2023-06-12T12:43:20.025536841Z,2023-06-06T15:56:28.531685246Z,736.8081,docker_cpu_usage_pct,bwa (DA71) (942),bwa (DA71) (942),2822953,942
,,0,2023-05-13T12:43:20.025536841Z,2023-06-12T12:43:20.025536841Z,2023-06-06T15:56:31.531683585Z,686.1777,docker_cpu_usage_pct,bwa (DA71) (942),bwa (DA71) (942),2822953,942
,,0,2023-05-13T12:43:20.025536841Z,2023-06-12T12:43:20.025536841Z,2023-06-06T15:56:34.53162248Z,731.7802,docker_cpu_usage_pct,bwa (DA71) (942),bwa (DA71) (942),2822953,942
,,0,2023-05-13T12:43:20.025536841Z,2023-06-12T12:43:20.025536841Z,2023-06-06T15:56:37.531677404Z,762.7448,docker_cpu_usage_pct,bwa (DA71) (942),bwa (DA71) (942),2822953,942
,,0,2023-05-13T12:43:20.025536841Z,2023-06-12T12:43:20.025536841Z,2023-06-06T15:56:40.531620632Z,756.3506,docker_cpu_usage_pct,bwa (DA71) (942),bwa (DA71) (942),2822953,942
,,0,2023-05-13T12:43:20.025536841Z,2023-06-12T12:43:20.025536841Z,2023-06-06T15:56:42.531656169Z,794.969,docker_cpu_usage_pct,bwa (DA71) (942),bwa (DA71) (942),2822953,942
,,0,2023-05-13T12:43:20.025536841Z,2023-06-12T12:43:20.025536841Z,2023-06-06T15:56:43.532222606Z,798.8063,docker_cpu_usage_pct,bwa (DA71) (942),bwa (DA71) (942),2822953,942
,,0,2023-05-13T12:43:20.025536841Z,2023-06-12T12:43:20.025536841Z,2023-06-06T15:56:45.531938373Z,803.5178,docker_cpu_usage_pct,bwa (DA71) (942),bwa (DA71) (942),2822953,942
,,0,2023-05-13T12:43:20.025536841Z,2023-06-12T12:43:20.025536841Z,2023-06-06T15:56:48.544984949Z,792.3868,docker_cpu_usage_pct,bwa (DA71) (942),bwa (DA71) (942),2822953,942
,,0,2023-05-13T12:43:20.025536841Z,2023-06-12T12:43:20.025536841Z,2023-06-06T15:56:51.544929534Z,768.5145,docker_cpu_usage_pct,bwa (DA71) (942),bwa (DA71) (942),2822953,942
,,0,2023-05-13T12:43:20.025536841Z,2023-06-12T12:43:20.025536841Z,2023-06-06T15:56:54.545020258Z,774.1908,docker_cpu_usage_pct,bwa (DA71) (942),bwa (DA71) (942),2822953,942
,,0,2023-05-13T12:43:20.025536841Z,2023-06-12T12:43:20.025536841Z,2023-06-06T15:56:57.541014508Z,630.9566,docker_cpu_usage_pct,bwa (DA71) (942),bwa (DA71) (942),2822953,942
,,0,2023-05-13T12:43:20.025536841Z,2023-06-12T12:43:20.025536841Z,2023-06-06T15:56:59.532538482Z,499.7493,docker_cpu_usage_pct,bwa (DA71) (942),bwa (DA71) (942),2822953,942
,,0,2023-05-13T12:43:20.025536841Z,2023-06-12T12:43:20.025536841Z,2023-06-06T15:57:01.531325928Z,400.6911,docker_cpu_usage_pct,bwa (DA71) (942),bwa (DA71) (942),2822953,942
,,0,2023-05-13T12:43:20.025536841Z,2023-06-12T12:43:20.025536841Z,2023-06-06T15:57:03.532078452Z,168.6349,docker_cpu_usage_pct,bwa (DA71) (942),bwa (DA71) (942),2822953,942
,,0,2023-05-13T12:43:20.025536841Z,2023-06-12T12:43:20.025536841Z,2023-06-06T15:57:05.541011953Z,236.449,docker_cpu_usage_pct,bwa (DA71) (942),bwa (DA71) (942),2822953,942
,,0,2023-05-13T12:43:20.025536841Z,2023-06-12T12:43:20.025536841Z,2023-06-06T15:57:07.532401573Z,788.5953,docker_cpu_usage_pct,bwa (DA71) (942),bwa (DA71) (942),2822953,942
,,0,2023-05-13T12:43:20.025536841Z,2023-06-12T12:43:20.025536841Z,2023-06-06T15:57:10.541020482Z,770.5357,docker_cpu_usage_pct,bwa (DA71) (942),bwa (DA71) (942),2822953,942
,,0,2023-05-13T12:43:20.025536841Z,2023-06-12T12:43:20.025536841Z,2023-06-06T15:57:13.531548411Z,759.6383,docker_cpu_usage_pct,bwa (DA71) (942),bwa (DA71) (942),2822953,942
,,0,2023-05-13T12:43:20.025536841Z,2023-06-12T12:43:20.025536841Z,2023-06-06T15:57:16.531917625Z,793.312,docker_cpu_usage_pct,bwa (DA71) (942),bwa (DA71) (942),2822953,942
,,0,2023-05-13T12:43:20.025536841Z,2023-06-12T12:43:20.025536841Z,2023-06-06T15:57:18.531596447Z,798.2699,docker_cpu_usage_pct,bwa (DA71) (942),bwa (DA71) (942),2822953,942
,,0,2023-05-13T12:43:20.025536841Z,2023-06-12T12:43:20.025536841Z,2023-06-06T15:57:20.532194258Z,793.8279,docker_cpu_usage_pct,bwa (DA71) (942),bwa (DA71) (942),2822953,942
,,0,2023-05-13T12:43:20.025536841Z,2023-06-12T12:43:20.025536841Z,2023-06-06T15:57:22.545029624Z,798.8309,docker_cpu_usage_pct,bwa (DA71) (942),bwa (DA71) (942),2822953,942
,,0,2023-05-13T12:43:20.025536841Z,2023-06-12T12:43:20.025536841Z,2023-06-06T15:57:25.536918064Z,788.2964,docker_cpu_usage_pct,bwa (DA71) (942),bwa (DA71) (942),2822953,942
,,0,2023-05-13T12:43:20.025536841Z,2023-06-12T12:43:20.025536841Z,2023-06-06T15:57:28.541971785Z,794.0977,docker_cpu_usage_pct,bwa (DA71) (942),bwa (DA71) (942),2822953,942
,,0,2023-05-13T12:43:20.025536841Z,2023-06-12T12:43:20.025536841Z,2023-06-06T15:57:32.53224864Z,793.8834,docker_cpu_usage_pct,bwa (DA71) (942),bwa (DA71) (942),2822953,942
,,0,2023-05-13T12:43:20.025536841Z,2023-06-12T12:43:20.025536841Z,2023-06-06T15:57:34.536977786Z,788.835,docker_cpu_usage_pct,bwa (DA71) (942),bwa (DA71) (942),2822953,942
,,0,2023-05-13T12:43:20.025536841Z,2023-06-12T12:43:20.025536841Z,2023-06-06T15:57:38.531688943Z,798.6946,docker_cpu_usage_pct,bwa (DA71) (942),bwa (DA71) (942),2822953,942
,,0,2023-05-13T12:43:20.025536841Z,2023-06-12T12:43:20.025536841Z,2023-06-06T15:57:41.548913854Z,797.0202,docker_cpu_usage_pct,bwa (DA71) (942),bwa (DA71) (942),2822953,942
,,0,2023-05-13T12:43:20.025536841Z,2023-06-12T12:43:20.025536841Z,2023-06-06T15:57:43.544970305Z,794.8145,docker_cpu_usage_pct,bwa (DA71) (942),bwa (DA71) (942),2822953,942
,,0,2023-05-13T12:43:20.025536841Z,2023-06-12T12:43:20.025536841Z,2023-06-06T15:57:47.532920496Z,796.8515,docker_cpu_usage_pct,bwa (DA71) (942),bwa (DA71) (942),2822953,942
,,0,2023-05-13T12:43:20.025536841Z,2023-06-12T12:43:20.025536841Z,2023-06-06T15:57:50.532920438Z,797.6098,docker_cpu_usage_pct,bwa (DA71) (942),bwa (DA71) (942),2822953,942
,,0,2023-05-13T12:43:20.025536841Z,2023-06-12T12:43:20.025536841Z,2023-06-06T15:57:53.531509317Z,795.9065,docker_cpu_usage_pct,bwa (DA71) (942),bwa (DA71) (942),2822953,942
,,0,2023-05-13T12:43:20.025536841Z,2023-06-12T12:43:20.025536841Z,2023-06-06T15:57:56.531650266Z,747.1798,docker_cpu_usage_pct,bwa (DA71) (942),bwa (DA71) (942),2822953,942
,,0,2023-05-13T12:43:20.025536841Z,2023-06-12T12:43:20.025536841Z,2023-06-06T15:57:58.531689463Z,632.35,docker_cpu_usage_pct,bwa (DA71) (942),bwa (DA71) (942),2822953,942
,,0,2023-05-13T12:43:20.025536841Z,2023-06-12T12:43:20.025536841Z,2023-06-06T15:58:00.531505223Z,262.4738,docker_cpu_usage_pct,bwa (DA71) (942),bwa (DA71) (942),2822953,942
,,0,2023-05-13T12:43:20.025536841Z,2023-06-12T12:43:20.025536841Z,2023-06-06T15:58:02.532209758Z,100.0097,docker_cpu_usage_pct,bwa (DA71) (942),bwa (DA71) (942),2822953,942
,,0,2023-05-13T12:43:20.025536841Z,2023-06-12T12:43:20.025536841Z,2023-06-06T15:58:04.531972275Z,99.9111,docker_cpu_usage_pct,bwa (DA71) (942),bwa (DA71) (942),2822953,942
,,0,2023-05-13T12:43:20.025536841Z,2023-06-12T12:43:20.025536841Z,2023-06-06T15:58:07.531797633Z,797.5506,docker_cpu_usage_pct,bwa (DA71) (942),bwa (DA71) (942),2822953,942
,,0,2023-05-13T12:43:20.025536841Z,2023-06-12T12:43:20.025536841Z,2023-06-06T15:58:09.531502529Z,799.9523,docker_cpu_usage_pct,bwa (DA71) (942),bwa (DA71) (942),2822953,942
,,0,2023-05-13T12:43:20.025536841Z,2023-06-12T12:43:20.025536841Z,2023-06-06T15:58:12.544964273Z,781.8218,docker_cpu_usage_pct,bwa (DA71) (942),bwa (DA71) (942),2822953,942
,,0,2023-05-13T12:43:20.025536841Z,2023-06-12T12:43:20.025536841Z,2023-06-06T15:58:15.545021809Z,793.9874,docker_cpu_usage_pct,bwa (DA71) (942),bwa (DA71) (942),2822953,942
,,0,2023-05-13T12:43:20.025536841Z,2023-06-12T12:43:20.025536841Z,2023-06-06T15:58:18.545041987Z,796.5933,docker_cpu_usage_pct,bwa (DA71) (942),bwa (DA71) (942),2822953,942
,,0,2023-05-13T12:43:20.025536841Z,2023-06-12T12:43:20.025536841Z,2023-06-06T15:58:21.532145188Z,795.8595,docker_cpu_usage_pct,bwa (DA71) (942),bwa (DA71) (942),2822953,942
,,0,2023-05-13T12:43:20.025536841Z,2023-06-12T12:43:20.025536841Z,2023-06-06T15:58:23.531926953Z,799.0704,docker_cpu_usage_pct,bwa (DA71) (942),bwa (DA71) (942),2822953,942
,,0,2023-05-13T12:43:20.025536841Z,2023-06-12T12:43:20.025536841Z,2023-06-06T15:58:25.531557421Z,796.5268,docker_cpu_usage_pct,bwa (DA71) (942),bwa (DA71) (942),2822953,942
,,0,2023-05-13T12:43:20.025536841Z,2023-06-12T12:43:20.025536841Z,2023-06-06T15:58:29.541094961Z,756.7238,docker_cpu_usage_pct,bwa (DA71) (942),bwa (DA71) (942),2822953,942
,,0,2023-05-13T12:43:20.025536841Z,2023-06-12T12:43:20.025536841Z,2023-06-06T15:58:32.541037037Z,793.8909,docker_cpu_usage_pct,bwa (DA71) (942),bwa (DA71) (942),2822953,942
,,0,2023-05-13T12:43:20.025536841Z,2023-06-12T12:43:20.025536841Z,2023-06-06T15:58:35.545025202Z,795.5765,docker_cpu_usage_pct,bwa (DA71) (942),bwa (DA71) (942),2822953,942
,,0,2023-05-13T12:43:20.025536841Z,2023-06-12T12:43:20.025536841Z,2023-06-06T15:58:38.532288276Z,794.5598,docker_cpu_usage_pct,bwa (DA71) (942),bwa (DA71) (942),2822953,942
,,0,2023-05-13T12:43:20.025536841Z,2023-06-12T12:43:20.025536841Z,2023-06-06T15:58:41.541030182Z,796.9301,docker_cpu_usage_pct,bwa (DA71) (942),bwa (DA71) (942),2822953,942
,,0,2023-05-13T12:43:20.025536841Z,2023-06-12T12:43:20.025536841Z,2023-06-06T15:58:44.545105112Z,793.8571,docker_cpu_usage_pct,bwa (DA71) (942),bwa (DA71) (942),2822953,942
,,0,2023-05-13T12:43:20.025536841Z,2023-06-12T12:43:20.025536841Z,2023-06-06T15:58:47.545004957Z,798.324,docker_cpu_usage_pct,bwa (DA71) (942),bwa (DA71) (942),2822953,942
,,0,2023-05-13T12:43:20.025536841Z,2023-06-12T12:43:20.025536841Z,2023-06-06T15:58:50.545053887Z,795.1368,docker_cpu_usage_pct,bwa (DA71) (942),bwa (DA71) (942),2822953,942
,,0,2023-05-13T12:43:20.025536841Z,2023-06-12T12:43:20.025536841Z,2023-06-06T15:58:53.545078574Z,794.6338,docker_cpu_usage_pct,bwa (DA71) (942),bwa (DA71) (942),2822953,942
,,0,2023-05-13T12:43:20.025536841Z,2023-06-12T12:43:20.025536841Z,2023-06-06T15:58:56.532088657Z,790.9734,docker_cpu_usage_pct,bwa (DA71) (942),bwa (DA71) (942),2822953,942
,,0,2023-05-13T12:43:20.025536841Z,2023-06-12T12:43:20.025536841Z,2023-06-06T15:58:58.531985673Z,280.1244,docker_cpu_usage_pct,bwa (DA71) (942),bwa (DA71) (942),2822953,942
,,0,2023-05-13T12:43:20.025536841Z,2023-06-12T12:43:20.025536841Z,2023-06-06T15:59:00.531661929Z,99.9411,docker_cpu_usage_pct,bwa (DA71) (942),bwa (DA71) (942),2822953,942
,,0,2023-05-13T12:43:20.025536841Z,2023-06-12T12:43:20.025536841Z,2023-06-06T15:59:03.531750292Z,99.4381,docker_cpu_usage_pct,bwa (DA71) (942),bwa (DA71) (942),2822953,942
,,0,2023-05-13T12:43:20.025536841Z,2023-06-12T12:43:20.025536841Z,2023-06-06T15:59:06.531867714Z,743.6457,docker_cpu_usage_pct,bwa (DA71) (942),bwa (DA71) (942),2822953,942
,,0,2023-05-13T12:43:20.025536841Z,2023-06-12T12:43:20.025536841Z,2023-06-06T15:59:09.531786767Z,774.9013,docker_cpu_usage_pct,bwa (DA71) (942),bwa (DA71) (942),2822953,942
,,0,2023-05-13T12:43:20.025536841Z,2023-06-12T12:43:20.025536841Z,2023-06-06T15:59:12.533235413Z,798.2306,docker_cpu_usage_pct,bwa (DA71) (942),bwa (DA71) (942),2822953,942
,,0,2023-05-13T12:43:20.025536841Z,2023-06-12T12:43:20.025536841Z,2023-06-06T15:59:14.533130482Z,800.7895,docker_cpu_usage_pct,bwa (DA71) (942),bwa (DA71) (942),2822953,942
,,0,2023-05-13T12:43:20.025536841Z,2023-06-12T12:43:20.025536841Z,2023-06-06T15:59:16.532925105Z,793.8606,docker_cpu_usage_pct,bwa (DA71) (942),bwa (DA71) (942),2822953,942
,,0,2023-05-13T12:43:20.025536841Z,2023-06-12T12:43:20.025536841Z,2023-06-06T15:59:18.545197192Z,799.6273,docker_cpu_usage_pct,bwa (DA71) (942),bwa (DA71) (942),2822953,942
,,0,2023-05-13T12:43:20.025536841Z,2023-06-12T12:43:20.025536841Z,2023-06-06T15:59:20.531806252Z,732.6459,docker_cpu_usage_pct,bwa (DA71) (942),bwa (DA71) (942),2822953,942
,,0,2023-05-13T12:43:20.025536841Z,2023-06-12T12:43:20.025536841Z,2023-06-06T15:59:23.53180346Z,768.3475,docker_cpu_usage_pct,bwa (DA71) (942),bwa (DA71) (942),2822953,942
,,0,2023-05-13T12:43:20.025536841Z,2023-06-12T12:43:20.025536841Z,2023-06-06T15:59:26.531891086Z,739.6633,docker_cpu_usage_pct,bwa (DA71) (942),bwa (DA71) (942),2822953,942
,,0,2023-05-13T12:43:20.025536841Z,2023-06-12T12:43:20.025536841Z,2023-06-06T15:59:29.531862913Z,743.4759,docker_cpu_usage_pct,bwa (DA71) (942),bwa (DA71) (942),2822953,942
,,0,2023-05-13T12:43:20.025536841Z,2023-06-12T12:43:20.025536841Z,2023-06-06T15:59:32.531768983Z,756.6816,docker_cpu_usage_pct,bwa (DA71) (942),bwa (DA71) (942),2822953,942
,,0,2023-05-13T12:43:20.025536841Z,2023-06-12T12:43:20.025536841Z,2023-06-06T15:59:35.531950166Z,767.2142,docker_cpu_usage_pct,bwa (DA71) (942),bwa (DA71) (942),2822953,942
,,0,2023-05-13T12:43:20.025536841Z,2023-06-12T12:43:20.025536841Z,2023-06-06T15:59:38.531828013Z,733.345,docker_cpu_usage_pct,bwa (DA71) (942),bwa (DA71) (942),2822953,942
,,0,2023-05-13T12:43:20.025536841Z,2023-06-12T12:43:20.025536841Z,2023-06-06T15:59:41.531748046Z,763.0734,docker_cpu_usage_pct,bwa (DA71) (942),bwa (DA71) (942),2822953,942
,,0,2023-05-13T12:43:20.025536841Z,2023-06-12T12:43:20.025536841Z,2023-06-06T15:59:44.531644551Z,727.3186,docker_cpu_usage_pct,bwa (DA71) (942),bwa (DA71) (942),2822953,942
,,0,2023-05-13T12:43:20.025536841Z,2023-06-12T12:43:20.025536841Z,2023-06-06T15:59:46.531722304Z,795.9197,docker_cpu_usage_pct,bwa (DA71) (942),bwa (DA71) (942),2822953,942
,,0,2023-05-13T12:43:20.025536841Z,2023-06-12T12:43:20.025536841Z,2023-06-06T15:59:49.537301068Z,799.2002,docker_cpu_usage_pct,bwa (DA71) (942),bwa (DA71) (942),2822953,942
,,0,2023-05-13T12:43:20.025536841Z,2023-06-12T12:43:20.025536841Z,2023-06-06T15:59:51.540984379Z,699.4815,docker_cpu_usage_pct,bwa (DA71) (942),bwa (DA71) (942),2822953,942
,,0,2023-05-13T12:43:20.025536841Z,2023-06-12T12:43:20.025536841Z,2023-06-06T15:59:54.531670994Z,623.634,docker_cpu_usage_pct,bwa (DA71) (942),bwa (DA71) (942),2822953,942
,,0,2023-05-13T12:43:20.025536841Z,2023-06-12T12:43:20.025536841Z,2023-06-06T15:59:57.531506195Z,311.467,docker_cpu_usage_pct,bwa (DA71) (942),bwa (DA71) (942),2822953,942
,,0,2023-05-13T12:43:20.025536841Z,2023-06-12T12:43:20.025536841Z,2023-06-06T15:59:59.534736935Z,100.4537,docker_cpu_usage_pct,bwa (DA71) (942),bwa (DA71) (942),2822953,942
,,0,2023-05-13T12:43:20.025536841Z,2023-06-12T12:43:20.025536841Z,2023-06-06T16:00:01.531764951Z,725.329,docker_cpu_usage_pct,bwa (DA71) (942),bwa (DA71) (942),2822953,942
,,0,2023-05-13T12:43:20.025536841Z,2023-06-12T12:43:20.025536841Z,2023-06-06T16:00:03.537369868Z,797.1504,docker_cpu_usage_pct,bwa (DA71) (942),bwa (DA71) (942),2822953,942
,,0,2023-05-13T12:43:20.025536841Z,2023-06-12T12:43:20.025536841Z,2023-06-06T16:00:06.545156601Z,773.2484,docker_cpu_usage_pct,bwa (DA71) (942),bwa (DA71) (942),2822953,942
,,0,2023-05-13T12:43:20.025536841Z,2023-06-12T12:43:20.025536841Z,2023-06-06T16:00:09.532053859Z,800.7862,docker_cpu_usage_pct,bwa (DA71) (942),bwa (DA71) (942),2822953,942
,,0,2023-05-13T12:43:20.025536841Z,2023-06-12T12:43:20.025536841Z,2023-06-06T16:00:11.540991867Z,798.1482,docker_cpu_usage_pct,bwa (DA71) (942),bwa (DA71) (942),2822953,942
,,0,2023-05-13T12:43:20.025536841Z,2023-06-12T12:43:20.025536841Z,2023-06-06T16:00:14.531723874Z,795.5374,docker_cpu_usage_pct,bwa (DA71) (942),bwa (DA71) (942),2822953,942
,,0,2023-05-13T12:43:20.025536841Z,2023-06-12T12:43:20.025536841Z,2023-06-06T16:00:16.532421519Z,797.1939,docker_cpu_usage_pct,bwa (DA71) (942),bwa (DA71) (942),2822953,942
,,0,2023-05-13T12:43:20.025536841Z,2023-06-12T12:43:20.025536841Z,2023-06-06T16:00:18.545047205Z,798.9804,docker_cpu_usage_pct,bwa (DA71) (942),bwa (DA71) (942),2822953,942
,,0,2023-05-13T12:43:20.025536841Z,2023-06-12T12:43:20.025536841Z,2023-06-06T16:00:21.545075828Z,793.1779,docker_cpu_usage_pct,bwa (DA71) (942),bwa (DA71) (942),2822953,942
,,0,2023-05-13T12:43:20.025536841Z,2023-06-12T12:43:20.025536841Z,2023-06-06T16:00:23.545092441Z,785.8869,docker_cpu_usage_pct,bwa (DA71) (942),bwa (DA71) (942),2822953,942
,,0,2023-05-13T12:43:20.025536841Z,2023-06-12T12:43:20.025536841Z,2023-06-06T16:00:26.531779944Z,791.0443,docker_cpu_usage_pct,bwa (DA71) (942),bwa (DA71) (942),2822953,942
,,0,2023-05-13T12:43:20.025536841Z,2023-06-12T12:43:20.025536841Z,2023-06-06T16:00:29.531875849Z,747.4646,docker_cpu_usage_pct,bwa (DA71) (942),bwa (DA71) (942),2822953,942
,,0,2023-05-13T12:43:20.025536841Z,2023-06-12T12:43:20.025536841Z,2023-06-06T16:00:32.531776497Z,764.8738,docker_cpu_usage_pct,bwa (DA71) (942),bwa (DA71) (942),2822953,942
,,0,2023-05-13T12:43:20.025536841Z,2023-06-12T12:43:20.025536841Z,2023-06-06T16:00:35.531851449Z,785.6301,docker_cpu_usage_pct,bwa (DA71) (942),bwa (DA71) (942),2822953,942
,,0,2023-05-13T12:43:20.025536841Z,2023-06-12T12:43:20.025536841Z,2023-06-06T16:00:37.531643145Z,800.4406,docker_cpu_usage_pct,bwa (DA71) (942),bwa (DA71) (942),2822953,942
,,0,2023-05-13T12:43:20.025536841Z,2023-06-12T12:43:20.025536841Z,2023-06-06T16:00:39.531695871Z,798.1629,docker_cpu_usage_pct,bwa (DA71) (942),bwa (DA71) (942),2822953,942
,,0,2023-05-13T12:43:20.025536841Z,2023-06-12T12:43:20.025536841Z,2023-06-06T16:00:42.541315092Z,771.7838,docker_cpu_usage_pct,bwa (DA71) (942),bwa (DA71) (942),2822953,942
,,0,2023-05-13T12:43:20.025536841Z,2023-06-12T12:43:20.025536841Z,2023-06-06T16:00:45.541431324Z,797.7275,docker_cpu_usage_pct,bwa (DA71) (942),bwa (DA71) (942),2822953,942
,,0,2023-05-13T12:43:20.025536841Z,2023-06-12T12:43:20.025536841Z,2023-06-06T16:00:48.537256013Z,787.4417,docker_cpu_usage_pct,bwa (DA71) (942),bwa (DA71) (942),2822953,942
,,0,2023-05-13T12:43:20.025536841Z,2023-06-12T12:43:20.025536841Z,2023-06-06T16:00:51.531647507Z,799.1265,docker_cpu_usage_pct,bwa (DA71) (942),bwa (DA71) (942),2822953,942
,,0,2023-05-13T12:43:20.025536841Z,2023-06-12T12:43:20.025536841Z,2023-06-06T16:00:54.531803951Z,795.9998,docker_cpu_usage_pct,bwa (DA71) (942),bwa (DA71) (942),2822953,942
,,0,2023-05-13T12:43:20.025536841Z,2023-06-12T12:43:20.025536841Z,2023-06-06T16:00:56.53241516Z,800.0487,docker_cpu_usage_pct,bwa (DA71) (942),bwa (DA71) (942),2822953,942
,,0,2023-05-13T12:43:20.025536841Z,2023-06-12T12:43:20.025536841Z,2023-06-06T16:00:58.548752347Z,796.3121,docker_cpu_usage_pct,bwa (DA71) (942),bwa (DA71) (942),2822953,942
,,0,2023-05-13T12:43:20.025536841Z,2023-06-12T12:43:20.025536841Z,2023-06-06T16:01:00.537280912Z,798.4296,docker_cpu_usage_pct,bwa (DA71) (942),bwa (DA71) (942),2822953,942
,,0,2023-05-13T12:43:20.025536841Z,2023-06-12T12:43:20.025536841Z,2023-06-06T16:01:03.531641878Z,769.42,docker_cpu_usage_pct,bwa (DA71) (942),bwa (DA71) (942),2822953,942
,,0,2023-05-13T12:43:20.025536841Z,2023-06-12T12:43:20.025536841Z,2023-06-06T16:01:05.533358413Z,608.3602,docker_cpu_usage_pct,bwa (DA71) (942),bwa (DA71) (942),2822953,942
,,0,2023-05-13T12:43:20.025536841Z,2023-06-12T12:43:20.025536841Z,2023-06-06T16:01:07.531575043Z,400.1627,docker_cpu_usage_pct,bwa (DA71) (942),bwa (DA71) (942),2822953,942
,,0,2023-05-13T12:43:20.025536841Z,2023-06-12T12:43:20.025536841Z,2023-06-06T16:01:09.533504524Z,200.1699,docker_cpu_usage_pct,bwa (DA71) (942),bwa (DA71) (942),2822953,942
,,0,2023-05-13T12:43:20.025536841Z,2023-06-12T12:43:20.025536841Z,2023-06-06T16:01:11.532195008Z,142.3844,docker_cpu_usage_pct,bwa (DA71) (942),bwa (DA71) (942),2822953,942
,,0,2023-05-13T12:43:20.025536841Z,2023-06-12T12:43:20.025536841Z,2023-06-06T16:01:14.532218601Z,639.3961,docker_cpu_usage_pct,bwa (DA71) (942),bwa (DA71) (942),2822953,942
,,0,2023-05-13T12:43:20.025536841Z,2023-06-12T12:43:20.025536841Z,2023-06-06T16:01:16.531852913Z,799.8642,docker_cpu_usage_pct,bwa (DA71) (942),bwa (DA71) (942),2822953,942
,,0,2023-05-13T12:43:20.025536841Z,2023-06-12T12:43:20.025536841Z,2023-06-06T16:01:18.531536426Z,802.5604,docker_cpu_usage_pct,bwa (DA71) (942),bwa (DA71) (942),2822953,942
,,0,2023-05-13T12:43:20.025536841Z,2023-06-12T12:43:20.025536841Z,2023-06-06T16:01:20.532436455Z,798.5122,docker_cpu_usage_pct,bwa (DA71) (942),bwa (DA71) (942),2822953,942
,,0,2023-05-13T12:43:20.025536841Z,2023-06-12T12:43:20.025536841Z,2023-06-06T16:01:22.532438717Z,798.4789,docker_cpu_usage_pct,bwa (DA71) (942),bwa (DA71) (942),2822953,942
,,0,2023-05-13T12:43:20.025536841Z,2023-06-12T12:43:20.025536841Z,2023-06-06T16:01:25.531752931Z,799.9009,docker_cpu_usage_pct,bwa (DA71) (942),bwa (DA71) (942),2822953,942
,,0,2023-05-13T12:43:20.025536841Z,2023-06-12T12:43:20.025536841Z,2023-06-06T16:01:28.545102195Z,767.4425,docker_cpu_usage_pct,bwa (DA71) (942),bwa (DA71) (942),2822953,942
,,0,2023-05-13T12:43:20.025536841Z,2023-06-12T12:43:20.025536841Z,2023-06-06T16:01:31.545132627Z,794.3948,docker_cpu_usage_pct,bwa (DA71) (942),bwa (DA71) (942),2822953,942
,,0,2023-05-13T12:43:20.025536841Z,2023-06-12T12:43:20.025536841Z,2023-06-06T16:01:34.541146959Z,794.6067,docker_cpu_usage_pct,bwa (DA71) (942),bwa (DA71) (942),2822953,942
,,0,2023-05-13T12:43:20.025536841Z,2023-06-12T12:43:20.025536841Z,2023-06-06T16:01:37.545099597Z,793.4319,docker_cpu_usage_pct,bwa (DA71) (942),bwa (DA71) (942),2822953,942
,,0,2023-05-13T12:43:20.025536841Z,2023-06-12T12:43:20.025536841Z,2023-06-06T16:01:40.545097026Z,798.3585,docker_cpu_usage_pct,bwa (DA71) (942),bwa (DA71) (942),2822953,942
,,0,2023-05-13T12:43:20.025536841Z,2023-06-12T12:43:20.025536841Z,2023-06-06T16:01:43.532968748Z,796.3724,docker_cpu_usage_pct,bwa (DA71) (942),bwa (DA71) (942),2822953,942
,,0,2023-05-13T12:43:20.025536841Z,2023-06-12T12:43:20.025536841Z,2023-06-06T16:01:46.531654712Z,799.5458,docker_cpu_usage_pct,bwa (DA71) (942),bwa (DA71) (942),2822953,942
,,0,2023-05-13T12:43:20.025536841Z,2023-06-12T12:43:20.025536841Z,2023-06-06T16:01:49.531611396Z,795.8828,docker_cpu_usage_pct,bwa (DA71) (942),bwa (DA71) (942),2822953,942
,,0,2023-05-13T12:43:20.025536841Z,2023-06-12T12:43:20.025536841Z,2023-06-06T16:01:51.541312418Z,799.8952,docker_cpu_usage_pct,bwa (DA71) (942),bwa (DA71) (942),2822953,942
,,0,2023-05-13T12:43:20.025536841Z,2023-06-12T12:43:20.025536841Z,2023-06-06T16:01:55.531769646Z,779.6219,docker_cpu_usage_pct,bwa (DA71) (942),bwa (DA71) (942),2822953,942
,,0,2023-05-13T12:43:20.025536841Z,2023-06-12T12:43:20.025536841Z,2023-06-06T16:01:58.531862368Z,797.0217,docker_cpu_usage_pct,bwa (DA71) (942),bwa (DA71) (942),2822953,942
,,0,2023-05-13T12:43:20.025536841Z,2023-06-12T12:43:20.025536841Z,2023-06-06T16:02:00.533175038Z,801.0346,docker_cpu_usage_pct,bwa (DA71) (942),bwa (DA71) (942),2822953,942
,,0,2023-05-13T12:43:20.025536841Z,2023-06-12T12:43:20.025536841Z,2023-06-06T16:02:03.53167249Z,440.1071,docker_cpu_usage_pct,bwa (DA71) (942),bwa (DA71) (942),2822953,942
,,0,2023-05-13T12:43:20.025536841Z,2023-06-12T12:43:20.025536841Z,2023-06-06T16:02:05.532474088Z,299.6998,docker_cpu_usage_pct,bwa (DA71) (942),bwa (DA71) (942),2822953,942
,,0,2023-05-13T12:43:20.025536841Z,2023-06-12T12:43:20.025536841Z,2023-06-06T16:02:07.532203062Z,199.7499,docker_cpu_usage_pct,bwa (DA71) (942),bwa (DA71) (942),2822953,942
,,0,2023-05-13T12:43:20.025536841Z,2023-06-12T12:43:20.025536841Z,2023-06-06T16:02:09.531894842Z,106.9271,docker_cpu_usage_pct,bwa (DA71) (942),bwa (DA71) (942),2822953,942
,,0,2023-05-13T12:43:20.025536841Z,2023-06-12T12:43:20.025536841Z,2023-06-06T16:02:11.531750755Z,797.8799,docker_cpu_usage_pct,bwa (DA71) (942),bwa (DA71) (942),2822953,942
,,0,2023-05-13T12:43:20.025536841Z,2023-06-12T12:43:20.025536841Z,2023-06-06T16:02:14.531713948Z,798.7669,docker_cpu_usage_pct,bwa (DA71) (942),bwa (DA71) (942),2822953,942
,,0,2023-05-13T12:43:20.025536841Z,2023-06-12T12:43:20.025536841Z,2023-06-06T16:02:17.531734993Z,782.4113,docker_cpu_usage_pct,bwa (DA71) (942),bwa (DA71) (942),2822953,942
,,0,2023-05-13T12:43:20.025536841Z,2023-06-12T12:43:20.025536841Z,2023-06-06T16:02:20.531566651Z,783.5754,docker_cpu_usage_pct,bwa (DA71) (942),bwa (DA71) (942),2822953,942
,,0,2023-05-13T12:43:20.025536841Z,2023-06-12T12:43:20.025536841Z,2023-06-06T16:02:22.532432542Z,798.1768,docker_cpu_usage_pct,bwa (DA71) (942),bwa (DA71) (942),2822953,942
,,0,2023-05-13T12:43:20.025536841Z,2023-06-12T12:43:20.025536841Z,2023-06-06T16:02:24.535304811Z,798.2937,docker_cpu_usage_pct,bwa (DA71) (942),bwa (DA71) (942),2822953,942
,,0,2023-05-13T12:43:20.025536841Z,2023-06-12T12:43:20.025536841Z,2023-06-06T16:02:27.531799628Z,796.3995,docker_cpu_usage_pct,bwa (DA71) (942),bwa (DA71) (942),2822953,942
,,0,2023-05-13T12:43:20.025536841Z,2023-06-12T12:43:20.025536841Z,2023-06-06T16:02:30.531583274Z,776.8592,docker_cpu_usage_pct,bwa (DA71) (942),bwa (DA71) (942),2822953,942
,,0,2023-05-13T12:43:20.025536841Z,2023-06-12T12:43:20.025536841Z,2023-06-06T16:02:33.545025378Z,790.0758,docker_cpu_usage_pct,bwa (DA71) (942),bwa (DA71) (942),2822953,942
,,0,2023-05-13T12:43:20.025536841Z,2023-06-12T12:43:20.025536841Z,2023-06-06T16:02:36.541449808Z,790.7505,docker_cpu_usage_pct,bwa (DA71) (942),bwa (DA71) (942),2822953,942
,,0,2023-05-13T12:43:20.025536841Z,2023-06-12T12:43:20.025536841Z,2023-06-06T16:02:40.531850962Z,797.7665,docker_cpu_usage_pct,bwa (DA71) (942),bwa (DA71) (942),2822953,942
,,0,2023-05-13T12:43:20.025536841Z,2023-06-12T12:43:20.025536841Z,2023-06-06T16:02:42.541304517Z,797.7306,docker_cpu_usage_pct,bwa (DA71) (942),bwa (DA71) (942),2822953,942
,,0,2023-05-13T12:43:20.025536841Z,2023-06-12T12:43:20.025536841Z,2023-06-06T16:02:45.533082017Z,793.049,docker_cpu_usage_pct,bwa (DA71) (942),bwa (DA71) (942),2822953,942
,,0,2023-05-13T12:43:20.025536841Z,2023-06-12T12:43:20.025536841Z,2023-06-06T16:02:49.531899918Z,798.2467,docker_cpu_usage_pct,bwa (DA71) (942),bwa (DA71) (942),2822953,942
,,0,2023-05-13T12:43:20.025536841Z,2023-06-12T12:43:20.025536841Z,2023-06-06T16:02:51.531583387Z,799.1815,docker_cpu_usage_pct,bwa (DA71) (942),bwa (DA71) (942),2822953,942
,,0,2023-05-13T12:43:20.025536841Z,2023-06-12T12:43:20.025536841Z,2023-06-06T16:02:53.534211643Z,799.4586,docker_cpu_usage_pct,bwa (DA71) (942),bwa (DA71) (942),2822953,942
,,0,2023-05-13T12:43:20.025536841Z,2023-06-12T12:43:20.025536841Z,2023-06-06T16:02:56.541356521Z,794.2831,docker_cpu_usage_pct,bwa (DA71) (942),bwa (DA71) (942),2822953,942
,,0,2023-05-13T12:43:20.025536841Z,2023-06-12T12:43:20.025536841Z,2023-06-06T16:02:59.533183163Z,794.2911,docker_cpu_usage_pct,bwa (DA71) (942),bwa (DA71) (942),2822953,942
,,0,2023-05-13T12:43:20.025536841Z,2023-06-12T12:43:20.025536841Z,2023-06-06T16:03:01.537052672Z,640.0276,docker_cpu_usage_pct,bwa (DA71) (942),bwa (DA71) (942),2822953,942
,,0,2023-05-13T12:43:20.025536841Z,2023-06-12T12:43:20.025536841Z,2023-06-06T16:03:03.536630825Z,289.7732,docker_cpu_usage_pct,bwa (DA71) (942),bwa (DA71) (942),2822953,942
,,0,2023-05-13T12:43:20.025536841Z,2023-06-12T12:43:20.025536841Z,2023-06-06T16:03:06.531486555Z,134.7381,docker_cpu_usage_pct,bwa (DA71) (942),bwa (DA71) (942),2822953,942
,,0,2023-05-13T12:43:20.025536841Z,2023-06-12T12:43:20.025536841Z,2023-06-06T16:03:08.532237484Z,625.5949,docker_cpu_usage_pct,bwa (DA71) (942),bwa (DA71) (942),2822953,942
,,0,2023-05-13T12:43:20.025536841Z,2023-06-12T12:43:20.025536841Z,2023-06-06T16:03:11.541217349Z,778.556,docker_cpu_usage_pct,bwa (DA71) (942),bwa (DA71) (942),2822953,942
,,0,2023-05-13T12:43:20.025536841Z,2023-06-12T12:43:20.025536841Z,2023-06-06T16:03:14.537312422Z,790.1164,docker_cpu_usage_pct,bwa (DA71) (942),bwa (DA71) (942),2822953,942
,,0,2023-05-13T12:43:20.025536841Z,2023-06-12T12:43:20.025536841Z,2023-06-06T16:03:17.541342825Z,797.3636,docker_cpu_usage_pct,bwa (DA71) (942),bwa (DA71) (942),2822953,942
,,0,2023-05-13T12:43:20.025536841Z,2023-06-12T12:43:20.025536841Z,2023-06-06T16:03:20.537341497Z,794.873,docker_cpu_usage_pct,bwa (DA71) (942),bwa (DA71) (942),2822953,942
,,0,2023-05-13T12:43:20.025536841Z,2023-06-12T12:43:20.025536841Z,2023-06-06T16:03:23.536784208Z,796.9338,docker_cpu_usage_pct,bwa (DA71) (942),bwa (DA71) (942),2822953,942
,,0,2023-05-13T12:43:20.025536841Z,2023-06-12T12:43:20.025536841Z,2023-06-06T16:03:26.531791497Z,793.5766,docker_cpu_usage_pct,bwa (DA71) (942),bwa (DA71) (942),2822953,942
,,0,2023-05-13T12:43:20.025536841Z,2023-06-12T12:43:20.025536841Z,2023-06-06T16:03:28.531397065Z,796.6546,docker_cpu_usage_pct,bwa (DA71) (942),bwa (DA71) (942),2822953,942
,,0,2023-05-13T12:43:20.025536841Z,2023-06-12T12:43:20.025536841Z,2023-06-06T16:03:30.532437464Z,791.9895,docker_cpu_usage_pct,bwa (DA71) (942),bwa (DA71) (942),2822953,942
,,0,2023-05-13T12:43:20.025536841Z,2023-06-12T12:43:20.025536841Z,2023-06-06T16:03:33.531638132Z,797.5215,docker_cpu_usage_pct,bwa (DA71) (942),bwa (DA71) (942),2822953,942
,,0,2023-05-13T12:43:20.025536841Z,2023-06-12T12:43:20.025536841Z,2023-06-06T16:03:36.54136636Z,783.8759,docker_cpu_usage_pct,bwa (DA71) (942),bwa (DA71) (942),2822953,942
,,0,2023-05-13T12:43:20.025536841Z,2023-06-12T12:43:20.025536841Z,2023-06-06T16:03:39.532212058Z,793.183,docker_cpu_usage_pct,bwa (DA71) (942),bwa (DA71) (942),2822953,942
,,0,2023-05-13T12:43:20.025536841Z,2023-06-12T12:43:20.025536841Z,2023-06-06T16:03:41.535140977Z,800.2254,docker_cpu_usage_pct,bwa (DA71) (942),bwa (DA71) (942),2822953,942
,,0,2023-05-13T12:43:20.025536841Z,2023-06-12T12:43:20.025536841Z,2023-06-06T16:03:43.531778007Z,795.7711,docker_cpu_usage_pct,bwa (DA71) (942),bwa (DA71) (942),2822953,942
,,0,2023-05-13T12:43:20.025536841Z,2023-06-12T12:43:20.025536841Z,2023-06-06T16:03:45.531483636Z,799.7687,docker_cpu_usage_pct,bwa (DA71) (942),bwa (DA71) (942),2822953,942
,,0,2023-05-13T12:43:20.025536841Z,2023-06-12T12:43:20.025536841Z,2023-06-06T16:03:48.531451956Z,793.932,docker_cpu_usage_pct,bwa (DA71) (942),bwa (DA71) (942),2822953,942
,,0,2023-05-13T12:43:20.025536841Z,2023-06-12T12:43:20.025536841Z,2023-06-06T16:03:50.53174315Z,798.2767,docker_cpu_usage_pct,bwa (DA71) (942),bwa (DA71) (942),2822953,942
,,0,2023-05-13T12:43:20.025536841Z,2023-06-12T12:43:20.025536841Z,2023-06-06T16:03:53.545068979Z,780.9899,docker_cpu_usage_pct,bwa (DA71) (942),bwa (DA71) (942),2822953,942
,,0,2023-05-13T12:43:20.025536841Z,2023-06-12T12:43:20.025536841Z,2023-06-06T16:03:56.541034262Z,788.5801,docker_cpu_usage_pct,bwa (DA71) (942),bwa (DA71) (942),2822953,942
,,0,2023-05-13T12:43:20.025536841Z,2023-06-12T12:43:20.025536841Z,2023-06-06T16:03:59.537335968Z,698.5792,docker_cpu_usage_pct,bwa (DA71) (942),bwa (DA71) (942),2822953,942
,,0,2023-05-13T12:43:20.025536841Z,2023-06-12T12:43:20.025536841Z,2023-06-06T16:04:01.541065489Z,641.1547,docker_cpu_usage_pct,bwa (DA71) (942),bwa (DA71) (942),2822953,942
,,0,2023-05-13T12:43:20.025536841Z,2023-06-12T12:43:20.025536841Z,2023-06-06T16:04:03.531573313Z,581.484,docker_cpu_usage_pct,bwa (DA71) (942),bwa (DA71) (942),2822953,942
,,0,2023-05-13T12:43:20.025536841Z,2023-06-12T12:43:20.025536841Z,2023-06-06T16:04:05.532423394Z,244.2893,docker_cpu_usage_pct,bwa (DA71) (942),bwa (DA71) (942),2822953,942
,,0,2023-05-13T12:43:20.025536841Z,2023-06-12T12:43:20.025536841Z,2023-06-06T16:04:08.531753019Z,300.5989,docker_cpu_usage_pct,bwa (DA71) (942),bwa (DA71) (942),2822953,942
,,0,2023-05-13T12:43:20.025536841Z,2023-06-12T12:43:20.025536841Z,2023-06-06T16:04:11.545137793Z,785.0768,docker_cpu_usage_pct,bwa (DA71) (942),bwa (DA71) (942),2822953,942
,,0,2023-05-13T12:43:20.025536841Z,2023-06-12T12:43:20.025536841Z,2023-06-06T16:04:14.533068888Z,792.0909,docker_cpu_usage_pct,bwa (DA71) (942),bwa (DA71) (942),2822953,942
,,0,2023-05-13T12:43:20.025536841Z,2023-06-12T12:43:20.025536841Z,2023-06-06T16:04:17.545142834Z,790.3095,docker_cpu_usage_pct,bwa (DA71) (942),bwa (DA71) (942),2822953,942
,,0,2023-05-13T12:43:20.025536841Z,2023-06-12T12:43:20.025536841Z,2023-06-06T16:04:20.545166247Z,796.4842,docker_cpu_usage_pct,bwa (DA71) (942),bwa (DA71) (942),2822953,942
,,0,2023-05-13T12:43:20.025536841Z,2023-06-12T12:43:20.025536841Z,2023-06-06T16:04:24.5450047Z,789.2794,docker_cpu_usage_pct,bwa (DA71) (942),bwa (DA71) (942),2822953,942
,,0,2023-05-13T12:43:20.025536841Z,2023-06-12T12:43:20.025536841Z,2023-06-06T16:04:27.541093032Z,774.9432,docker_cpu_usage_pct,bwa (DA71) (942),bwa (DA71) (942),2822953,942
,,0,2023-05-13T12:43:20.025536841Z,2023-06-12T12:43:20.025536841Z,2023-06-06T16:04:30.545080971Z,763.0307,docker_cpu_usage_pct,bwa (DA71) (942),bwa (DA71) (942),2822953,942
,,0,2023-05-13T12:43:20.025536841Z,2023-06-12T12:43:20.025536841Z,2023-06-06T16:04:33.541057171Z,795.9604,docker_cpu_usage_pct,bwa (DA71) (942),bwa (DA71) (942),2822953,942
,,0,2023-05-13T12:43:20.025536841Z,2023-06-12T12:43:20.025536841Z,2023-06-06T16:04:35.531697039Z,795.2212,docker_cpu_usage_pct,bwa (DA71) (942),bwa (DA71) (942),2822953,942
,,0,2023-05-13T12:43:20.025536841Z,2023-06-12T12:43:20.025536841Z,2023-06-06T16:04:37.53228576Z,796.2427,docker_cpu_usage_pct,bwa (DA71) (942),bwa (DA71) (942),2822953,942
,,0,2023-05-13T12:43:20.025536841Z,2023-06-12T12:43:20.025536841Z,2023-06-06T16:04:39.532015709Z,798.4547,docker_cpu_usage_pct,bwa (DA71) (942),bwa (DA71) (942),2822953,942
,,0,2023-05-13T12:43:20.025536841Z,2023-06-12T12:43:20.025536841Z,2023-06-06T16:04:42.54503687Z,790.2249,docker_cpu_usage_pct,bwa (DA71) (942),bwa (DA71) (942),2822953,942
,,0,2023-05-13T12:43:20.025536841Z,2023-06-12T12:43:20.025536841Z,2023-06-06T16:04:45.53303116Z,789.551,docker_cpu_usage_pct,bwa (DA71) (942),bwa (DA71) (942),2822953,942
,,0,2023-05-13T12:43:20.025536841Z,2023-06-12T12:43:20.025536841Z,2023-06-06T16:04:48.53194006Z,796.2975,docker_cpu_usage_pct,bwa (DA71) (942),bwa (DA71) (942),2822953,942
,,0,2023-05-13T12:43:20.025536841Z,2023-06-12T12:43:20.025536841Z,2023-06-06T16:04:51.531741696Z,794.6774,docker_cpu_usage_pct,bwa (DA71) (942),bwa (DA71) (942),2822953,942
,,0,2023-05-13T12:43:20.025536841Z,2023-06-12T12:43:20.025536841Z,2023-06-06T16:04:54.545108597Z,768.9454,docker_cpu_usage_pct,bwa (DA71) (942),bwa (DA71) (942),2822953,942
,,0,2023-05-13T12:43:20.025536841Z,2023-06-12T12:43:20.025536841Z,2023-06-06T16:04:57.545105768Z,787.0872,docker_cpu_usage_pct,bwa (DA71) (942),bwa (DA71) (942),2822953,942
,,0,2023-05-13T12:43:20.025536841Z,2023-06-12T12:43:20.025536841Z,2023-06-06T16:05:00.531802823Z,701.5673,docker_cpu_usage_pct,bwa (DA71) (942),bwa (DA71) (942),2822953,942
,,0,2023-05-13T12:43:20.025536841Z,2023-06-12T12:43:20.025536841Z,2023-06-06T16:05:02.531404386Z,522.9339,docker_cpu_usage_pct,bwa (DA71) (942),bwa (DA71) (942),2822953,942
,,0,2023-05-13T12:43:20.025536841Z,2023-06-12T12:43:20.025536841Z,2023-06-06T16:05:04.53220519Z,399.5239,docker_cpu_usage_pct,bwa (DA71) (942),bwa (DA71) (942),2822953,942
,,0,2023-05-13T12:43:20.025536841Z,2023-06-12T12:43:20.025536841Z,2023-06-06T16:05:06.531966894Z,355.8169,docker_cpu_usage_pct,bwa (DA71) (942),bwa (DA71) (942),2822953,942
,,0,2023-05-13T12:43:20.025536841Z,2023-06-12T12:43:20.025536841Z,2023-06-06T16:05:08.537017745Z,796.0724,docker_cpu_usage_pct,bwa (DA71) (942),bwa (DA71) (942),2822953,942
,,0,2023-05-13T12:43:20.025536841Z,2023-06-12T12:43:20.025536841Z,2023-06-06T16:05:12.54498911Z,773.4495,docker_cpu_usage_pct,bwa (DA71) (942),bwa (DA71) (942),2822953,942
,,0,2023-05-13T12:43:20.025536841Z,2023-06-12T12:43:20.025536841Z,2023-06-06T16:05:15.545165447Z,768.6587,docker_cpu_usage_pct,bwa (DA71) (942),bwa (DA71) (942),2822953,942
,,0,2023-05-13T12:43:20.025536841Z,2023-06-12T12:43:20.025536841Z,2023-06-06T16:05:18.545089954Z,794.6113,docker_cpu_usage_pct,bwa (DA71) (942),bwa (DA71) (942),2822953,942
,,0,2023-05-13T12:43:20.025536841Z,2023-06-12T12:43:20.025536841Z,2023-06-06T16:05:21.545039529Z,793.7696,docker_cpu_usage_pct,bwa (DA71) (942),bwa (DA71) (942),2822953,942
,,0,2023-05-13T12:43:20.025536841Z,2023-06-12T12:43:20.025536841Z,2023-06-06T16:05:24.531692965Z,795.2195,docker_cpu_usage_pct,bwa (DA71) (942),bwa (DA71) (942),2822953,942
,,0,2023-05-13T12:43:20.025536841Z,2023-06-12T12:43:20.025536841Z,2023-06-06T16:05:27.531552292Z,798.991,docker_cpu_usage_pct,bwa (DA71) (942),bwa (DA71) (942),2822953,942
,,0,2023-05-13T12:43:20.025536841Z,2023-06-12T12:43:20.025536841Z,2023-06-06T16:05:29.53235819Z,796.0657,docker_cpu_usage_pct,bwa (DA71) (942),bwa (DA71) (942),2822953,942
,,0,2023-05-13T12:43:20.025536841Z,2023-06-12T12:43:20.025536841Z,2023-06-06T16:05:31.532081807Z,800.322,docker_cpu_usage_pct,bwa (DA71) (942),bwa (DA71) (942),2822953,942
,,0,2023-05-13T12:43:20.025536841Z,2023-06-12T12:43:20.025536841Z,2023-06-06T16:05:33.531812755Z,799.555,docker_cpu_usage_pct,bwa (DA71) (942),bwa (DA71) (942),2822953,942
,,0,2023-05-13T12:43:20.025536841Z,2023-06-12T12:43:20.025536841Z,2023-06-06T16:05:36.531970622Z,790.6384,docker_cpu_usage_pct,bwa (DA71) (942),bwa (DA71) (942),2822953,942
,,0,2023-05-13T12:43:20.025536841Z,2023-06-12T12:43:20.025536841Z,2023-06-06T16:05:39.543112491Z,787.2602,docker_cpu_usage_pct,bwa (DA71) (942),bwa (DA71) (942),2822953,942
,,0,2023-05-13T12:43:20.025536841Z,2023-06-12T12:43:20.025536841Z,2023-06-06T16:05:42.545147021Z,794.4103,docker_cpu_usage_pct,bwa (DA71) (942),bwa (DA71) (942),2822953,942
,,0,2023-05-13T12:43:20.025536841Z,2023-06-12T12:43:20.025536841Z,2023-06-06T16:05:45.545094281Z,798.6309,docker_cpu_usage_pct,bwa (DA71) (942),bwa (DA71) (942),2822953,942
,,0,2023-05-13T12:43:20.025536841Z,2023-06-12T12:43:20.025536841Z,2023-06-06T16:05:48.545060329Z,791.304,docker_cpu_usage_pct,bwa (DA71) (942),bwa (DA71) (942),2822953,942
,,0,2023-05-13T12:43:20.025536841Z,2023-06-12T12:43:20.025536841Z,2023-06-06T16:05:51.545106815Z,793.9708,docker_cpu_usage_pct,bwa (DA71) (942),bwa (DA71) (942),2822953,942
,,0,2023-05-13T12:43:20.025536841Z,2023-06-12T12:43:20.025536841Z,2023-06-06T16:05:54.541333717Z,796.5952,docker_cpu_usage_pct,bwa (DA71) (942),bwa (DA71) (942),2822953,942
,,0,2023-05-13T12:43:20.025536841Z,2023-06-12T12:43:20.025536841Z,2023-06-06T16:05:57.541340132Z,797.523,docker_cpu_usage_pct,bwa (DA71) (942),bwa (DA71) (942),2822953,942
,,0,2023-05-13T12:43:20.025536841Z,2023-06-12T12:43:20.025536841Z,2023-06-06T16:06:00.541337484Z,795.4126,docker_cpu_usage_pct,bwa (DA71) (942),bwa (DA71) (942),2822953,942
,,0,2023-05-13T12:43:20.025536841Z,2023-06-12T12:43:20.025536841Z,2023-06-06T16:06:03.541126514Z,792.0894,docker_cpu_usage_pct,bwa (DA71) (942),bwa (DA71) (942),2822953,942
,,0,2023-05-13T12:43:20.025536841Z,2023-06-12T12:43:20.025536841Z,2023-06-06T16:06:06.531661119Z,597.6185,docker_cpu_usage_pct,bwa (DA71) (942),bwa (DA71) (942),2822953,942
,,0,2023-05-13T12:43:20.025536841Z,2023-06-12T12:43:20.025536841Z,2023-06-06T16:06:09.533240516Z,359.7462,docker_cpu_usage_pct,bwa (DA71) (942),bwa (DA71) (942),2822953,942
,,0,2023-05-13T12:43:20.025536841Z,2023-06-12T12:43:20.025536841Z,2023-06-06T16:06:11.53318306Z,170.7729,docker_cpu_usage_pct,bwa (DA71) (942),bwa (DA71) (942),2822953,942
,,0,2023-05-13T12:43:20.025536841Z,2023-06-12T12:43:20.025536841Z,2023-06-06T16:06:13.545133702Z,129.974,docker_cpu_usage_pct,bwa (DA71) (942),bwa (DA71) (942),2822953,942
,,0,2023-05-13T12:43:20.025536841Z,2023-06-12T12:43:20.025536841Z,2023-06-06T16:06:16.541275467Z,798.498,docker_cpu_usage_pct,bwa (DA71) (942),bwa (DA71) (942),2822953,942
,,0,2023-05-13T12:43:20.025536841Z,2023-06-12T12:43:20.025536841Z,2023-06-06T16:06:20.532337814Z,785.1073,docker_cpu_usage_pct,bwa (DA71) (942),bwa (DA71) (942),2822953,942
,,0,2023-05-13T12:43:20.025536841Z,2023-06-12T12:43:20.025536841Z,2023-06-06T16:06:22.531733341Z,796.7886,docker_cpu_usage_pct,bwa (DA71) (942),bwa (DA71) (942),2822953,942
,,0,2023-05-13T12:43:20.025536841Z,2023-06-12T12:43:20.025536841Z,2023-06-06T16:06:24.532345447Z,795.9296,docker_cpu_usage_pct,bwa (DA71) (942),bwa (DA71) (942),2822953,942
,,0,2023-05-13T12:43:20.025536841Z,2023-06-12T12:43:20.025536841Z,2023-06-06T16:06:26.532304393Z,799.271,docker_cpu_usage_pct,bwa (DA71) (942),bwa (DA71) (942),2822953,942
,,0,2023-05-13T12:43:20.025536841Z,2023-06-12T12:43:20.025536841Z,2023-06-06T16:06:28.531810686Z,799.101,docker_cpu_usage_pct,bwa (DA71) (942),bwa (DA71) (942),2822953,942
,,0,2023-05-13T12:43:20.025536841Z,2023-06-12T12:43:20.025536841Z,2023-06-06T16:06:30.531591217Z,798.6458,docker_cpu_usage_pct,bwa (DA71) (942),bwa (DA71) (942),2822953,942
,,0,2023-05-13T12:43:20.025536841Z,2023-06-12T12:43:20.025536841Z,2023-06-06T16:06:33.53727695Z,797.4561,docker_cpu_usage_pct,bwa (DA71) (942),bwa (DA71) (942),2822953,942
,,0,2023-05-13T12:43:20.025536841Z,2023-06-12T12:43:20.025536841Z,2023-06-06T16:06:36.541371666Z,793.166,docker_cpu_usage_pct,bwa (DA71) (942),bwa (DA71) (942),2822953,942
,,0,2023-05-13T12:43:20.025536841Z,2023-06-12T12:43:20.025536841Z,2023-06-06T16:06:39.537714422Z,795.7089,docker_cpu_usage_pct,bwa (DA71) (942),bwa (DA71) (942),2822953,942
,,0,2023-05-13T12:43:20.025536841Z,2023-06-12T12:43:20.025536841Z,2023-06-06T16:06:42.541284549Z,788.8662,docker_cpu_usage_pct,bwa (DA71) (942),bwa (DA71) (942),2822953,942
,,0,2023-05-13T12:43:20.025536841Z,2023-06-12T12:43:20.025536841Z,2023-06-06T16:06:45.531755516Z,797.8008,docker_cpu_usage_pct,bwa (DA71) (942),bwa (DA71) (942),2822953,942
,,0,2023-05-13T12:43:20.025536841Z,2023-06-12T12:43:20.025536841Z,2023-06-06T16:06:48.541300898Z,793.5002,docker_cpu_usage_pct,bwa (DA71) (942),bwa (DA71) (942),2822953,942
,,0,2023-05-13T12:43:20.025536841Z,2023-06-12T12:43:20.025536841Z,2023-06-06T16:06:51.537325378Z,796.7215,docker_cpu_usage_pct,bwa (DA71) (942),bwa (DA71) (942),2822953,942
,,0,2023-05-13T12:43:20.025536841Z,2023-06-12T12:43:20.025536841Z,2023-06-06T16:06:54.541311551Z,795.8972,docker_cpu_usage_pct,bwa (DA71) (942),bwa (DA71) (942),2822953,942
,,0,2023-05-13T12:43:20.025536841Z,2023-06-12T12:43:20.025536841Z,2023-06-06T16:06:57.541337632Z,799.871,docker_cpu_usage_pct,bwa (DA71) (942),bwa (DA71) (942),2822953,942
,,0,2023-05-13T12:43:20.025536841Z,2023-06-12T12:43:20.025536841Z,2023-06-06T16:07:00.531865176Z,792.6806,docker_cpu_usage_pct,bwa (DA71) (942),bwa (DA71) (942),2822953,942
,,0,2023-05-13T12:43:20.025536841Z,2023-06-12T12:43:20.025536841Z,2023-06-06T16:07:02.531464568Z,401.3959,docker_cpu_usage_pct,bwa (DA71) (942),bwa (DA71) (942),2822953,942
,,0,2023-05-13T12:43:20.025536841Z,2023-06-12T12:43:20.025536841Z,2023-06-06T16:07:04.532265738Z,299.9944,docker_cpu_usage_pct,bwa (DA71) (942),bwa (DA71) (942),2822953,942
,,0,2023-05-13T12:43:20.025536841Z,2023-06-12T12:43:20.025536841Z,2023-06-06T16:07:06.531921102Z,114.6352,docker_cpu_usage_pct,bwa (DA71) (942),bwa (DA71) (942),2822953,942
,,0,2023-05-13T12:43:20.025536841Z,2023-06-12T12:43:20.025536841Z,2023-06-06T16:07:08.531761911Z,99.6272,docker_cpu_usage_pct,bwa (DA71) (942),bwa (DA71) (942),2822953,942
,,0,2023-05-13T12:43:20.025536841Z,2023-06-12T12:43:20.025536841Z,2023-06-06T16:07:10.531383644Z,537.0945,docker_cpu_usage_pct,bwa (DA71) (942),bwa (DA71) (942),2822953,942
,,0,2023-05-13T12:43:20.025536841Z,2023-06-12T12:43:20.025536841Z,2023-06-06T16:07:12.532260455Z,799.0282,docker_cpu_usage_pct,bwa (DA71) (942),bwa (DA71) (942),2822953,942
,,0,2023-05-13T12:43:20.025536841Z,2023-06-12T12:43:20.025536841Z,2023-06-06T16:07:15.531628801Z,795.1427,docker_cpu_usage_pct,bwa (DA71) (942),bwa (DA71) (942),2822953,942
,,0,2023-05-13T12:43:20.025536841Z,2023-06-12T12:43:20.025536841Z,2023-06-06T16:07:17.545063554Z,797.0125,docker_cpu_usage_pct,bwa (DA71) (942),bwa (DA71) (942),2822953,942
,,0,2023-05-13T12:43:20.025536841Z,2023-06-12T12:43:20.025536841Z,2023-06-06T16:07:19.531728231Z,734.1301,docker_cpu_usage_pct,bwa (DA71) (942),bwa (DA71) (942),2822953,942
,,0,2023-05-13T12:43:20.025536841Z,2023-06-12T12:43:20.025536841Z,2023-06-06T16:07:22.531754538Z,774.2325,docker_cpu_usage_pct,bwa (DA71) (942),bwa (DA71) (942),2822953,942
,,0,2023-05-13T12:43:20.025536841Z,2023-06-12T12:43:20.025536841Z,2023-06-06T16:07:25.531670692Z,756.6161,docker_cpu_usage_pct,bwa (DA71) (942),bwa (DA71) (942),2822953,942
,,0,2023-05-13T12:43:20.025536841Z,2023-06-12T12:43:20.025536841Z,2023-06-06T16:07:28.531700233Z,767.6871,docker_cpu_usage_pct,bwa (DA71) (942),bwa (DA71) (942),2822953,942
,,0,2023-05-13T12:43:20.025536841Z,2023-06-12T12:43:20.025536841Z,2023-06-06T16:07:31.531649732Z,769.0687,docker_cpu_usage_pct,bwa (DA71) (942),bwa (DA71) (942),2822953,942
,,0,2023-05-13T12:43:20.025536841Z,2023-06-12T12:43:20.025536841Z,2023-06-06T16:07:34.531774968Z,765.5128,docker_cpu_usage_pct,bwa (DA71) (942),bwa (DA71) (942),2822953,942
,,0,2023-05-13T12:43:20.025536841Z,2023-06-12T12:43:20.025536841Z,2023-06-06T16:07:37.541046684Z,751.5504,docker_cpu_usage_pct,bwa (DA71) (942),bwa (DA71) (942),2822953,942
,,0,2023-05-13T12:43:20.025536841Z,2023-06-12T12:43:20.025536841Z,2023-06-06T16:07:40.531583048Z,745.584,docker_cpu_usage_pct,bwa (DA71) (942),bwa (DA71) (942),2822953,942
,,0,2023-05-13T12:43:20.025536841Z,2023-06-12T12:43:20.025536841Z,2023-06-06T16:07:44.537292404Z,699.9317,docker_cpu_usage_pct,bwa (DA71) (942),bwa (DA71) (942),2822953,942
,,0,2023-05-13T12:43:20.025536841Z,2023-06-12T12:43:20.025536841Z,2023-06-06T16:07:46.531757804Z,775.1461,docker_cpu_usage_pct,bwa (DA71) (942),bwa (DA71) (942),2822953,942
,,0,2023-05-13T12:43:20.025536841Z,2023-06-12T12:43:20.025536841Z,2023-06-06T16:07:49.537261715Z,781.3462,docker_cpu_usage_pct,bwa (DA71) (942),bwa (DA71) (942),2822953,942
,,0,2023-05-13T12:43:20.025536841Z,2023-06-12T12:43:20.025536841Z,2023-06-06T16:07:52.531709456Z,788.4651,docker_cpu_usage_pct,bwa (DA71) (942),bwa (DA71) (942),2822953,942
,,0,2023-05-13T12:43:20.025536841Z,2023-06-12T12:43:20.025536841Z,2023-06-06T16:07:54.531396919Z,797.3709,docker_cpu_usage_pct,bwa (DA71) (942),bwa (DA71) (942),2822953,942
,,0,2023-05-13T12:43:20.025536841Z,2023-06-12T12:43:20.025536841Z,2023-06-06T16:07:56.532147835Z,801.6447,docker_cpu_usage_pct,bwa (DA71) (942),bwa (DA71) (942),2822953,942
,,0,2023-05-13T12:43:20.025536841Z,2023-06-12T12:43:20.025536841Z,2023-06-06T16:07:58.541042488Z,793.2888,docker_cpu_usage_pct,bwa (DA71) (942),bwa (DA71) (942),2822953,942
,,0,2023-05-13T12:43:20.025536841Z,2023-06-12T12:43:20.025536841Z,2023-06-06T16:08:01.545070934Z,800.3215,docker_cpu_usage_pct,bwa (DA71) (942),bwa (DA71) (942),2822953,942
,,0,2023-05-13T12:43:20.025536841Z,2023-06-12T12:43:20.025536841Z,2023-06-06T16:08:04.531618166Z,698.6092,docker_cpu_usage_pct,bwa (DA71) (942),bwa (DA71) (942),2822953,942
,,0,2023-05-13T12:43:20.025536841Z,2023-06-12T12:43:20.025536841Z,2023-06-06T16:08:07.531661735Z,325.6988,docker_cpu_usage_pct,bwa (DA71) (942),bwa (DA71) (942),2822953,942
,,0,2023-05-13T12:43:20.025536841Z,2023-06-12T12:43:20.025536841Z,2023-06-06T16:08:09.541326001Z,184.9158,docker_cpu_usage_pct,bwa (DA71) (942),bwa (DA71) (942),2822953,942
,,0,2023-05-13T12:43:20.025536841Z,2023-06-12T12:43:20.025536841Z,2023-06-06T16:08:12.531698316Z,792.7657,docker_cpu_usage_pct,bwa (DA71) (942),bwa (DA71) (942),2822953,942
,,0,2023-05-13T12:43:20.025536841Z,2023-06-12T12:43:20.025536841Z,2023-06-06T16:08:16.537258325Z,776.3125,docker_cpu_usage_pct,bwa (DA71) (942),bwa (DA71) (942),2822953,942
,,0,2023-05-13T12:43:20.025536841Z,2023-06-12T12:43:20.025536841Z,2023-06-06T16:08:19.531872791Z,791.2605,docker_cpu_usage_pct,bwa (DA71) (942),bwa (DA71) (942),2822953,942
,,0,2023-05-13T12:43:20.025536841Z,2023-06-12T12:43:20.025536841Z,2023-06-06T16:08:22.531781804Z,790.93,docker_cpu_usage_pct,bwa (DA71) (942),bwa (DA71) (942),2822953,942
,,0,2023-05-13T12:43:20.025536841Z,2023-06-12T12:43:20.025536841Z,2023-06-06T16:08:25.54123122Z,795.7438,docker_cpu_usage_pct,bwa (DA71) (942),bwa (DA71) (942),2822953,942
,,0,2023-05-13T12:43:20.025536841Z,2023-06-12T12:43:20.025536841Z,2023-06-06T16:08:28.537274949Z,791.6218,docker_cpu_usage_pct,bwa (DA71) (942),bwa (DA71) (942),2822953,942
,,0,2023-05-13T12:43:20.025536841Z,2023-06-12T12:43:20.025536841Z,2023-06-06T16:08:31.541254909Z,798.2251,docker_cpu_usage_pct,bwa (DA71) (942),bwa (DA71) (942),2822953,942
,,0,2023-05-13T12:43:20.025536841Z,2023-06-12T12:43:20.025536841Z,2023-06-06T16:08:34.5452828Z,799.0824,docker_cpu_usage_pct,bwa (DA71) (942),bwa (DA71) (942),2822953,942
,,0,2023-05-13T12:43:20.025536841Z,2023-06-12T12:43:20.025536841Z,2023-06-06T16:08:37.541254353Z,794.6208,docker_cpu_usage_pct,bwa (DA71) (942),bwa (DA71) (942),2822953,942
,,0,2023-05-13T12:43:20.025536841Z,2023-06-12T12:43:20.025536841Z,2023-06-06T16:08:40.531694269Z,797.2098,docker_cpu_usage_pct,bwa (DA71) (942),bwa (DA71) (942),2822953,942
,,0,2023-05-13T12:43:20.025536841Z,2023-06-12T12:43:20.025536841Z,2023-06-06T16:08:42.531540774Z,800.7995,docker_cpu_usage_pct,bwa (DA71) (942),bwa (DA71) (942),2822953,942
,,0,2023-05-13T12:43:20.025536841Z,2023-06-12T12:43:20.025536841Z,2023-06-06T16:08:45.537072291Z,799.2067,docker_cpu_usage_pct,bwa (DA71) (942),bwa (DA71) (942),2822953,942
,,0,2023-05-13T12:43:20.025536841Z,2023-06-12T12:43:20.025536841Z,2023-06-06T16:08:47.53322674Z,797.4672,docker_cpu_usage_pct,bwa (DA71) (942),bwa (DA71) (942),2822953,942
,,0,2023-05-13T12:43:20.025536841Z,2023-06-12T12:43:20.025536841Z,2023-06-06T16:08:49.533172387Z,796.1151,docker_cpu_usage_pct,bwa (DA71) (942),bwa (DA71) (942),2822953,942
,,0,2023-05-13T12:43:20.025536841Z,2023-06-12T12:43:20.025536841Z,2023-06-06T16:08:52.531593001Z,795.0623,docker_cpu_usage_pct,bwa (DA71) (942),bwa (DA71) (942),2822953,942
,,0,2023-05-13T12:43:20.025536841Z,2023-06-12T12:43:20.025536841Z,2023-06-06T16:08:55.537344446Z,776.219,docker_cpu_usage_pct,bwa (DA71) (942),bwa (DA71) (942),2822953,942
,,0,2023-05-13T12:43:20.025536841Z,2023-06-12T12:43:20.025536841Z,2023-06-06T16:08:58.545156075Z,792.2687,docker_cpu_usage_pct,bwa (DA71) (942),bwa (DA71) (942),2822953,942
,,0,2023-05-13T12:43:20.025536841Z,2023-06-12T12:43:20.025536841Z,2023-06-06T16:09:01.532239171Z,620.1628,docker_cpu_usage_pct,bwa (DA71) (942),bwa (DA71) (942),2822953,942
,,0,2023-05-13T12:43:20.025536841Z,2023-06-12T12:43:20.025536841Z,2023-06-06T16:09:03.531974458Z,435.5806,docker_cpu_usage_pct,bwa (DA71) (942),bwa (DA71) (942),2822953,942
,,0,2023-05-13T12:43:20.025536841Z,2023-06-12T12:43:20.025536841Z,2023-06-06T16:09:05.531672932Z,160.9016,docker_cpu_usage_pct,bwa (DA71) (942),bwa (DA71) (942),2822953,942
,,0,2023-05-13T12:43:20.025536841Z,2023-06-12T12:43:20.025536841Z,2023-06-06T16:09:07.536980882Z,794.0646,docker_cpu_usage_pct,bwa (DA71) (942),bwa (DA71) (942),2822953,942
,,0,2023-05-13T12:43:20.025536841Z,2023-06-12T12:43:20.025536841Z,2023-06-06T16:09:11.541057768Z,792.8819,docker_cpu_usage_pct,bwa (DA71) (942),bwa (DA71) (942),2822953,942
,,0,2023-05-13T12:43:20.025536841Z,2023-06-12T12:43:20.025536841Z,2023-06-06T16:09:14.531638812Z,797.1328,docker_cpu_usage_pct,bwa (DA71) (942),bwa (DA71) (942),2822953,942
,,0,2023-05-13T12:43:20.025536841Z,2023-06-12T12:43:20.025536841Z,2023-06-06T16:09:16.536987359Z,795.6652,docker_cpu_usage_pct,bwa (DA71) (942),bwa (DA71) (942),2822953,942
,,0,2023-05-13T12:43:20.025536841Z,2023-06-12T12:43:20.025536841Z,2023-06-06T16:09:19.531753666Z,799.4065,docker_cpu_usage_pct,bwa (DA71) (942),bwa (DA71) (942),2822953,942
,,0,2023-05-13T12:43:20.025536841Z,2023-06-12T12:43:20.025536841Z,2023-06-06T16:09:21.532060301Z,799.0335,docker_cpu_usage_pct,bwa (DA71) (942),bwa (DA71) (942),2822953,942
,,0,2023-05-13T12:43:20.025536841Z,2023-06-12T12:43:20.025536841Z,2023-06-06T16:09:23.532416646Z,797.8628,docker_cpu_usage_pct,bwa (DA71) (942),bwa (DA71) (942),2822953,942
,,0,2023-05-13T12:43:20.025536841Z,2023-06-12T12:43:20.025536841Z,2023-06-06T16:09:25.53220692Z,800.6732,docker_cpu_usage_pct,bwa (DA71) (942),bwa (DA71) (942),2822953,942
,,0,2023-05-13T12:43:20.025536841Z,2023-06-12T12:43:20.025536841Z,2023-06-06T16:09:27.534549703Z,792.9722,docker_cpu_usage_pct,bwa (DA71) (942),bwa (DA71) (942),2822953,942
,,0,2023-05-13T12:43:20.025536841Z,2023-06-12T12:43:20.025536841Z,2023-06-06T16:09:29.532494843Z,798.103,docker_cpu_usage_pct,bwa (DA71) (942),bwa (DA71) (942),2822953,942
,,0,2023-05-13T12:43:20.025536841Z,2023-06-12T12:43:20.025536841Z,2023-06-06T16:09:31.533227409Z,797.3786,docker_cpu_usage_pct,bwa (DA71) (942),bwa (DA71) (942),2822953,942
,,0,2023-05-13T12:43:20.025536841Z,2023-06-12T12:43:20.025536841Z,2023-06-06T16:09:34.541163131Z,797.721,docker_cpu_usage_pct,bwa (DA71) (942),bwa (DA71) (942),2822953,942
,,0,2023-05-13T12:43:20.025536841Z,2023-06-12T12:43:20.025536841Z,2023-06-06T16:09:37.545091353Z,776.4298,docker_cpu_usage_pct,bwa (DA71) (942),bwa (DA71) (942),2822953,942
,,0,2023-05-13T12:43:20.025536841Z,2023-06-12T12:43:20.025536841Z,2023-06-06T16:09:39.532122092Z,796.0207,docker_cpu_usage_pct,bwa (DA71) (942),bwa (DA71) (942),2822953,942
,,0,2023-05-13T12:43:20.025536841Z,2023-06-12T12:43:20.025536841Z,2023-06-06T16:09:41.531655267Z,798.6401,docker_cpu_usage_pct,bwa (DA71) (942),bwa (DA71) (942),2822953,942
,,0,2023-05-13T12:43:20.025536841Z,2023-06-12T12:43:20.025536841Z,2023-06-06T16:09:44.541201266Z,763.3366,docker_cpu_usage_pct,bwa (DA71) (942),bwa (DA71) (942),2822953,942
,,0,2023-05-13T12:43:20.025536841Z,2023-06-12T12:43:20.025536841Z,2023-06-06T16:09:47.541340411Z,800.8471,docker_cpu_usage_pct,bwa (DA71) (942),bwa (DA71) (942),2822953,942
,,0,2023-05-13T12:43:20.025536841Z,2023-06-12T12:43:20.025536841Z,2023-06-06T16:09:50.541252196Z,772.426,docker_cpu_usage_pct,bwa (DA71) (942),bwa (DA71) (942),2822953,942
,,0,2023-05-13T12:43:20.025536841Z,2023-06-12T12:43:20.025536841Z,2023-06-06T16:09:53.541307561Z,793.113,docker_cpu_usage_pct,bwa (DA71) (942),bwa (DA71) (942),2822953,942
,,0,2023-05-13T12:43:20.025536841Z,2023-06-12T12:43:20.025536841Z,2023-06-06T16:09:56.541394313Z,790.3434,docker_cpu_usage_pct,bwa (DA71) (942),bwa (DA71) (942),2822953,942
,,0,2023-05-13T12:43:20.025536841Z,2023-06-12T12:43:20.025536841Z,2023-06-06T16:09:59.532247186Z,680.2331,docker_cpu_usage_pct,bwa (DA71) (942),bwa (DA71) (942),2822953,942
,,0,2023-05-13T12:43:20.025536841Z,2023-06-12T12:43:20.025536841Z,2023-06-06T16:10:01.541270987Z,199.6502,docker_cpu_usage_pct,bwa (DA71) (942),bwa (DA71) (942),2822953,942
,,0,2023-05-13T12:43:20.025536841Z,2023-06-12T12:43:20.025536841Z,2023-06-06T16:10:03.537286079Z,123.3954,docker_cpu_usage_pct,bwa (DA71) (942),bwa (DA71) (942),2822953,942
,,0,2023-05-13T12:43:20.025536841Z,2023-06-12T12:43:20.025536841Z,2023-06-06T16:10:06.541348032Z,781.1259,docker_cpu_usage_pct,bwa (DA71) (942),bwa (DA71) (942),2822953,942
,,0,2023-05-13T12:43:20.025536841Z,2023-06-12T12:43:20.025536841Z,2023-06-06T16:10:09.541260907Z,782.533,docker_cpu_usage_pct,bwa (DA71) (942),bwa (DA71) (942),2822953,942
,,0,2023-05-13T12:43:20.025536841Z,2023-06-12T12:43:20.025536841Z,2023-06-06T16:10:12.541334103Z,788.7352,docker_cpu_usage_pct,bwa (DA71) (942),bwa (DA71) (942),2822953,942
,,0,2023-05-13T12:43:20.025536841Z,2023-06-12T12:43:20.025536841Z,2023-06-06T16:10:15.541297522Z,785.1841,docker_cpu_usage_pct,bwa (DA71) (942),bwa (DA71) (942),2822953,942
,,0,2023-05-13T12:43:20.025536841Z,2023-06-12T12:43:20.025536841Z,2023-06-06T16:10:18.531665448Z,795.1753,docker_cpu_usage_pct,bwa (DA71) (942),bwa (DA71) (942),2822953,942
,,0,2023-05-13T12:43:20.025536841Z,2023-06-12T12:43:20.025536841Z,2023-06-06T16:10:20.531420679Z,795.8672,docker_cpu_usage_pct,bwa (DA71) (942),bwa (DA71) (942),2822953,942
,,0,2023-05-13T12:43:20.025536841Z,2023-06-12T12:43:20.025536841Z,2023-06-06T16:10:22.532414286Z,800.4242,docker_cpu_usage_pct,bwa (DA71) (942),bwa (DA71) (942),2822953,942
,,0,2023-05-13T12:43:20.025536841Z,2023-06-12T12:43:20.025536841Z,2023-06-06T16:10:24.531749347Z,797.7344,docker_cpu_usage_pct,bwa (DA71) (942),bwa (DA71) (942),2822953,942
,,0,2023-05-13T12:43:20.025536841Z,2023-06-12T12:43:20.025536841Z,2023-06-06T16:10:26.539218045Z,801.1107,docker_cpu_usage_pct,bwa (DA71) (942),bwa (DA71) (942),2822953,942
,,0,2023-05-13T12:43:20.025536841Z,2023-06-12T12:43:20.025536841Z,2023-06-06T16:10:28.541316617Z,797.7557,docker_cpu_usage_pct,bwa (DA71) (942),bwa (DA71) (942),2822953,942
,,0,2023-05-13T12:43:20.025536841Z,2023-06-12T12:43:20.025536841Z,2023-06-06T16:10:30.533456448Z,800.611,docker_cpu_usage_pct,bwa (DA71) (942),bwa (DA71) (942),2822953,942
,,0,2023-05-13T12:43:20.025536841Z,2023-06-12T12:43:20.025536841Z,2023-06-06T16:10:33.541160946Z,798.4118,docker_cpu_usage_pct,bwa (DA71) (942),bwa (DA71) (942),2822953,942
,,0,2023-05-13T12:43:20.025536841Z,2023-06-12T12:43:20.025536841Z,2023-06-06T16:10:35.545103201Z,780.0438,docker_cpu_usage_pct,bwa (DA71) (942),bwa (DA71) (942),2822953,942
,,0,2023-05-13T12:43:20.025536841Z,2023-06-12T12:43:20.025536841Z,2023-06-06T16:10:37.541299724Z,770.6966,docker_cpu_usage_pct,bwa (DA71) (942),bwa (DA71) (942),2822953,942
,,0,2023-05-13T12:43:20.025536841Z,2023-06-12T12:43:20.025536841Z,2023-06-06T16:10:41.541199782Z,764.9087,docker_cpu_usage_pct,bwa (DA71) (942),bwa (DA71) (942),2822953,942
,,0,2023-05-13T12:43:20.025536841Z,2023-06-12T12:43:20.025536841Z,2023-06-06T16:10:44.541225518Z,762.1559,docker_cpu_usage_pct,bwa (DA71) (942),bwa (DA71) (942),2822953,942
,,0,2023-05-13T12:43:20.025536841Z,2023-06-12T12:43:20.025536841Z,2023-06-06T16:10:47.541197046Z,774.6855,docker_cpu_usage_pct,bwa (DA71) (942),bwa (DA71) (942),2822953,942
,,0,2023-05-13T12:43:20.025536841Z,2023-06-12T12:43:20.025536841Z,2023-06-06T16:10:50.533275436Z,767.89,docker_cpu_usage_pct,bwa (DA71) (942),bwa (DA71) (942),2822953,942
,,0,2023-05-13T12:43:20.025536841Z,2023-06-12T12:43:20.025536841Z,2023-06-06T16:10:53.545112835Z,782.5395,docker_cpu_usage_pct,bwa (DA71) (942),bwa (DA71) (942),2822953,942
,,0,2023-05-13T12:43:20.025536841Z,2023-06-12T12:43:20.025536841Z,2023-06-06T16:10:56.531873684Z,768.0239,docker_cpu_usage_pct,bwa (DA71) (942),bwa (DA71) (942),2822953,942
,,0,2023-05-13T12:43:20.025536841Z,2023-06-12T12:43:20.025536841Z,2023-06-06T16:10:59.531812049Z,736.9099,docker_cpu_usage_pct,bwa (DA71) (942),bwa (DA71) (942),2822953,942
,,0,2023-05-13T12:43:20.025536841Z,2023-06-12T12:43:20.025536841Z,2023-06-06T16:11:00.536867837Z,597.0428,docker_cpu_usage_pct,bwa (DA71) (942),bwa (DA71) (942),2822953,942
,,0,2023-05-13T12:43:20.025536841Z,2023-06-12T12:43:20.025536841Z,2023-06-06T16:11:02.531617975Z,326.6026,docker_cpu_usage_pct,bwa (DA71) (942),bwa (DA71) (942),2822953,942
,,0,2023-05-13T12:43:20.025536841Z,2023-06-12T12:43:20.025536841Z,2023-06-06T16:11:04.53235138Z,118.4631,docker_cpu_usage_pct,bwa (DA71) (942),bwa (DA71) (942),2822953,942
,,0,2023-05-13T12:43:20.025536841Z,2023-06-12T12:43:20.025536841Z,2023-06-06T16:11:06.532138902Z,614.9949,docker_cpu_usage_pct,bwa (DA71) (942),bwa (DA71) (942),2822953,942
,,0,2023-05-13T12:43:20.025536841Z,2023-06-12T12:43:20.025536841Z,2023-06-06T16:11:09.545011319Z,789.7036,docker_cpu_usage_pct,bwa (DA71) (942),bwa (DA71) (942),2822953,942
,,0,2023-05-13T12:43:20.025536841Z,2023-06-12T12:43:20.025536841Z,2023-06-06T16:11:12.541139023Z,790.3109,docker_cpu_usage_pct,bwa (DA71) (942),bwa (DA71) (942),2822953,942
,,0,2023-05-13T12:43:20.025536841Z,2023-06-12T12:43:20.025536841Z,2023-06-06T16:11:15.532023512Z,804.1422,docker_cpu_usage_pct,bwa (DA71) (942),bwa (DA71) (942),2822953,942
,,0,2023-05-13T12:43:20.025536841Z,2023-06-12T12:43:20.025536841Z,2023-06-06T16:11:17.531852869Z,799.1644,docker_cpu_usage_pct,bwa (DA71) (942),bwa (DA71) (942),2822953,942
,,0,2023-05-13T12:43:20.025536841Z,2023-06-12T12:43:20.025536841Z,2023-06-06T16:11:19.531845847Z,798.2392,docker_cpu_usage_pct,bwa (DA71) (942),bwa (DA71) (942),2822953,942
,,0,2023-05-13T12:43:20.025536841Z,2023-06-12T12:43:20.025536841Z,2023-06-06T16:11:22.541074598Z,762.0661,docker_cpu_usage_pct,bwa (DA71) (942),bwa (DA71) (942),2822953,942
,,0,2023-05-13T12:43:20.025536841Z,2023-06-12T12:43:20.025536841Z,2023-06-06T16:11:25.541103727Z,796.1376,docker_cpu_usage_pct,bwa (DA71) (942),bwa (DA71) (942),2822953,942
,,0,2023-05-13T12:43:20.025536841Z,2023-06-12T12:43:20.025536841Z,2023-06-06T16:11:28.541318314Z,792.9658,docker_cpu_usage_pct,bwa (DA71) (942),bwa (DA71) (942),2822953,942
,,0,2023-05-13T12:43:20.025536841Z,2023-06-12T12:43:20.025536841Z,2023-06-06T16:11:31.541286598Z,797.2874,docker_cpu_usage_pct,bwa (DA71) (942),bwa (DA71) (942),2822953,942
,,0,2023-05-13T12:43:20.025536841Z,2023-06-12T12:43:20.025536841Z,2023-06-06T16:11:34.531615305Z,796.6044,docker_cpu_usage_pct,bwa (DA71) (942),bwa (DA71) (942),2822953,942
,,0,2023-05-13T12:43:20.025536841Z,2023-06-12T12:43:20.025536841Z,2023-06-06T16:11:36.537286316Z,797.4973,docker_cpu_usage_pct,bwa (DA71) (942),bwa (DA71) (942),2822953,942
,,0,2023-05-13T12:43:20.025536841Z,2023-06-12T12:43:20.025536841Z,2023-06-06T16:11:38.53198045Z,797.553,docker_cpu_usage_pct,bwa (DA71) (942),bwa (DA71) (942),2822953,942
,,0,2023-05-13T12:43:20.025536841Z,2023-06-12T12:43:20.025536841Z,2023-06-06T16:11:40.53164057Z,799.2769,docker_cpu_usage_pct,bwa (DA71) (942),bwa (DA71) (942),2822953,942
,,0,2023-05-13T12:43:20.025536841Z,2023-06-12T12:43:20.025536841Z,2023-06-06T16:11:42.545154141Z,796.3279,docker_cpu_usage_pct,bwa (DA71) (942),bwa (DA71) (942),2822953,942
,,0,2023-05-13T12:43:20.025536841Z,2023-06-12T12:43:20.025536841Z,2023-06-06T16:11:46.531700319Z,798.9109,docker_cpu_usage_pct,bwa (DA71) (942),bwa (DA71) (942),2822953,942
,,0,2023-05-13T12:43:20.025536841Z,2023-06-12T12:43:20.025536841Z,2023-06-06T16:11:48.531354722Z,798.0602,docker_cpu_usage_pct,bwa (DA71) (942),bwa (DA71) (942),2822953,942
,,0,2023-05-13T12:43:20.025536841Z,2023-06-12T12:43:20.025536841Z,2023-06-06T16:11:50.545143445Z,799.0423,docker_cpu_usage_pct,bwa (DA71) (942),bwa (DA71) (942),2822953,942
,,0,2023-05-13T12:43:20.025536841Z,2023-06-12T12:43:20.025536841Z,2023-06-06T16:11:53.531654902Z,663.5629,docker_cpu_usage_pct,bwa (DA71) (942),bwa (DA71) (942),2822953,942
,,0,2023-05-13T12:43:20.025536841Z,2023-06-12T12:43:20.025536841Z,2023-06-06T16:11:55.537160162Z,526.6784,docker_cpu_usage_pct,bwa (DA71) (942),bwa (DA71) (942),2822953,942
,,0,2023-05-13T12:43:20.025536841Z,2023-06-12T12:43:20.025536841Z,2023-06-06T16:11:57.531925854Z,399.3369,docker_cpu_usage_pct,bwa (DA71) (942),bwa (DA71) (942),2822953,942
,,0,2023-05-13T12:43:20.025536841Z,2023-06-12T12:43:20.025536841Z,2023-06-06T16:11:59.531839626Z,317.9451,docker_cpu_usage_pct,bwa (DA71) (942),bwa (DA71) (942),2822953,942
,,0,2023-05-13T12:43:20.025536841Z,2023-06-12T12:43:20.025536841Z,2023-06-06T16:12:02.531652858Z,99.6041,docker_cpu_usage_pct,bwa (DA71) (942),bwa (DA71) (942),2822953,942
,,0,2023-05-13T12:43:20.025536841Z,2023-06-12T12:43:20.025536841Z,2023-06-06T16:12:05.531729851Z,797.0882,docker_cpu_usage_pct,bwa (DA71) (942),bwa (DA71) (942),2822953,942
,,0,2023-05-13T12:43:20.025536841Z,2023-06-12T12:43:20.025536841Z,2023-06-06T16:12:06.532330544Z,797.2339,docker_cpu_usage_pct,bwa (DA71) (942),bwa (DA71) (942),2822953,942
,,0,2023-05-13T12:43:20.025536841Z,2023-06-12T12:43:20.025536841Z,2023-06-06T16:12:09.532328301Z,760.582,docker_cpu_usage_pct,bwa (DA71) (942),bwa (DA71) (942),2822953,942
,,0,2023-05-13T12:43:20.025536841Z,2023-06-12T12:43:20.025536841Z,2023-06-06T16:12:11.532111083Z,795.6118,docker_cpu_usage_pct,bwa (DA71) (942),bwa (DA71) (942),2822953,942
,,0,2023-05-13T12:43:20.025536841Z,2023-06-12T12:43:20.025536841Z,2023-06-06T16:12:14.545183301Z,760.2293,docker_cpu_usage_pct,bwa (DA71) (942),bwa (DA71) (942),2822953,942
,,0,2023-05-13T12:43:20.025536841Z,2023-06-12T12:43:20.025536841Z,2023-06-06T16:12:17.545109369Z,796.8728,docker_cpu_usage_pct,bwa (DA71) (942),bwa (DA71) (942),2822953,942
,,0,2023-05-13T12:43:20.025536841Z,2023-06-12T12:43:20.025536841Z,2023-06-06T16:12:21.533104438Z,795.2917,docker_cpu_usage_pct,bwa (DA71) (942),bwa (DA71) (942),2822953,942
,,0,2023-05-13T12:43:20.025536841Z,2023-06-12T12:43:20.025536841Z,2023-06-06T16:12:24.537409536Z,752.5686,docker_cpu_usage_pct,bwa (DA71) (942),bwa (DA71) (942),2822953,942
,,0,2023-05-13T12:43:20.025536841Z,2023-06-12T12:43:20.025536841Z,2023-06-06T16:12:27.545170986Z,797.9574,docker_cpu_usage_pct,bwa (DA71) (942),bwa (DA71) (942),2822953,942
,,0,2023-05-13T12:43:20.025536841Z,2023-06-12T12:43:20.025536841Z,2023-06-06T16:12:30.545057855Z,795.2762,docker_cpu_usage_pct,bwa (DA71) (942),bwa (DA71) (942),2822953,942
,,0,2023-05-13T12:43:20.025536841Z,2023-06-12T12:43:20.025536841Z,2023-06-06T16:12:33.531798132Z,795.5857,docker_cpu_usage_pct,bwa (DA71) (942),bwa (DA71) (942),2822953,942
,,0,2023-05-13T12:43:20.025536841Z,2023-06-12T12:43:20.025536841Z,2023-06-06T16:12:35.541081284Z,802.0446,docker_cpu_usage_pct,bwa (DA71) (942),bwa (DA71) (942),2822953,942
,,0,2023-05-13T12:43:20.025536841Z,2023-06-12T12:43:20.025536841Z,2023-06-06T16:12:38.53183541Z,782.8069,docker_cpu_usage_pct,bwa (DA71) (942),bwa (DA71) (942),2822953,942
,,0,2023-05-13T12:43:20.025536841Z,2023-06-12T12:43:20.025536841Z,2023-06-06T16:12:41.545145354Z,796.8839,docker_cpu_usage_pct,bwa (DA71) (942),bwa (DA71) (942),2822953,942
,,0,2023-05-13T12:43:20.025536841Z,2023-06-12T12:43:20.025536841Z,2023-06-06T16:12:44.545160392Z,793.8196,docker_cpu_usage_pct,bwa (DA71) (942),bwa (DA71) (942),2822953,942
,,0,2023-05-13T12:43:20.025536841Z,2023-06-12T12:43:20.025536841Z,2023-06-06T16:12:47.531694087Z,802.3664,docker_cpu_usage_pct,bwa (DA71) (942),bwa (DA71) (942),2822953,942
,,0,2023-05-13T12:43:20.025536841Z,2023-06-12T12:43:20.025536841Z,2023-06-06T16:12:49.533128852Z,799.1069,docker_cpu_usage_pct,bwa (DA71) (942),bwa (DA71) (942),2822953,942
,,0,2023-05-13T12:43:20.025536841Z,2023-06-12T12:43:20.025536841Z,2023-06-06T16:12:52.531793078Z,649.4182,docker_cpu_usage_pct,bwa (DA71) (942),bwa (DA71) (942),2822953,942
,,0,2023-05-13T12:43:20.025536841Z,2023-06-12T12:43:20.025536841Z,2023-06-06T16:12:54.532507222Z,585.7064,docker_cpu_usage_pct,bwa (DA71) (942),bwa (DA71) (942),2822953,942
,,0,2023-05-13T12:43:20.025536841Z,2023-06-12T12:43:20.025536841Z,2023-06-06T16:12:56.532330283Z,500.1185,docker_cpu_usage_pct,bwa (DA71) (942),bwa (DA71) (942),2822953,942
,,0,2023-05-13T12:43:20.025536841Z,2023-06-12T12:43:20.025536841Z,2023-06-06T16:12:58.531931982Z,399.2602,docker_cpu_usage_pct,bwa (DA71) (942),bwa (DA71) (942),2822953,942
,,0,2023-05-13T12:43:20.025536841Z,2023-06-12T12:43:20.025536841Z,2023-06-06T16:13:00.531780233Z,199.1708,docker_cpu_usage_pct,bwa (DA71) (942),bwa (DA71) (942),2822953,942
,,0,2023-05-13T12:43:20.025536841Z,2023-06-12T12:43:20.025536841Z,2023-06-06T16:13:02.531649931Z,161.3328,docker_cpu_usage_pct,bwa (DA71) (942),bwa (DA71) (942),2822953,942
,,0,2023-05-13T12:43:20.025536841Z,2023-06-12T12:43:20.025536841Z,2023-06-06T16:13:06.533103256Z,764.6951,docker_cpu_usage_pct,bwa (DA71) (942),bwa (DA71) (942),2822953,942
,,0,2023-05-13T12:43:20.025536841Z,2023-06-12T12:43:20.025536841Z,2023-06-06T16:13:09.533143329Z,792.0126,docker_cpu_usage_pct,bwa (DA71) (942),bwa (DA71) (942),2822953,942
,,0,2023-05-13T12:43:20.025536841Z,2023-06-12T12:43:20.025536841Z,2023-06-06T16:13:12.545037855Z,800.4901,docker_cpu_usage_pct,bwa (DA71) (942),bwa (DA71) (942),2822953,942
,,0,2023-05-13T12:43:20.025536841Z,2023-06-12T12:43:20.025536841Z,2023-06-06T16:13:15.531645346Z,791.4316,docker_cpu_usage_pct,bwa (DA71) (942),bwa (DA71) (942),2822953,942
,,0,2023-05-13T12:43:20.025536841Z,2023-06-12T12:43:20.025536841Z,2023-06-06T16:13:17.531656755Z,794.695,docker_cpu_usage_pct,bwa (DA71) (942),bwa (DA71) (942),2822953,942
,,0,2023-05-13T12:43:20.025536841Z,2023-06-12T12:43:20.025536841Z,2023-06-06T16:13:20.531908994Z,797.9578,docker_cpu_usage_pct,bwa (DA71) (942),bwa (DA71) (942),2822953,942
,,0,2023-05-13T12:43:20.025536841Z,2023-06-12T12:43:20.025536841Z,2023-06-06T16:13:23.531812923Z,780.8493,docker_cpu_usage_pct,bwa (DA71) (942),bwa (DA71) (942),2822953,942
,,0,2023-05-13T12:43:20.025536841Z,2023-06-12T12:43:20.025536841Z,2023-06-06T16:13:26.545176837Z,776.9161,docker_cpu_usage_pct,bwa (DA71) (942),bwa (DA71) (942),2822953,942
,,0,2023-05-13T12:43:20.025536841Z,2023-06-12T12:43:20.025536841Z,2023-06-06T16:13:29.545087598Z,798.5153,docker_cpu_usage_pct,bwa (DA71) (942),bwa (DA71) (942),2822953,942
,,0,2023-05-13T12:43:20.025536841Z,2023-06-12T12:43:20.025536841Z,2023-06-06T16:13:32.541527727Z,794.6004,docker_cpu_usage_pct,bwa (DA71) (942),bwa (DA71) (942),2822953,942
,,0,2023-05-13T12:43:20.025536841Z,2023-06-12T12:43:20.025536841Z,2023-06-06T16:13:35.537124259Z,795.4408,docker_cpu_usage_pct,bwa (DA71) (942),bwa (DA71) (942),2822953,942
,,0,2023-05-13T12:43:20.025536841Z,2023-06-12T12:43:20.025536841Z,2023-06-06T16:13:38.541047812Z,798.2485,docker_cpu_usage_pct,bwa (DA71) (942),bwa (DA71) (942),2822953,942
,,0,2023-05-13T12:43:20.025536841Z,2023-06-12T12:43:20.025536841Z,2023-06-06T16:13:41.545057817Z,795.9378,docker_cpu_usage_pct,bwa (DA71) (942),bwa (DA71) (942),2822953,942
,,0,2023-05-13T12:43:20.025536841Z,2023-06-12T12:43:20.025536841Z,2023-06-06T16:13:44.545145615Z,797.5269,docker_cpu_usage_pct,bwa (DA71) (942),bwa (DA71) (942),2822953,942
,,0,2023-05-13T12:43:20.025536841Z,2023-06-12T12:43:20.025536841Z,2023-06-06T16:13:47.54510928Z,703.6087,docker_cpu_usage_pct,bwa (DA71) (942),bwa (DA71) (942),2822953,942
,,0,2023-05-13T12:43:20.025536841Z,2023-06-12T12:43:20.025536841Z,2023-06-06T16:13:50.533048467Z,632.4526,docker_cpu_usage_pct,bwa (DA71) (942),bwa (DA71) (942),2822953,942
,,0,2023-05-13T12:43:20.025536841Z,2023-06-12T12:43:20.025536841Z,2023-06-06T16:13:53.531458942Z,399.9417,docker_cpu_usage_pct,bwa (DA71) (942),bwa (DA71) (942),2822953,942
,,0,2023-05-13T12:43:20.025536841Z,2023-06-12T12:43:20.025536841Z,2023-06-06T16:13:55.532489662Z,254.4339,docker_cpu_usage_pct,bwa (DA71) (942),bwa (DA71) (942),2822953,942
,,0,2023-05-13T12:43:20.025536841Z,2023-06-12T12:43:20.025536841Z,2023-06-06T16:13:57.532224384Z,99.2949,docker_cpu_usage_pct,bwa (DA71) (942),bwa (DA71) (942),2822953,942
,,0,2023-05-13T12:43:20.025536841Z,2023-06-12T12:43:20.025536841Z,2023-06-06T16:13:59.531960091Z,99.7239,docker_cpu_usage_pct,bwa (DA71) (942),bwa (DA71) (942),2822953,942
,,0,2023-05-13T12:43:20.025536841Z,2023-06-12T12:43:20.025536841Z,2023-06-06T16:14:01.531770745Z,99.9447,docker_cpu_usage_pct,bwa (DA71) (942),bwa (DA71) (942),2822953,942
,,0,2023-05-13T12:43:20.025536841Z,2023-06-12T12:43:20.025536841Z,2023-06-06T16:14:03.531470039Z,799.1231,docker_cpu_usage_pct,bwa (DA71) (942),bwa (DA71) (942),2822953,942
,,0,2023-05-13T12:43:20.025536841Z,2023-06-12T12:43:20.025536841Z,2023-06-06T16:14:05.532220343Z,801.454,docker_cpu_usage_pct,bwa (DA71) (942),bwa (DA71) (942),2822953,942
,,0,2023-05-13T12:43:20.025536841Z,2023-06-12T12:43:20.025536841Z,2023-06-06T16:14:07.531973917Z,797.6953,docker_cpu_usage_pct,bwa (DA71) (942),bwa (DA71) (942),2822953,942
,,0,2023-05-13T12:43:20.025536841Z,2023-06-12T12:43:20.025536841Z,2023-06-06T16:14:09.531733097Z,798.1983,docker_cpu_usage_pct,bwa (DA71) (942),bwa (DA71) (942),2822953,942
,,0,2023-05-13T12:43:20.025536841Z,2023-06-12T12:43:20.025536841Z,2023-06-06T16:14:11.531531503Z,802.3181,docker_cpu_usage_pct,bwa (DA71) (942),bwa (DA71) (942),2822953,942
,,0,2023-05-13T12:43:20.025536841Z,2023-06-12T12:43:20.025536841Z,2023-06-06T16:14:13.532388456Z,799.5324,docker_cpu_usage_pct,bwa (DA71) (942),bwa (DA71) (942),2822953,942
,,0,2023-05-13T12:43:20.025536841Z,2023-06-12T12:43:20.025536841Z,2023-06-06T16:14:15.532116688Z,799.3707,docker_cpu_usage_pct,bwa (DA71) (942),bwa (DA71) (942),2822953,942
,,0,2023-05-13T12:43:20.025536841Z,2023-06-12T12:43:20.025536841Z,2023-06-06T16:14:17.531614787Z,798.6574,docker_cpu_usage_pct,bwa (DA71) (942),bwa (DA71) (942),2822953,942
,,0,2023-05-13T12:43:20.025536841Z,2023-06-12T12:43:20.025536841Z,2023-06-06T16:14:19.532324179Z,796.5183,docker_cpu_usage_pct,bwa (DA71) (942),bwa (DA71) (942),2822953,942
,,0,2023-05-13T12:43:20.025536841Z,2023-06-12T12:43:20.025536841Z,2023-06-06T16:14:21.532139086Z,799.67,docker_cpu_usage_pct,bwa (DA71) (942),bwa (DA71) (942),2822953,942
,,0,2023-05-13T12:43:20.025536841Z,2023-06-12T12:43:20.025536841Z,2023-06-06T16:14:23.532231446Z,797.103,docker_cpu_usage_pct,bwa (DA71) (942),bwa (DA71) (942),2822953,942
,,0,2023-05-13T12:43:20.025536841Z,2023-06-12T12:43:20.025536841Z,2023-06-06T16:14:25.531720922Z,795.9196,docker_cpu_usage_pct,bwa (DA71) (942),bwa (DA71) (942),2822953,942
,,0,2023-05-13T12:43:20.025536841Z,2023-06-12T12:43:20.025536841Z,2023-06-06T16:14:27.531405917Z,800.1028,docker_cpu_usage_pct,bwa (DA71) (942),bwa (DA71) (942),2822953,942
,,0,2023-05-13T12:43:20.025536841Z,2023-06-12T12:43:20.025536841Z,2023-06-06T16:14:29.532261076Z,797.5138,docker_cpu_usage_pct,bwa (DA71) (942),bwa (DA71) (942),2822953,942
,,0,2023-05-13T12:43:20.025536841Z,2023-06-12T12:43:20.025536841Z,2023-06-06T16:14:31.5319751Z,799.1915,docker_cpu_usage_pct,bwa (DA71) (942),bwa (DA71) (942),2822953,942
,,0,2023-05-13T12:43:20.025536841Z,2023-06-12T12:43:20.025536841Z,2023-06-06T16:14:33.531768402Z,799.6954,docker_cpu_usage_pct,bwa (DA71) (942),bwa (DA71) (942),2822953,942
,,0,2023-05-13T12:43:20.025536841Z,2023-06-12T12:43:20.025536841Z,2023-06-06T16:14:35.531567298Z,801.629,docker_cpu_usage_pct,bwa (DA71) (942),bwa (DA71) (942),2822953,942
,,0,2023-05-13T12:43:20.025536841Z,2023-06-12T12:43:20.025536841Z,2023-06-06T16:14:37.532181635Z,799.6797,docker_cpu_usage_pct,bwa (DA71) (942),bwa (DA71) (942),2822953,942
,,0,2023-05-13T12:43:20.025536841Z,2023-06-12T12:43:20.025536841Z,2023-06-06T16:14:39.532061782Z,799.9991,docker_cpu_usage_pct,bwa (DA71) (942),bwa (DA71) (942),2822953,942
,,0,2023-05-13T12:43:20.025536841Z,2023-06-12T12:43:20.025536841Z,2023-06-06T16:14:41.531850641Z,797.3288,docker_cpu_usage_pct,bwa (DA71) (942),bwa (DA71) (942),2822953,942
,,0,2023-05-13T12:43:20.025536841Z,2023-06-12T12:43:20.025536841Z,2023-06-06T16:14:43.531601301Z,799.2626,docker_cpu_usage_pct,bwa (DA71) (942),bwa (DA71) (942),2822953,942
,,0,2023-05-13T12:43:20.025536841Z,2023-06-12T12:43:20.025536841Z,2023-06-06T16:14:45.532412191Z,712.3431,docker_cpu_usage_pct,bwa (DA71) (942),bwa (DA71) (942),2822953,942
,,0,2023-05-13T12:43:20.025536841Z,2023-06-12T12:43:20.025536841Z,2023-06-06T16:14:47.532269823Z,635.146,docker_cpu_usage_pct,bwa (DA71) (942),bwa (DA71) (942),2822953,942
,,0,2023-05-13T12:43:20.025536841Z,2023-06-12T12:43:20.025536841Z,2023-06-06T16:14:49.531781499Z,580.5426,docker_cpu_usage_pct,bwa (DA71) (942),bwa (DA71) (942),2822953,942
,,0,2023-05-13T12:43:20.025536841Z,2023-06-12T12:43:20.025536841Z,2023-06-06T16:14:51.53165888Z,399.7799,docker_cpu_usage_pct,bwa (DA71) (942),bwa (DA71) (942),2822953,942
,,0,2023-05-13T12:43:20.025536841Z,2023-06-12T12:43:20.025536841Z,2023-06-06T16:14:53.533329004Z,199.8311,docker_cpu_usage_pct,bwa (DA71) (942),bwa (DA71) (942),2822953,942
,,0,2023-05-13T12:43:20.025536841Z,2023-06-12T12:43:20.025536841Z,2023-06-06T16:14:55.53217776Z,801.7026,docker_cpu_usage_pct,bwa (DA71) (942),bwa (DA71) (942),2822953,942
,,0,2023-05-13T12:43:20.025536841Z,2023-06-12T12:43:20.025536841Z,2023-06-06T16:14:57.531746082Z,795.0141,docker_cpu_usage_pct,bwa (DA71) (942),bwa (DA71) (942),2822953,942
,,0,2023-05-13T12:43:20.025536841Z,2023-06-12T12:43:20.025536841Z,2023-06-06T16:14:59.533542122Z,799.0974,docker_cpu_usage_pct,bwa (DA71) (942),bwa (DA71) (942),2822953,942
,,0,2023-05-13T12:43:20.025536841Z,2023-06-12T12:43:20.025536841Z,2023-06-06T16:15:02.53147984Z,798.1588,docker_cpu_usage_pct,bwa (DA71) (942),bwa (DA71) (942),2822953,942
,,0,2023-05-13T12:43:20.025536841Z,2023-06-12T12:43:20.025536841Z,2023-06-06T16:15:04.532282306Z,792.4792,docker_cpu_usage_pct,bwa (DA71) (942),bwa (DA71) (942),2822953,942
,,0,2023-05-13T12:43:20.025536841Z,2023-06-12T12:43:20.025536841Z,2023-06-06T16:15:06.532103835Z,799.8381,docker_cpu_usage_pct,bwa (DA71) (942),bwa (DA71) (942),2822953,942
,,0,2023-05-13T12:43:20.025536841Z,2023-06-12T12:43:20.025536841Z,2023-06-06T16:15:08.53194768Z,798.1264,docker_cpu_usage_pct,bwa (DA71) (942),bwa (DA71) (942),2822953,942
,,0,2023-05-13T12:43:20.025536841Z,2023-06-12T12:43:20.025536841Z,2023-06-06T16:15:10.531740836Z,798.159,docker_cpu_usage_pct,bwa (DA71) (942),bwa (DA71) (942),2822953,942
,,0,2023-05-13T12:43:20.025536841Z,2023-06-12T12:43:20.025536841Z,2023-06-06T16:15:12.531487164Z,796.0634,docker_cpu_usage_pct,bwa (DA71) (942),bwa (DA71) (942),2822953,942
,,0,2023-05-13T12:43:20.025536841Z,2023-06-12T12:43:20.025536841Z,2023-06-06T16:15:14.532314271Z,802.6921,docker_cpu_usage_pct,bwa (DA71) (942),bwa (DA71) (942),2822953,942
,,0,2023-05-13T12:43:20.025536841Z,2023-06-12T12:43:20.025536841Z,2023-06-06T16:15:16.531507739Z,796.9602,docker_cpu_usage_pct,bwa (DA71) (942),bwa (DA71) (942),2822953,942
,,0,2023-05-13T12:43:20.025536841Z,2023-06-12T12:43:20.025536841Z,2023-06-06T16:15:18.532352404Z,797.4906,docker_cpu_usage_pct,bwa (DA71) (942),bwa (DA71) (942),2822953,942
,,0,2023-05-13T12:43:20.025536841Z,2023-06-12T12:43:20.025536841Z,2023-06-06T16:15:20.532052357Z,801.99,docker_cpu_usage_pct,bwa (DA71) (942),bwa (DA71) (942),2822953,942
,,0,2023-05-13T12:43:20.025536841Z,2023-06-12T12:43:20.025536841Z,2023-06-06T16:15:22.531890357Z,799.6197,docker_cpu_usage_pct,bwa (DA71) (942),bwa (DA71) (942),2822953,942
,,0,2023-05-13T12:43:20.025536841Z,2023-06-12T12:43:20.025536841Z,2023-06-06T16:15:24.53167456Z,799.5665,docker_cpu_usage_pct,bwa (DA71) (942),bwa (DA71) (942),2822953,942
,,0,2023-05-13T12:43:20.025536841Z,2023-06-12T12:43:20.025536841Z,2023-06-06T16:15:26.531411485Z,791.7712,docker_cpu_usage_pct,bwa (DA71) (942),bwa (DA71) (942),2822953,942
,,0,2023-05-13T12:43:20.025536841Z,2023-06-12T12:43:20.025536841Z,2023-06-06T16:15:28.532223248Z,796.2977,docker_cpu_usage_pct,bwa (DA71) (942),bwa (DA71) (942),2822953,942
,,0,2023-05-13T12:43:20.025536841Z,2023-06-12T12:43:20.025536841Z,2023-06-06T16:15:30.531890648Z,794.4353,docker_cpu_usage_pct,bwa (DA71) (942),bwa (DA71) (942),2822953,942
,,0,2023-05-13T12:43:20.025536841Z,2023-06-12T12:43:20.025536841Z,2023-06-06T16:15:32.531790559Z,795.9805,docker_cpu_usage_pct,bwa (DA71) (942),bwa (DA71) (942),2822953,942
,,0,2023-05-13T12:43:20.025536841Z,2023-06-12T12:43:20.025536841Z,2023-06-06T16:15:34.531429895Z,798.2647,docker_cpu_usage_pct,bwa (DA71) (942),bwa (DA71) (942),2822953,942
,,0,2023-05-13T12:43:20.025536841Z,2023-06-12T12:43:20.025536841Z,2023-06-06T16:15:36.532267814Z,801.6268,docker_cpu_usage_pct,bwa (DA71) (942),bwa (DA71) (942),2822953,942
,,0,2023-05-13T12:43:20.025536841Z,2023-06-12T12:43:20.025536841Z,2023-06-06T16:15:38.531726232Z,798.9243,docker_cpu_usage_pct,bwa (DA71) (942),bwa (DA71) (942),2822953,942
,,0,2023-05-13T12:43:20.025536841Z,2023-06-12T12:43:20.025536841Z,2023-06-06T16:15:40.531530024Z,696.1417,docker_cpu_usage_pct,bwa (DA71) (942),bwa (DA71) (942),2822953,942
,,0,2023-05-13T12:43:20.025536841Z,2023-06-12T12:43:20.025536841Z,2023-06-06T16:15:42.532210699Z,354.2162,docker_cpu_usage_pct,bwa (DA71) (942),bwa (DA71) (942),2822953,942
,,0,2023-05-13T12:43:20.025536841Z,2023-06-12T12:43:20.025536841Z,2023-06-06T16:15:44.532175314Z,204.6231,docker_cpu_usage_pct,bwa (DA71) (942),bwa (DA71) (942),2822953,942
,,0,2023-05-13T12:43:20.025536841Z,2023-06-12T12:43:20.025536841Z,2023-06-06T16:15:46.531674238Z,318.5816,docker_cpu_usage_pct,bwa (DA71) (942),bwa (DA71) (942),2822953,942
,,0,2023-05-13T12:43:20.025536841Z,2023-06-12T12:43:20.025536841Z,2023-06-06T16:15:48.531399462Z,795.5666,docker_cpu_usage_pct,bwa (DA71) (942),bwa (DA71) (942),2822953,942
,,0,2023-05-13T12:43:20.025536841Z,2023-06-12T12:43:20.025536841Z,2023-06-06T16:15:50.532234726Z,798.5905,docker_cpu_usage_pct,bwa (DA71) (942),bwa (DA71) (942),2822953,942
,,0,2023-05-13T12:43:20.025536841Z,2023-06-12T12:43:20.025536841Z,2023-06-06T16:15:52.531606467Z,800.833,docker_cpu_usage_pct,bwa (DA71) (942),bwa (DA71) (942),2822953,942
,,0,2023-05-13T12:43:20.025536841Z,2023-06-12T12:43:20.025536841Z,2023-06-06T16:15:54.531691663Z,799.3715,docker_cpu_usage_pct,bwa (DA71) (942),bwa (DA71) (942),2822953,942
,,0,2023-05-13T12:43:20.025536841Z,2023-06-12T12:43:20.025536841Z,2023-06-06T16:15:56.531570818Z,797.75,docker_cpu_usage_pct,bwa (DA71) (942),bwa (DA71) (942),2822953,942
,,0,2023-05-13T12:43:20.025536841Z,2023-06-12T12:43:20.025536841Z,2023-06-06T16:15:58.531781985Z,799.1455,docker_cpu_usage_pct,bwa (DA71) (942),bwa (DA71) (942),2822953,942
,,0,2023-05-13T12:43:20.025536841Z,2023-06-12T12:43:20.025536841Z,2023-06-06T16:16:00.531553723Z,796.2666,docker_cpu_usage_pct,bwa (DA71) (942),bwa (DA71) (942),2822953,942
,,0,2023-05-13T12:43:20.025536841Z,2023-06-12T12:43:20.025536841Z,2023-06-06T16:16:02.532400468Z,798.677,docker_cpu_usage_pct,bwa (DA71) (942),bwa (DA71) (942),2822953,942
,,0,2023-05-13T12:43:20.025536841Z,2023-06-12T12:43:20.025536841Z,2023-06-06T16:16:04.532021358Z,800.6318,docker_cpu_usage_pct,bwa (DA71) (942),bwa (DA71) (942),2822953,942
,,0,2023-05-13T12:43:20.025536841Z,2023-06-12T12:43:20.025536841Z,2023-06-06T16:16:06.531782465Z,798.1645,docker_cpu_usage_pct,bwa (DA71) (942),bwa (DA71) (942),2822953,942
,,0,2023-05-13T12:43:20.025536841Z,2023-06-12T12:43:20.025536841Z,2023-06-06T16:16:08.531539676Z,799.4803,docker_cpu_usage_pct,bwa (DA71) (942),bwa (DA71) (942),2822953,942
,,0,2023-05-13T12:43:20.025536841Z,2023-06-12T12:43:20.025536841Z,2023-06-06T16:16:10.53250132Z,800.6706,docker_cpu_usage_pct,bwa (DA71) (942),bwa (DA71) (942),2822953,942
,,0,2023-05-13T12:43:20.025536841Z,2023-06-12T12:43:20.025536841Z,2023-06-06T16:16:12.532107382Z,798.4603,docker_cpu_usage_pct,bwa (DA71) (942),bwa (DA71) (942),2822953,942
,,0,2023-05-13T12:43:20.025536841Z,2023-06-12T12:43:20.025536841Z,2023-06-06T16:16:14.531828412Z,796.6881,docker_cpu_usage_pct,bwa (DA71) (942),bwa (DA71) (942),2822953,942
,,0,2023-05-13T12:43:20.025536841Z,2023-06-12T12:43:20.025536841Z,2023-06-06T16:16:16.531612387Z,800.2772,docker_cpu_usage_pct,bwa (DA71) (942),bwa (DA71) (942),2822953,942
,,0,2023-05-13T12:43:20.025536841Z,2023-06-12T12:43:20.025536841Z,2023-06-06T16:16:18.53242121Z,798.9614,docker_cpu_usage_pct,bwa (DA71) (942),bwa (DA71) (942),2822953,942
,,0,2023-05-13T12:43:20.025536841Z,2023-06-12T12:43:20.025536841Z,2023-06-06T16:16:20.532310735Z,802.9365,docker_cpu_usage_pct,bwa (DA71) (942),bwa (DA71) (942),2822953,942
,,0,2023-05-13T12:43:20.025536841Z,2023-06-12T12:43:20.025536841Z,2023-06-06T16:16:22.531970457Z,800.9893,docker_cpu_usage_pct,bwa (DA71) (942),bwa (DA71) (942),2822953,942
,,0,2023-05-13T12:43:20.025536841Z,2023-06-12T12:43:20.025536841Z,2023-06-06T16:16:24.531606901Z,796.899,docker_cpu_usage_pct,bwa (DA71) (942),bwa (DA71) (942),2822953,942
,,0,2023-05-13T12:43:20.025536841Z,2023-06-12T12:43:20.025536841Z,2023-06-06T16:16:26.532337534Z,797.9953,docker_cpu_usage_pct,bwa (DA71) (942),bwa (DA71) (942),2822953,942
,,0,2023-05-13T12:43:20.025536841Z,2023-06-12T12:43:20.025536841Z,2023-06-06T16:16:28.537012728Z,800.1697,docker_cpu_usage_pct,bwa (DA71) (942),bwa (DA71) (942),2822953,942
,,0,2023-05-13T12:43:20.025536841Z,2023-06-12T12:43:20.025536841Z,2023-06-06T16:16:30.531955769Z,800.7467,docker_cpu_usage_pct,bwa (DA71) (942),bwa (DA71) (942),2822953,942
,,0,2023-05-13T12:43:20.025536841Z,2023-06-12T12:43:20.025536841Z,2023-06-06T16:16:32.531729601Z,719.8309,docker_cpu_usage_pct,bwa (DA71) (942),bwa (DA71) (942),2822953,942
,,0,2023-05-13T12:43:20.025536841Z,2023-06-12T12:43:20.025536841Z,2023-06-06T16:16:34.532346364Z,442.0344,docker_cpu_usage_pct,bwa (DA71) (942),bwa (DA71) (942),2822953,942
,,0,2023-05-13T12:43:20.025536841Z,2023-06-12T12:43:20.025536841Z,2023-06-06T16:16:36.532040349Z,189.3637,docker_cpu_usage_pct,bwa (DA71) (942),bwa (DA71) (942),2822953,942
,,0,2023-05-13T12:43:20.025536841Z,2023-06-12T12:43:20.025536841Z,2023-06-06T16:16:39.531872959Z,98.0629,docker_cpu_usage_pct,bwa (DA71) (942),bwa (DA71) (942),2822953,942
,,0,2023-05-13T12:43:20.025536841Z,2023-06-12T12:43:20.025536841Z,2023-06-06T16:16:41.531747748Z,99.9775,docker_cpu_usage_pct,bwa (DA71) (942),bwa (DA71) (942),2822953,942
,,0,2023-05-13T12:43:20.025536841Z,2023-06-12T12:43:20.025536841Z,2023-06-06T16:16:43.531401844Z,796.7712,docker_cpu_usage_pct,bwa (DA71) (942),bwa (DA71) (942),2822953,942
,,0,2023-05-13T12:43:20.025536841Z,2023-06-12T12:43:20.025536841Z,2023-06-06T16:16:45.532321874Z,799.4817,docker_cpu_usage_pct,bwa (DA71) (942),bwa (DA71) (942),2822953,942
,,0,2023-05-13T12:43:20.025536841Z,2023-06-12T12:43:20.025536841Z,2023-06-06T16:16:47.531939475Z,800.3639,docker_cpu_usage_pct,bwa (DA71) (942),bwa (DA71) (942),2822953,942
,,0,2023-05-13T12:43:20.025536841Z,2023-06-12T12:43:20.025536841Z,2023-06-06T16:16:49.531692784Z,797.786,docker_cpu_usage_pct,bwa (DA71) (942),bwa (DA71) (942),2822953,942
,,0,2023-05-13T12:43:20.025536841Z,2023-06-12T12:43:20.025536841Z,2023-06-06T16:16:51.53156412Z,798.1475,docker_cpu_usage_pct,bwa (DA71) (942),bwa (DA71) (942),2822953,942
,,0,2023-05-13T12:43:20.025536841Z,2023-06-12T12:43:20.025536841Z,2023-06-06T16:16:53.532271506Z,799.5167,docker_cpu_usage_pct,bwa (DA71) (942),bwa (DA71) (942),2822953,942
,,0,2023-05-13T12:43:20.025536841Z,2023-06-12T12:43:20.025536841Z,2023-06-06T16:16:55.532043175Z,799.4495,docker_cpu_usage_pct,bwa (DA71) (942),bwa (DA71) (942),2822953,942
,,0,2023-05-13T12:43:20.025536841Z,2023-06-12T12:43:20.025536841Z,2023-06-06T16:16:57.531714983Z,794.6122,docker_cpu_usage_pct,bwa (DA71) (942),bwa (DA71) (942),2822953,942
,,0,2023-05-13T12:43:20.025536841Z,2023-06-12T12:43:20.025536841Z,2023-06-06T16:16:59.531449217Z,801.2489,docker_cpu_usage_pct,bwa (DA71) (942),bwa (DA71) (942),2822953,942
,,0,2023-05-13T12:43:20.025536841Z,2023-06-12T12:43:20.025536841Z,2023-06-06T16:17:01.53227954Z,799.4149,docker_cpu_usage_pct,bwa (DA71) (942),bwa (DA71) (942),2822953,942
,,0,2023-05-13T12:43:20.025536841Z,2023-06-12T12:43:20.025536841Z,2023-06-06T16:17:03.531653188Z,802.9568,docker_cpu_usage_pct,bwa (DA71) (942),bwa (DA71) (942),2822953,942
,,0,2023-05-13T12:43:20.025536841Z,2023-06-12T12:43:20.025536841Z,2023-06-06T16:17:05.531645789Z,802.1757,docker_cpu_usage_pct,bwa (DA71) (942),bwa (DA71) (942),2822953,942
,,0,2023-05-13T12:43:20.025536841Z,2023-06-12T12:43:20.025536841Z,2023-06-06T16:17:07.532379148Z,799.8937,docker_cpu_usage_pct,bwa (DA71) (942),bwa (DA71) (942),2822953,942
,,0,2023-05-13T12:43:20.025536841Z,2023-06-12T12:43:20.025536841Z,2023-06-06T16:17:09.531679653Z,799.9249,docker_cpu_usage_pct,bwa (DA71) (942),bwa (DA71) (942),2822953,942
,,0,2023-05-13T12:43:20.025536841Z,2023-06-12T12:43:20.025536841Z,2023-06-06T16:17:11.532354506Z,795.8453,docker_cpu_usage_pct,bwa (DA71) (942),bwa (DA71) (942),2822953,942
,,0,2023-05-13T12:43:20.025536841Z,2023-06-12T12:43:20.025536841Z,2023-06-06T16:17:13.532097112Z,798.8295,docker_cpu_usage_pct,bwa (DA71) (942),bwa (DA71) (942),2822953,942
,,0,2023-05-13T12:43:20.025536841Z,2023-06-12T12:43:20.025536841Z,2023-06-06T16:17:15.531583462Z,798.4399,docker_cpu_usage_pct,bwa (DA71) (942),bwa (DA71) (942),2822953,942
,,0,2023-05-13T12:43:20.025536841Z,2023-06-12T12:43:20.025536841Z,2023-06-06T16:17:17.532320936Z,803.2739,docker_cpu_usage_pct,bwa (DA71) (942),bwa (DA71) (942),2822953,942
,,0,2023-05-13T12:43:20.025536841Z,2023-06-12T12:43:20.025536841Z,2023-06-06T16:17:19.532248267Z,796.8604,docker_cpu_usage_pct,bwa (DA71) (942),bwa (DA71) (942),2822953,942
,,0,2023-05-13T12:43:20.025536841Z,2023-06-12T12:43:20.025536841Z,2023-06-06T16:17:21.531949403Z,792.303,docker_cpu_usage_pct,bwa (DA71) (942),bwa (DA71) (942),2822953,942
,,0,2023-05-13T12:43:20.025536841Z,2023-06-12T12:43:20.025536841Z,2023-06-06T16:17:23.531672823Z,799.7941,docker_cpu_usage_pct,bwa (DA71) (942),bwa (DA71) (942),2822953,942
,,0,2023-05-13T12:43:20.025536841Z,2023-06-12T12:43:20.025536841Z,2023-06-06T16:17:25.531439018Z,799.0874,docker_cpu_usage_pct,bwa (DA71) (942),bwa (DA71) (942),2822953,942
,,0,2023-05-13T12:43:20.025536841Z,2023-06-12T12:43:20.025536841Z,2023-06-06T16:17:27.532245649Z,794.9889,docker_cpu_usage_pct,bwa (DA71) (942),bwa (DA71) (942),2822953,942
,,0,2023-05-13T12:43:20.025536841Z,2023-06-12T12:43:20.025536841Z,2023-06-06T16:17:29.531909086Z,655.4475,docker_cpu_usage_pct,bwa (DA71) (942),bwa (DA71) (942),2822953,942
,,0,2023-05-13T12:43:20.025536841Z,2023-06-12T12:43:20.025536841Z,2023-06-06T16:17:31.531738971Z,231.711,docker_cpu_usage_pct,bwa (DA71) (942),bwa (DA71) (942),2822953,942
,,0,2023-05-13T12:43:20.025536841Z,2023-06-12T12:43:20.025536841Z,2023-06-06T16:17:33.531436608Z,100.1886,docker_cpu_usage_pct,bwa (DA71) (942),bwa (DA71) (942),2822953,942
,,0,2023-05-13T12:43:20.025536841Z,2023-06-12T12:43:20.025536841Z,2023-06-06T16:17:35.532476795Z,797.6093,docker_cpu_usage_pct,bwa (DA71) (942),bwa (DA71) (942),2822953,942
,,0,2023-05-13T12:43:20.025536841Z,2023-06-12T12:43:20.025536841Z,2023-06-06T16:17:37.532104317Z,792.1024,docker_cpu_usage_pct,bwa (DA71) (942),bwa (DA71) (942),2822953,942
,,0,2023-05-13T12:43:20.025536841Z,2023-06-12T12:43:20.025536841Z,2023-06-06T16:17:39.531773046Z,798.0286,docker_cpu_usage_pct,bwa (DA71) (942),bwa (DA71) (942),2822953,942
,,0,2023-05-13T12:43:20.025536841Z,2023-06-12T12:43:20.025536841Z,2023-06-06T16:17:41.531553882Z,797.0057,docker_cpu_usage_pct,bwa (DA71) (942),bwa (DA71) (942),2822953,942
,,0,2023-05-13T12:43:20.025536841Z,2023-06-12T12:43:20.025536841Z,2023-06-06T16:17:43.532355478Z,799.4196,docker_cpu_usage_pct,bwa (DA71) (942),bwa (DA71) (942),2822953,942
,,0,2023-05-13T12:43:20.025536841Z,2023-06-12T12:43:20.025536841Z,2023-06-06T16:17:45.531707077Z,798.9737,docker_cpu_usage_pct,bwa (DA71) (942),bwa (DA71) (942),2822953,942
,,0,2023-05-13T12:43:20.025536841Z,2023-06-12T12:43:20.025536841Z,2023-06-06T16:17:47.531681782Z,798.6394,docker_cpu_usage_pct,bwa (DA71) (942),bwa (DA71) (942),2822953,942
,,0,2023-05-13T12:43:20.025536841Z,2023-06-12T12:43:20.025536841Z,2023-06-06T16:17:49.532551453Z,800.7815,docker_cpu_usage_pct,bwa (DA71) (942),bwa (DA71) (942),2822953,942
,,0,2023-05-13T12:43:20.025536841Z,2023-06-12T12:43:20.025536841Z,2023-06-06T16:17:51.532170905Z,799.1714,docker_cpu_usage_pct,bwa (DA71) (942),bwa (DA71) (942),2822953,942
,,0,2023-05-13T12:43:20.025536841Z,2023-06-12T12:43:20.025536841Z,2023-06-06T16:17:53.531866044Z,797.4954,docker_cpu_usage_pct,bwa (DA71) (942),bwa (DA71) (942),2822953,942
,,0,2023-05-13T12:43:20.025536841Z,2023-06-12T12:43:20.025536841Z,2023-06-06T16:17:55.53161236Z,798.7179,docker_cpu_usage_pct,bwa (DA71) (942),bwa (DA71) (942),2822953,942
,,0,2023-05-13T12:43:20.025536841Z,2023-06-12T12:43:20.025536841Z,2023-06-06T16:17:57.532370235Z,802.1297,docker_cpu_usage_pct,bwa (DA71) (942),bwa (DA71) (942),2822953,942
,,0,2023-05-13T12:43:20.025536841Z,2023-06-12T12:43:20.025536841Z,2023-06-06T16:17:59.532225203Z,799.4527,docker_cpu_usage_pct,bwa (DA71) (942),bwa (DA71) (942),2822953,942
,,0,2023-05-13T12:43:20.025536841Z,2023-06-12T12:43:20.025536841Z,2023-06-06T16:18:01.531988753Z,800.8425,docker_cpu_usage_pct,bwa (DA71) (942),bwa (DA71) (942),2822953,942
,,0,2023-05-13T12:43:20.025536841Z,2023-06-12T12:43:20.025536841Z,2023-06-06T16:18:03.531617903Z,794.9784,docker_cpu_usage_pct,bwa (DA71) (942),bwa (DA71) (942),2822953,942
,,0,2023-05-13T12:43:20.025536841Z,2023-06-12T12:43:20.025536841Z,2023-06-06T16:18:05.531444754Z,799.2561,docker_cpu_usage_pct,bwa (DA71) (942),bwa (DA71) (942),2822953,942
,,0,2023-05-13T12:43:20.025536841Z,2023-06-12T12:43:20.025536841Z,2023-06-06T16:18:07.533166087Z,800.5802,docker_cpu_usage_pct,bwa (DA71) (942),bwa (DA71) (942),2822953,942
,,0,2023-05-13T12:43:20.025536841Z,2023-06-12T12:43:20.025536841Z,2023-06-06T16:18:09.531917581Z,802.6123,docker_cpu_usage_pct,bwa (DA71) (942),bwa (DA71) (942),2822953,942
,,0,2023-05-13T12:43:20.025536841Z,2023-06-12T12:43:20.025536841Z,2023-06-06T16:18:11.532493224Z,797.7227,docker_cpu_usage_pct,bwa (DA71) (942),bwa (DA71) (942),2822953,942
,,0,2023-05-13T12:43:20.025536841Z,2023-06-12T12:43:20.025536841Z,2023-06-06T16:18:14.531632166Z,800.5536,docker_cpu_usage_pct,bwa (DA71) (942),bwa (DA71) (942),2822953,942
,,0,2023-05-13T12:43:20.025536841Z,2023-06-12T12:43:20.025536841Z,2023-06-06T16:18:16.531659612Z,799.5964,docker_cpu_usage_pct,bwa (DA71) (942),bwa (DA71) (942),2822953,942
,,0,2023-05-13T12:43:20.025536841Z,2023-06-12T12:43:20.025536841Z,2023-06-06T16:18:18.531379613Z,803.1602,docker_cpu_usage_pct,bwa (DA71) (942),bwa (DA71) (942),2822953,942
,,0,2023-05-13T12:43:20.025536841Z,2023-06-12T12:43:20.025536841Z,2023-06-06T16:18:20.531626088Z,705.7566,docker_cpu_usage_pct,bwa (DA71) (942),bwa (DA71) (942),2822953,942
,,0,2023-05-13T12:43:20.025536841Z,2023-06-12T12:43:20.025536841Z,2023-06-06T16:18:22.532499961Z,510.6489,docker_cpu_usage_pct,bwa (DA71) (942),bwa (DA71) (942),2822953,942
,,0,2023-05-13T12:43:20.025536841Z,2023-06-12T12:43:20.025536841Z,2023-06-06T16:18:24.532100813Z,135.3424,docker_cpu_usage_pct,bwa (DA71) (942),bwa (DA71) (942),2822953,942
,,0,2023-05-13T12:43:20.025536841Z,2023-06-12T12:43:20.025536841Z,2023-06-06T16:18:26.531667751Z,325.9818,docker_cpu_usage_pct,bwa (DA71) (942),bwa (DA71) (942),2822953,942
,,0,2023-05-13T12:43:20.025536841Z,2023-06-12T12:43:20.025536841Z,2023-06-06T16:18:28.531557235Z,798.9391,docker_cpu_usage_pct,bwa (DA71) (942),bwa (DA71) (942),2822953,942
,,0,2023-05-13T12:43:20.025536841Z,2023-06-12T12:43:20.025536841Z,2023-06-06T16:18:30.532331206Z,799.5619,docker_cpu_usage_pct,bwa (DA71) (942),bwa (DA71) (942),2822953,942
,,0,2023-05-13T12:43:20.025536841Z,2023-06-12T12:43:20.025536841Z,2023-06-06T16:18:32.531872359Z,798.4091,docker_cpu_usage_pct,bwa (DA71) (942),bwa (DA71) (942),2822953,942
,,0,2023-05-13T12:43:20.025536841Z,2023-06-12T12:43:20.025536841Z,2023-06-06T16:18:34.531845643Z,798.2126,docker_cpu_usage_pct,bwa (DA71) (942),bwa (DA71) (942),2822953,942
,,0,2023-05-13T12:43:20.025536841Z,2023-06-12T12:43:20.025536841Z,2023-06-06T16:18:36.531602795Z,798.664,docker_cpu_usage_pct,bwa (DA71) (942),bwa (DA71) (942),2822953,942
,,0,2023-05-13T12:43:20.025536841Z,2023-06-12T12:43:20.025536841Z,2023-06-06T16:18:38.531751487Z,796.7018,docker_cpu_usage_pct,bwa (DA71) (942),bwa (DA71) (942),2822953,942
,,0,2023-05-13T12:43:20.025536841Z,2023-06-12T12:43:20.025536841Z,2023-06-06T16:18:40.532417092Z,795.7919,docker_cpu_usage_pct,bwa (DA71) (942),bwa (DA71) (942),2822953,942
,,0,2023-05-13T12:43:20.025536841Z,2023-06-12T12:43:20.025536841Z,2023-06-06T16:18:42.531591372Z,799.1257,docker_cpu_usage_pct,bwa (DA71) (942),bwa (DA71) (942),2822953,942
,,0,2023-05-13T12:43:20.025536841Z,2023-06-12T12:43:20.025536841Z,2023-06-06T16:18:44.532319692Z,794.4702,docker_cpu_usage_pct,bwa (DA71) (942),bwa (DA71) (942),2822953,942
,,0,2023-05-13T12:43:20.025536841Z,2023-06-12T12:43:20.025536841Z,2023-06-06T16:18:46.532099194Z,799.1154,docker_cpu_usage_pct,bwa (DA71) (942),bwa (DA71) (942),2822953,942
,,0,2023-05-13T12:43:20.025536841Z,2023-06-12T12:43:20.025536841Z,2023-06-06T16:18:48.531947765Z,799.3192,docker_cpu_usage_pct,bwa (DA71) (942),bwa (DA71) (942),2822953,942
,,0,2023-05-13T12:43:20.025536841Z,2023-06-12T12:43:20.025536841Z,2023-06-06T16:18:50.531584344Z,798.0675,docker_cpu_usage_pct,bwa (DA71) (942),bwa (DA71) (942),2822953,942
,,0,2023-05-13T12:43:20.025536841Z,2023-06-12T12:43:20.025536841Z,2023-06-06T16:18:52.532322999Z,797.8468,docker_cpu_usage_pct,bwa (DA71) (942),bwa (DA71) (942),2822953,942
,,0,2023-05-13T12:43:20.025536841Z,2023-06-12T12:43:20.025536841Z,2023-06-06T16:18:54.531769025Z,799.9029,docker_cpu_usage_pct,bwa (DA71) (942),bwa (DA71) (942),2822953,942
,,0,2023-05-13T12:43:20.025536841Z,2023-06-12T12:43:20.025536841Z,2023-06-06T16:18:56.531588129Z,801.0757,docker_cpu_usage_pct,bwa (DA71) (942),bwa (DA71) (942),2822953,942
,,0,2023-05-13T12:43:20.025536841Z,2023-06-12T12:43:20.025536841Z,2023-06-06T16:18:58.532452717Z,798.3543,docker_cpu_usage_pct,bwa (DA71) (942),bwa (DA71) (942),2822953,942
,,0,2023-05-13T12:43:20.025536841Z,2023-06-12T12:43:20.025536841Z,2023-06-06T16:19:00.531649613Z,796.7947,docker_cpu_usage_pct,bwa (DA71) (942),bwa (DA71) (942),2822953,942
,,0,2023-05-13T12:43:20.025536841Z,2023-06-12T12:43:20.025536841Z,2023-06-06T16:19:02.532588256Z,798.09,docker_cpu_usage_pct,bwa (DA71) (942),bwa (DA71) (942),2822953,942
,,0,2023-05-13T12:43:20.025536841Z,2023-06-12T12:43:20.025536841Z,2023-06-06T16:19:04.532227501Z,797.51,docker_cpu_usage_pct,bwa (DA71) (942),bwa (DA71) (942),2822953,942
,,0,2023-05-13T12:43:20.025536841Z,2023-06-12T12:43:20.025536841Z,2023-06-06T16:19:06.532001717Z,800.3722,docker_cpu_usage_pct,bwa (DA71) (942),bwa (DA71) (942),2822953,942
,,0,2023-05-13T12:43:20.025536841Z,2023-06-12T12:43:20.025536841Z,2023-06-06T16:19:08.531681795Z,755.8446,docker_cpu_usage_pct,bwa (DA71) (942),bwa (DA71) (942),2822953,942
,,0,2023-05-13T12:43:20.025536841Z,2023-06-12T12:43:20.025536841Z,2023-06-06T16:19:10.531539577Z,608.9926,docker_cpu_usage_pct,bwa (DA71) (942),bwa (DA71) (942),2822953,942
,,0,2023-05-13T12:43:20.025536841Z,2023-06-12T12:43:20.025536841Z,2023-06-06T16:19:12.532336289Z,126.7955,docker_cpu_usage_pct,bwa (DA71) (942),bwa (DA71) (942),2822953,942
,,0,2023-05-13T12:43:20.025536841Z,2023-06-12T12:43:20.025536841Z,2023-06-06T16:19:14.532028528Z,799.1006,docker_cpu_usage_pct,bwa (DA71) (942),bwa (DA71) (942),2822953,942
,,0,2023-05-13T12:43:20.025536841Z,2023-06-12T12:43:20.025536841Z,2023-06-06T16:19:16.531613041Z,798.5949,docker_cpu_usage_pct,bwa (DA71) (942),bwa (DA71) (942),2822953,942
,,0,2023-05-13T12:43:20.025536841Z,2023-06-12T12:43:20.025536841Z,2023-06-06T16:19:18.532715563Z,798.0945,docker_cpu_usage_pct,bwa (DA71) (942),bwa (DA71) (942),2822953,942
,,0,2023-05-13T12:43:20.025536841Z,2023-06-12T12:43:20.025536841Z,2023-06-06T16:19:20.532208227Z,802.3685,docker_cpu_usage_pct,bwa (DA71) (942),bwa (DA71) (942),2822953,942
,,0,2023-05-13T12:43:20.025536841Z,2023-06-12T12:43:20.025536841Z,2023-06-06T16:19:22.531906274Z,799.3967,docker_cpu_usage_pct,bwa (DA71) (942),bwa (DA71) (942),2822953,942
,,0,2023-05-13T12:43:20.025536841Z,2023-06-12T12:43:20.025536841Z,2023-06-06T16:19:24.532437868Z,795.2613,docker_cpu_usage_pct,bwa (DA71) (942),bwa (DA71) (942),2822953,942
,,0,2023-05-13T12:43:20.025536841Z,2023-06-12T12:43:20.025536841Z,2023-06-06T16:19:26.531746285Z,797.7524,docker_cpu_usage_pct,bwa (DA71) (942),bwa (DA71) (942),2822953,942
,,0,2023-05-13T12:43:20.025536841Z,2023-06-12T12:43:20.025536841Z,2023-06-06T16:19:28.531651792Z,798.0813,docker_cpu_usage_pct,bwa (DA71) (942),bwa (DA71) (942),2822953,942
,,0,2023-05-13T12:43:20.025536841Z,2023-06-12T12:43:20.025536841Z,2023-06-06T16:19:30.532416954Z,797.465,docker_cpu_usage_pct,bwa (DA71) (942),bwa (DA71) (942),2822953,942
,,0,2023-05-13T12:43:20.025536841Z,2023-06-12T12:43:20.025536841Z,2023-06-06T16:19:32.532135208Z,795.7988,docker_cpu_usage_pct,bwa (DA71) (942),bwa (DA71) (942),2822953,942
,,0,2023-05-13T12:43:20.025536841Z,2023-06-12T12:43:20.025536841Z,2023-06-06T16:19:34.531892351Z,797.6848,docker_cpu_usage_pct,bwa (DA71) (942),bwa (DA71) (942),2822953,942
,,0,2023-05-13T12:43:20.025536841Z,2023-06-12T12:43:20.025536841Z,2023-06-06T16:19:36.531690832Z,797.0475,docker_cpu_usage_pct,bwa (DA71) (942),bwa (DA71) (942),2822953,942
,,0,2023-05-13T12:43:20.025536841Z,2023-06-12T12:43:20.025536841Z,2023-06-06T16:19:38.531523422Z,797.6168,docker_cpu_usage_pct,bwa (DA71) (942),bwa (DA71) (942),2822953,942
,,0,2023-05-13T12:43:20.025536841Z,2023-06-12T12:43:20.025536841Z,2023-06-06T16:19:40.532745327Z,795.6693,docker_cpu_usage_pct,bwa (DA71) (942),bwa (DA71) (942),2822953,942
,,0,2023-05-13T12:43:20.025536841Z,2023-06-12T12:43:20.025536841Z,2023-06-06T16:19:42.531919459Z,799.6025,docker_cpu_usage_pct,bwa (DA71) (942),bwa (DA71) (942),2822953,942
,,0,2023-05-13T12:43:20.025536841Z,2023-06-12T12:43:20.025536841Z,2023-06-06T16:19:44.531588995Z,802.5692,docker_cpu_usage_pct,bwa (DA71) (942),bwa (DA71) (942),2822953,942
,,0,2023-05-13T12:43:20.025536841Z,2023-06-12T12:43:20.025536841Z,2023-06-06T16:19:47.531541327Z,796.6043,docker_cpu_usage_pct,bwa (DA71) (942),bwa (DA71) (942),2822953,942
,,0,2023-05-13T12:43:20.025536841Z,2023-06-12T12:43:20.025536841Z,2023-06-06T16:19:49.531630407Z,800.3551,docker_cpu_usage_pct,bwa (DA71) (942),bwa (DA71) (942),2822953,942
,,0,2023-05-13T12:43:20.025536841Z,2023-06-12T12:43:20.025536841Z,2023-06-06T16:19:51.531692114Z,798.5698,docker_cpu_usage_pct,bwa (DA71) (942),bwa (DA71) (942),2822953,942
,,0,2023-05-13T12:43:20.025536841Z,2023-06-12T12:43:20.025536841Z,2023-06-06T16:19:53.532523115Z,796.7752,docker_cpu_usage_pct,bwa (DA71) (942),bwa (DA71) (942),2822953,942
,,0,2023-05-13T12:43:20.025536841Z,2023-06-12T12:43:20.025536841Z,2023-06-06T16:19:55.532175984Z,799.6913,docker_cpu_usage_pct,bwa (DA71) (942),bwa (DA71) (942),2822953,942
,,0,2023-05-13T12:43:20.025536841Z,2023-06-12T12:43:20.025536841Z,2023-06-06T16:19:57.531960375Z,798.9459,docker_cpu_usage_pct,bwa (DA71) (942),bwa (DA71) (942),2822953,942
,,0,2023-05-13T12:43:20.025536841Z,2023-06-12T12:43:20.025536841Z,2023-06-06T16:19:59.531723652Z,798.1527,docker_cpu_usage_pct,bwa (DA71) (942),bwa (DA71) (942),2822953,942
,,0,2023-05-13T12:43:20.025536841Z,2023-06-12T12:43:20.025536841Z,2023-06-06T16:20:01.53241835Z,734.105,docker_cpu_usage_pct,bwa (DA71) (942),bwa (DA71) (942),2822953,942
,,0,2023-05-13T12:43:20.025536841Z,2023-06-12T12:43:20.025536841Z,2023-06-06T16:20:03.531989657Z,508.1492,docker_cpu_usage_pct,bwa (DA71) (942),bwa (DA71) (942),2822953,942
,,0,2023-05-13T12:43:20.025536841Z,2023-06-12T12:43:20.025536841Z,2023-06-06T16:20:05.531855833Z,183.4808,docker_cpu_usage_pct,bwa (DA71) (942),bwa (DA71) (942),2822953,942
,,0,2023-05-13T12:43:20.025536841Z,2023-06-12T12:43:20.025536841Z,2023-06-06T16:20:07.531456797Z,796.4889,docker_cpu_usage_pct,bwa (DA71) (942),bwa (DA71) (942),2822953,942
,,0,2023-05-13T12:43:20.025536841Z,2023-06-12T12:43:20.025536841Z,2023-06-06T16:20:09.532332994Z,794.507,docker_cpu_usage_pct,bwa (DA71) (942),bwa (DA71) (942),2822953,942
,,0,2023-05-13T12:43:20.025536841Z,2023-06-12T12:43:20.025536841Z,2023-06-06T16:20:11.536940267Z,803.0941,docker_cpu_usage_pct,bwa (DA71) (942),bwa (DA71) (942),2822953,942
,,0,2023-05-13T12:43:20.025536841Z,2023-06-12T12:43:20.025536841Z,2023-06-06T16:20:13.531944917Z,798.0452,docker_cpu_usage_pct,bwa (DA71) (942),bwa (DA71) (942),2822953,942
,,0,2023-05-13T12:43:20.025536841Z,2023-06-12T12:43:20.025536841Z,2023-06-06T16:20:15.53173352Z,802.5145,docker_cpu_usage_pct,bwa (DA71) (942),bwa (DA71) (942),2822953,942
,,0,2023-05-13T12:43:20.025536841Z,2023-06-12T12:43:20.025536841Z,2023-06-06T16:20:17.531669277Z,796.8976,docker_cpu_usage_pct,bwa (DA71) (942),bwa (DA71) (942),2822953,942
,,0,2023-05-13T12:43:20.025536841Z,2023-06-12T12:43:20.025536841Z,2023-06-06T16:20:19.531646364Z,795.9583,docker_cpu_usage_pct,bwa (DA71) (942),bwa (DA71) (942),2822953,942
,,0,2023-05-13T12:43:20.025536841Z,2023-06-12T12:43:20.025536841Z,2023-06-06T16:20:21.531419452Z,798.9677,docker_cpu_usage_pct,bwa (DA71) (942),bwa (DA71) (942),2822953,942
,,0,2023-05-13T12:43:20.025536841Z,2023-06-12T12:43:20.025536841Z,2023-06-06T16:20:23.532361029Z,799.5606,docker_cpu_usage_pct,bwa (DA71) (942),bwa (DA71) (942),2822953,942
,,0,2023-05-13T12:43:20.025536841Z,2023-06-12T12:43:20.025536841Z,2023-06-06T16:20:25.531981169Z,795.5359,docker_cpu_usage_pct,bwa (DA71) (942),bwa (DA71) (942),2822953,942
,,0,2023-05-13T12:43:20.025536841Z,2023-06-12T12:43:20.025536841Z,2023-06-06T16:20:27.531875587Z,799.8259,docker_cpu_usage_pct,bwa (DA71) (942),bwa (DA71) (942),2822953,942
,,0,2023-05-13T12:43:20.025536841Z,2023-06-12T12:43:20.025536841Z,2023-06-06T16:20:29.532321842Z,796.289,docker_cpu_usage_pct,bwa (DA71) (942),bwa (DA71) (942),2822953,942
,,0,2023-05-13T12:43:20.025536841Z,2023-06-12T12:43:20.025536841Z,2023-06-06T16:20:31.532072362Z,799.0087,docker_cpu_usage_pct,bwa (DA71) (942),bwa (DA71) (942),2822953,942
,,0,2023-05-13T12:43:20.025536841Z,2023-06-12T12:43:20.025536841Z,2023-06-06T16:20:33.531859981Z,796.0034,docker_cpu_usage_pct,bwa (DA71) (942),bwa (DA71) (942),2822953,942
,,0,2023-05-13T12:43:20.025536841Z,2023-06-12T12:43:20.025536841Z,2023-06-06T16:20:35.531681152Z,800.8862,docker_cpu_usage_pct,bwa (DA71) (942),bwa (DA71) (942),2822953,942
,,0,2023-05-13T12:43:20.025536841Z,2023-06-12T12:43:20.025536841Z,2023-06-06T16:20:37.53238998Z,799.2221,docker_cpu_usage_pct,bwa (DA71) (942),bwa (DA71) (942),2822953,942
,,0,2023-05-13T12:43:20.025536841Z,2023-06-12T12:43:20.025536841Z,2023-06-06T16:20:39.532197107Z,797.3471,docker_cpu_usage_pct,bwa (DA71) (942),bwa (DA71) (942),2822953,942
,,0,2023-05-13T12:43:20.025536841Z,2023-06-12T12:43:20.025536841Z,2023-06-06T16:20:41.531918859Z,797.8377,docker_cpu_usage_pct,bwa (DA71) (942),bwa (DA71) (942),2822953,942
,,0,2023-05-13T12:43:20.025536841Z,2023-06-12T12:43:20.025536841Z,2023-06-06T16:20:43.531730574Z,794.5885,docker_cpu_usage_pct,bwa (DA71) (942),bwa (DA71) (942),2822953,942
,,0,2023-05-13T12:43:20.025536841Z,2023-06-12T12:43:20.025536841Z,2023-06-06T16:20:45.531489946Z,798.3025,docker_cpu_usage_pct,bwa (DA71) (942),bwa (DA71) (942),2822953,942
,,0,2023-05-13T12:43:20.025536841Z,2023-06-12T12:43:20.025536841Z,2023-06-06T16:20:47.532272512Z,802.1558,docker_cpu_usage_pct,bwa (DA71) (942),bwa (DA71) (942),2822953,942
,,0,2023-05-13T12:43:20.025536841Z,2023-06-12T12:43:20.025536841Z,2023-06-06T16:20:49.531622268Z,793.7788,docker_cpu_usage_pct,bwa (DA71) (942),bwa (DA71) (942),2822953,942
,,0,2023-05-13T12:43:20.025536841Z,2023-06-12T12:43:20.025536841Z,2023-06-06T16:20:51.532423583Z,734.1838,docker_cpu_usage_pct,bwa (DA71) (942),bwa (DA71) (942),2822953,942
,,0,2023-05-13T12:43:20.025536841Z,2023-06-12T12:43:20.025536841Z,2023-06-06T16:20:53.532084477Z,459.1832,docker_cpu_usage_pct,bwa (DA71) (942),bwa (DA71) (942),2822953,942
,,0,2023-05-13T12:43:20.025536841Z,2023-06-12T12:43:20.025536841Z,2023-06-06T16:20:55.531909227Z,280.865,docker_cpu_usage_pct,bwa (DA71) (942),bwa (DA71) (942),2822953,942
,,0,2023-05-13T12:43:20.025536841Z,2023-06-12T12:43:20.025536841Z,2023-06-06T16:20:57.531737285Z,100.1164,docker_cpu_usage_pct,bwa (DA71) (942),bwa (DA71) (942),2822953,942
,,0,2023-05-13T12:43:20.025536841Z,2023-06-12T12:43:20.025536841Z,2023-06-06T16:20:59.531449449Z,798.1592,docker_cpu_usage_pct,bwa (DA71) (942),bwa (DA71) (942),2822953,942
,,0,2023-05-13T12:43:20.025536841Z,2023-06-12T12:43:20.025536841Z,2023-06-06T16:21:01.53659576Z,793.9751,docker_cpu_usage_pct,bwa (DA71) (942),bwa (DA71) (942),2822953,942
,,0,2023-05-13T12:43:20.025536841Z,2023-06-12T12:43:20.025536841Z,2023-06-06T16:21:03.532078077Z,801.0096,docker_cpu_usage_pct,bwa (DA71) (942),bwa (DA71) (942),2822953,942
,,0,2023-05-13T12:43:20.025536841Z,2023-06-12T12:43:20.025536841Z,2023-06-06T16:21:05.531775198Z,799.6383,docker_cpu_usage_pct,bwa (DA71) (942),bwa (DA71) (942),2822953,942
,,0,2023-05-13T12:43:20.025536841Z,2023-06-12T12:43:20.025536841Z,2023-06-06T16:21:07.531470679Z,800.8952,docker_cpu_usage_pct,bwa (DA71) (942),bwa (DA71) (942),2822953,942
,,0,2023-05-13T12:43:20.025536841Z,2023-06-12T12:43:20.025536841Z,2023-06-06T16:21:09.532263506Z,797.8754,docker_cpu_usage_pct,bwa (DA71) (942),bwa (DA71) (942),2822953,942
,,0,2023-05-13T12:43:20.025536841Z,2023-06-12T12:43:20.025536841Z,2023-06-06T16:21:11.532117051Z,799.7493,docker_cpu_usage_pct,bwa (DA71) (942),bwa (DA71) (942),2822953,942
,,0,2023-05-13T12:43:20.025536841Z,2023-06-12T12:43:20.025536841Z,2023-06-06T16:21:13.531864953Z,801.6789,docker_cpu_usage_pct,bwa (DA71) (942),bwa (DA71) (942),2822953,942
,,0,2023-05-13T12:43:20.025536841Z,2023-06-12T12:43:20.025536841Z,2023-06-06T16:21:15.531686425Z,795.3553,docker_cpu_usage_pct,bwa (DA71) (942),bwa (DA71) (942),2822953,942
,,0,2023-05-13T12:43:20.025536841Z,2023-06-12T12:43:20.025536841Z,2023-06-06T16:21:17.532310845Z,798.5166,docker_cpu_usage_pct,bwa (DA71) (942),bwa (DA71) (942),2822953,942
,,0,2023-05-13T12:43:20.025536841Z,2023-06-12T12:43:20.025536841Z,2023-06-06T16:21:19.532107487Z,794.9764,docker_cpu_usage_pct,bwa (DA71) (942),bwa (DA71) (942),2822953,942
,,0,2023-05-13T12:43:20.025536841Z,2023-06-12T12:43:20.025536841Z,2023-06-06T16:21:21.5331295Z,797.3677,docker_cpu_usage_pct,bwa (DA71) (942),bwa (DA71) (942),2822953,942
,,0,2023-05-13T12:43:20.025536841Z,2023-06-12T12:43:20.025536841Z,2023-06-06T16:21:23.531850884Z,795.311,docker_cpu_usage_pct,bwa (DA71) (942),bwa (DA71) (942),2822953,942
,,0,2023-05-13T12:43:20.025536841Z,2023-06-12T12:43:20.025536841Z,2023-06-06T16:21:25.531993487Z,799.0449,docker_cpu_usage_pct,bwa (DA71) (942),bwa (DA71) (942),2822953,942
,,0,2023-05-13T12:43:20.025536841Z,2023-06-12T12:43:20.025536841Z,2023-06-06T16:21:28.531988939Z,798.3366,docker_cpu_usage_pct,bwa (DA71) (942),bwa (DA71) (942),2822953,942
,,0,2023-05-13T12:43:20.025536841Z,2023-06-12T12:43:20.025536841Z,2023-06-06T16:21:30.531501774Z,798.2517,docker_cpu_usage_pct,bwa (DA71) (942),bwa (DA71) (942),2822953,942
,,0,2023-05-13T12:43:20.025536841Z,2023-06-12T12:43:20.025536841Z,2023-06-06T16:21:32.532457659Z,798.5676,docker_cpu_usage_pct,bwa (DA71) (942),bwa (DA71) (942),2822953,942
,,0,2023-05-13T12:43:20.025536841Z,2023-06-12T12:43:20.025536841Z,2023-06-06T16:21:34.532110009Z,795.1889,docker_cpu_usage_pct,bwa (DA71) (942),bwa (DA71) (942),2822953,942
,,0,2023-05-13T12:43:20.025536841Z,2023-06-12T12:43:20.025536841Z,2023-06-06T16:21:36.531625064Z,798.5746,docker_cpu_usage_pct,bwa (DA71) (942),bwa (DA71) (942),2822953,942
,,0,2023-05-13T12:43:20.025536841Z,2023-06-12T12:43:20.025536841Z,2023-06-06T16:21:38.531470331Z,799.1633,docker_cpu_usage_pct,bwa (DA71) (942),bwa (DA71) (942),2822953,942
,,0,2023-05-13T12:43:20.025536841Z,2023-06-12T12:43:20.025536841Z,2023-06-06T16:21:40.532324332Z,755.6745,docker_cpu_usage_pct,bwa (DA71) (942),bwa (DA71) (942),2822953,942
,,0,2023-05-13T12:43:20.025536841Z,2023-06-12T12:43:20.025536841Z,2023-06-06T16:21:42.531850048Z,679.8641,docker_cpu_usage_pct,bwa (DA71) (942),bwa (DA71) (942),2822953,942
,,0,2023-05-13T12:43:20.025536841Z,2023-06-12T12:43:20.025536841Z,2023-06-06T16:21:44.531666873Z,189.7865,docker_cpu_usage_pct,bwa (DA71) (942),bwa (DA71) (942),2822953,942
,,0,2023-05-13T12:43:20.025536841Z,2023-06-12T12:43:20.025536841Z,2023-06-06T16:21:46.532507085Z,99.9121,docker_cpu_usage_pct,bwa (DA71) (942),bwa (DA71) (942),2822953,942
,,0,2023-05-13T12:43:20.025536841Z,2023-06-12T12:43:20.025536841Z,2023-06-06T16:21:48.531771283Z,224.281,docker_cpu_usage_pct,bwa (DA71) (942),bwa (DA71) (942),2822953,942
,,0,2023-05-13T12:43:20.025536841Z,2023-06-12T12:43:20.025536841Z,2023-06-06T16:21:50.531397572Z,799.6061,docker_cpu_usage_pct,bwa (DA71) (942),bwa (DA71) (942),2822953,942
,,0,2023-05-13T12:43:20.025536841Z,2023-06-12T12:43:20.025536841Z,2023-06-06T16:21:52.532122031Z,799.5701,docker_cpu_usage_pct,bwa (DA71) (942),bwa (DA71) (942),2822953,942
,,0,2023-05-13T12:43:20.025536841Z,2023-06-12T12:43:20.025536841Z,2023-06-06T16:21:54.531938588Z,795.9643,docker_cpu_usage_pct,bwa (DA71) (942),bwa (DA71) (942),2822953,942
,,0,2023-05-13T12:43:20.025536841Z,2023-06-12T12:43:20.025536841Z,2023-06-06T16:21:56.531713474Z,798.279,docker_cpu_usage_pct,bwa (DA71) (942),bwa (DA71) (942),2822953,942
,,0,2023-05-13T12:43:20.025536841Z,2023-06-12T12:43:20.025536841Z,2023-06-06T16:21:58.53145496Z,799.894,docker_cpu_usage_pct,bwa (DA71) (942),bwa (DA71) (942),2822953,942
,,0,2023-05-13T12:43:20.025536841Z,2023-06-12T12:43:20.025536841Z,2023-06-06T16:22:00.532328894Z,800.412,docker_cpu_usage_pct,bwa (DA71) (942),bwa (DA71) (942),2822953,942
,,0,2023-05-13T12:43:20.025536841Z,2023-06-12T12:43:20.025536841Z,2023-06-06T16:22:02.532013969Z,799.034,docker_cpu_usage_pct,bwa (DA71) (942),bwa (DA71) (942),2822953,942
,,0,2023-05-13T12:43:20.025536841Z,2023-06-12T12:43:20.025536841Z,2023-06-06T16:22:04.531690434Z,798.2583,docker_cpu_usage_pct,bwa (DA71) (942),bwa (DA71) (942),2822953,942
,,0,2023-05-13T12:43:20.025536841Z,2023-06-12T12:43:20.025536841Z,2023-06-06T16:22:06.531532174Z,798.581,docker_cpu_usage_pct,bwa (DA71) (942),bwa (DA71) (942),2822953,942
,,0,2023-05-13T12:43:20.025536841Z,2023-06-12T12:43:20.025536841Z,2023-06-06T16:22:08.532334409Z,797.4499,docker_cpu_usage_pct,bwa (DA71) (942),bwa (DA71) (942),2822953,942
,,0,2023-05-13T12:43:20.025536841Z,2023-06-12T12:43:20.025536841Z,2023-06-06T16:22:10.532109349Z,795.9573,docker_cpu_usage_pct,bwa (DA71) (942),bwa (DA71) (942),2822953,942
,,0,2023-05-13T12:43:20.025536841Z,2023-06-12T12:43:20.025536841Z,2023-06-06T16:22:12.532106086Z,793.946,docker_cpu_usage_pct,bwa (DA71) (942),bwa (DA71) (942),2822953,942
,,0,2023-05-13T12:43:20.025536841Z,2023-06-12T12:43:20.025536841Z,2023-06-06T16:22:14.531627229Z,799.155,docker_cpu_usage_pct,bwa (DA71) (942),bwa (DA71) (942),2822953,942
,,0,2023-05-13T12:43:20.025536841Z,2023-06-12T12:43:20.025536841Z,2023-06-06T16:22:16.532426566Z,799.2181,docker_cpu_usage_pct,bwa (DA71) (942),bwa (DA71) (942),2822953,942
,,0,2023-05-13T12:43:20.025536841Z,2023-06-12T12:43:20.025536841Z,2023-06-06T16:22:18.532095845Z,800.9801,docker_cpu_usage_pct,bwa (DA71) (942),bwa (DA71) (942),2822953,942
,,0,2023-05-13T12:43:20.025536841Z,2023-06-12T12:43:20.025536841Z,2023-06-06T16:22:20.532355215Z,796.5758,docker_cpu_usage_pct,bwa (DA71) (942),bwa (DA71) (942),2822953,942
,,0,2023-05-13T12:43:20.025536841Z,2023-06-12T12:43:20.025536841Z,2023-06-06T16:22:22.532166451Z,799.8757,docker_cpu_usage_pct,bwa (DA71) (942),bwa (DA71) (942),2822953,942
,,0,2023-05-13T12:43:20.025536841Z,2023-06-12T12:43:20.025536841Z,2023-06-06T16:22:24.531950946Z,800.8366,docker_cpu_usage_pct,bwa (DA71) (942),bwa (DA71) (942),2822953,942
,,0,2023-05-13T12:43:20.025536841Z,2023-06-12T12:43:20.025536841Z,2023-06-06T16:22:26.531673551Z,794.0384,docker_cpu_usage_pct,bwa (DA71) (942),bwa (DA71) (942),2822953,942
,,0,2023-05-13T12:43:20.025536841Z,2023-06-12T12:43:20.025536841Z,2023-06-06T16:22:28.532422951Z,799.51,docker_cpu_usage_pct,bwa (DA71) (942),bwa (DA71) (942),2822953,942
,,0,2023-05-13T12:43:20.025536841Z,2023-06-12T12:43:20.025536841Z,2023-06-06T16:22:30.532072175Z,800.4069,docker_cpu_usage_pct,bwa (DA71) (942),bwa (DA71) (942),2822953,942
,,0,2023-05-13T12:43:20.025536841Z,2023-06-12T12:43:20.025536841Z,2023-06-06T16:22:32.531932637Z,509.5033,docker_cpu_usage_pct,bwa (DA71) (942),bwa (DA71) (942),2822953,942
,,0,2023-05-13T12:43:20.025536841Z,2023-06-12T12:43:20.025536841Z,2023-06-06T16:22:34.531491859Z,499.99,docker_cpu_usage_pct,bwa (DA71) (942),bwa (DA71) (942),2822953,942
,,0,2023-05-13T12:43:20.025536841Z,2023-06-12T12:43:20.025536841Z,2023-06-06T16:22:36.532453061Z,402.1618,docker_cpu_usage_pct,bwa (DA71) (942),bwa (DA71) (942),2822953,942
,,0,2023-05-13T12:43:20.025536841Z,2023-06-12T12:43:20.025536841Z,2023-06-06T16:22:38.532089809Z,120.256,docker_cpu_usage_pct,bwa (DA71) (942),bwa (DA71) (942),2822953,942
,,0,2023-05-13T12:43:20.025536841Z,2023-06-12T12:43:20.025536841Z,2023-06-06T16:22:40.532100221Z,99.7394,docker_cpu_usage_pct,bwa (DA71) (942),bwa (DA71) (942),2822953,942
,,0,2023-05-13T12:43:20.025536841Z,2023-06-12T12:43:20.025536841Z,2023-06-06T16:22:42.544491437Z,789.8872,docker_cpu_usage_pct,bwa (DA71) (942),bwa (DA71) (942),2822953,942
,,0,2023-05-13T12:43:20.025536841Z,2023-06-12T12:43:20.025536841Z,2023-06-06T16:22:44.531862878Z,798.9846,docker_cpu_usage_pct,bwa (DA71) (942),bwa (DA71) (942),2822953,942
,,0,2023-05-13T12:43:20.025536841Z,2023-06-12T12:43:20.025536841Z,2023-06-06T16:22:46.531740029Z,801.2369,docker_cpu_usage_pct,bwa (DA71) (942),bwa (DA71) (942),2822953,942
,,0,2023-05-13T12:43:20.025536841Z,2023-06-12T12:43:20.025536841Z,2023-06-06T16:22:48.531447975Z,794.0717,docker_cpu_usage_pct,bwa (DA71) (942),bwa (DA71) (942),2822953,942
,,0,2023-05-13T12:43:20.025536841Z,2023-06-12T12:43:20.025536841Z,2023-06-06T16:22:50.532268281Z,799.4337,docker_cpu_usage_pct,bwa (DA71) (942),bwa (DA71) (942),2822953,942
,,0,2023-05-13T12:43:20.025536841Z,2023-06-12T12:43:20.025536841Z,2023-06-06T16:22:52.53199564Z,797.2566,docker_cpu_usage_pct,bwa (DA71) (942),bwa (DA71) (942),2822953,942
,,0,2023-05-13T12:43:20.025536841Z,2023-06-12T12:43:20.025536841Z,2023-06-06T16:22:54.531673049Z,799.9452,docker_cpu_usage_pct,bwa (DA71) (942),bwa (DA71) (942),2822953,942
,,0,2023-05-13T12:43:20.025536841Z,2023-06-12T12:43:20.025536841Z,2023-06-06T16:22:57.531602956Z,799.6339,docker_cpu_usage_pct,bwa (DA71) (942),bwa (DA71) (942),2822953,942
,,0,2023-05-13T12:43:20.025536841Z,2023-06-12T12:43:20.025536841Z,2023-06-06T16:22:59.532473135Z,798.7538,docker_cpu_usage_pct,bwa (DA71) (942),bwa (DA71) (942),2822953,942
,,0,2023-05-13T12:43:20.025536841Z,2023-06-12T12:43:20.025536841Z,2023-06-06T16:23:01.53173646Z,800.173,docker_cpu_usage_pct,bwa (DA71) (942),bwa (DA71) (942),2822953,942
,,0,2023-05-13T12:43:20.025536841Z,2023-06-12T12:43:20.025536841Z,2023-06-06T16:23:03.532488627Z,797.4887,docker_cpu_usage_pct,bwa (DA71) (942),bwa (DA71) (942),2822953,942
,,0,2023-05-13T12:43:20.025536841Z,2023-06-12T12:43:20.025536841Z,2023-06-06T16:23:05.531667383Z,799.693,docker_cpu_usage_pct,bwa (DA71) (942),bwa (DA71) (942),2822953,942
,,0,2023-05-13T12:43:20.025536841Z,2023-06-12T12:43:20.025536841Z,2023-06-06T16:23:07.531683659Z,796.4644,docker_cpu_usage_pct,bwa (DA71) (942),bwa (DA71) (942),2822953,942
,,0,2023-05-13T12:43:20.025536841Z,2023-06-12T12:43:20.025536841Z,2023-06-06T16:23:09.531364385Z,798.8425,docker_cpu_usage_pct,bwa (DA71) (942),bwa (DA71) (942),2822953,942
,,0,2023-05-13T12:43:20.025536841Z,2023-06-12T12:43:20.025536841Z,2023-06-06T16:23:11.532391798Z,795.3907,docker_cpu_usage_pct,bwa (DA71) (942),bwa (DA71) (942),2822953,942
,,0,2023-05-13T12:43:20.025536841Z,2023-06-12T12:43:20.025536841Z,2023-06-06T16:23:13.532457221Z,798.4504,docker_cpu_usage_pct,bwa (DA71) (942),bwa (DA71) (942),2822953,942
,,0,2023-05-13T12:43:20.025536841Z,2023-06-12T12:43:20.025536841Z,2023-06-06T16:23:15.532129431Z,797.5918,docker_cpu_usage_pct,bwa (DA71) (942),bwa (DA71) (942),2822953,942
,,0,2023-05-13T12:43:20.025536841Z,2023-06-12T12:43:20.025536841Z,2023-06-06T16:23:17.53197392Z,797.7487,docker_cpu_usage_pct,bwa (DA71) (942),bwa (DA71) (942),2822953,942
,,0,2023-05-13T12:43:20.025536841Z,2023-06-12T12:43:20.025536841Z,2023-06-06T16:23:19.531833821Z,797.1269,docker_cpu_usage_pct,bwa (DA71) (942),bwa (DA71) (942),2822953,942
,,0,2023-05-13T12:43:20.025536841Z,2023-06-12T12:43:20.025536841Z,2023-06-06T16:23:21.532390827Z,794.235,docker_cpu_usage_pct,bwa (DA71) (942),bwa (DA71) (942),2822953,942
,,0,2023-05-13T12:43:20.025536841Z,2023-06-12T12:43:20.025536841Z,2023-06-06T16:23:23.532220931Z,798.325,docker_cpu_usage_pct,bwa (DA71) (942),bwa (DA71) (942),2822953,942
,,0,2023-05-13T12:43:20.025536841Z,2023-06-12T12:43:20.025536841Z,2023-06-06T16:23:25.531911651Z,796.8231,docker_cpu_usage_pct,bwa (DA71) (942),bwa (DA71) (942),2822953,942
,,0,2023-05-13T12:43:20.025536841Z,2023-06-12T12:43:20.025536841Z,2023-06-06T16:23:27.531559612Z,701.8267,docker_cpu_usage_pct,bwa (DA71) (942),bwa (DA71) (942),2822953,942
,,0,2023-05-13T12:43:20.025536841Z,2023-06-12T12:43:20.025536841Z,2023-06-06T16:23:29.532296822Z,603.967,docker_cpu_usage_pct,bwa (DA71) (942),bwa (DA71) (942),2822953,942
,,0,2023-05-13T12:43:20.025536841Z,2023-06-12T12:43:20.025536841Z,2023-06-06T16:23:31.531860614Z,579.521,docker_cpu_usage_pct,bwa (DA71) (942),bwa (DA71) (942),2822953,942
,,0,2023-05-13T12:43:20.025536841Z,2023-06-12T12:43:20.025536841Z,2023-06-06T16:23:33.531696898Z,247.6116,docker_cpu_usage_pct,bwa (DA71) (942),bwa (DA71) (942),2822953,942
,,0,2023-05-13T12:43:20.025536841Z,2023-06-12T12:43:20.025536841Z,2023-06-06T16:23:35.531391849Z,147.2351,docker_cpu_usage_pct,bwa (DA71) (942),bwa (DA71) (942),2822953,942
,,0,2023-05-13T12:43:20.025536841Z,2023-06-12T12:43:20.025536841Z,2023-06-06T16:23:37.531553357Z,316.7778,docker_cpu_usage_pct,bwa (DA71) (942),bwa (DA71) (942),2822953,942
,,0,2023-05-13T12:43:20.025536841Z,2023-06-12T12:43:20.025536841Z,2023-06-06T16:23:39.53235961Z,799.109,docker_cpu_usage_pct,bwa (DA71) (942),bwa (DA71) (942),2822953,942
,,0,2023-05-13T12:43:20.025536841Z,2023-06-12T12:43:20.025536841Z,2023-06-06T16:23:41.532357458Z,793.7674,docker_cpu_usage_pct,bwa (DA71) (942),bwa (DA71) (942),2822953,942
,,0,2023-05-13T12:43:20.025536841Z,2023-06-12T12:43:20.025536841Z,2023-06-06T16:23:43.531731266Z,798.1306,docker_cpu_usage_pct,bwa (DA71) (942),bwa (DA71) (942),2822953,942
,,0,2023-05-13T12:43:20.025536841Z,2023-06-12T12:43:20.025536841Z,2023-06-06T16:23:45.532495084Z,800.5818,docker_cpu_usage_pct,bwa (DA71) (942),bwa (DA71) (942),2822953,942
,,0,2023-05-13T12:43:20.025536841Z,2023-06-12T12:43:20.025536841Z,2023-06-06T16:23:47.532141916Z,797.8382,docker_cpu_usage_pct,bwa (DA71) (942),bwa (DA71) (942),2822953,942
,,0,2023-05-13T12:43:20.025536841Z,2023-06-12T12:43:20.025536841Z,2023-06-06T16:23:49.531922305Z,793.0252,docker_cpu_usage_pct,bwa (DA71) (942),bwa (DA71) (942),2822953,942
,,0,2023-05-13T12:43:20.025536841Z,2023-06-12T12:43:20.025536841Z,2023-06-06T16:23:51.531606613Z,800.0014,docker_cpu_usage_pct,bwa (DA71) (942),bwa (DA71) (942),2822953,942
,,0,2023-05-13T12:43:20.025536841Z,2023-06-12T12:43:20.025536841Z,2023-06-06T16:23:53.532383091Z,800.3689,docker_cpu_usage_pct,bwa (DA71) (942),bwa (DA71) (942),2822953,942
,,0,2023-05-13T12:43:20.025536841Z,2023-06-12T12:43:20.025536841Z,2023-06-06T16:23:55.531706241Z,797.8941,docker_cpu_usage_pct,bwa (DA71) (942),bwa (DA71) (942),2822953,942
,,0,2023-05-13T12:43:20.025536841Z,2023-06-12T12:43:20.025536841Z,2023-06-06T16:23:57.532461282Z,799.2044,docker_cpu_usage_pct,bwa (DA71) (942),bwa (DA71) (942),2822953,942
,,0,2023-05-13T12:43:20.025536841Z,2023-06-12T12:43:20.025536841Z,2023-06-06T16:23:59.531743216Z,799.878,docker_cpu_usage_pct,bwa (DA71) (942),bwa (DA71) (942),2822953,942
,,0,2023-05-13T12:43:20.025536841Z,2023-06-12T12:43:20.025536841Z,2023-06-06T16:24:01.531400895Z,802.2302,docker_cpu_usage_pct,bwa (DA71) (942),bwa (DA71) (942),2822953,942
,,0,2023-05-13T12:43:20.025536841Z,2023-06-12T12:43:20.025536841Z,2023-06-06T16:24:03.531695329Z,799.8914,docker_cpu_usage_pct,bwa (DA71) (942),bwa (DA71) (942),2822953,942
,,0,2023-05-13T12:43:20.025536841Z,2023-06-12T12:43:20.025536841Z,2023-06-06T16:24:05.531479717Z,796.9384,docker_cpu_usage_pct,bwa (DA71) (942),bwa (DA71) (942),2822953,942
,,0,2023-05-13T12:43:20.025536841Z,2023-06-12T12:43:20.025536841Z,2023-06-06T16:24:07.532128757Z,797.5429,docker_cpu_usage_pct,bwa (DA71) (942),bwa (DA71) (942),2822953,942
,,0,2023-05-13T12:43:20.025536841Z,2023-06-12T12:43:20.025536841Z,2023-06-06T16:24:09.531928031Z,797.259,docker_cpu_usage_pct,bwa (DA71) (942),bwa (DA71) (942),2822953,942
,,0,2023-05-13T12:43:20.025536841Z,2023-06-12T12:43:20.025536841Z,2023-06-06T16:24:11.531698827Z,802.663,docker_cpu_usage_pct,bwa (DA71) (942),bwa (DA71) (942),2822953,942
,,0,2023-05-13T12:43:20.025536841Z,2023-06-12T12:43:20.025536841Z,2023-06-06T16:24:13.532306264Z,795.4438,docker_cpu_usage_pct,bwa (DA71) (942),bwa (DA71) (942),2822953,942
,,0,2023-05-13T12:43:20.025536841Z,2023-06-12T12:43:20.025536841Z,2023-06-06T16:24:15.532337993Z,798.4993,docker_cpu_usage_pct,bwa (DA71) (942),bwa (DA71) (942),2822953,942
,,0,2023-05-13T12:43:20.025536841Z,2023-06-12T12:43:20.025536841Z,2023-06-06T16:24:17.531924761Z,792.0618,docker_cpu_usage_pct,bwa (DA71) (942),bwa (DA71) (942),2822953,942
,,0,2023-05-13T12:43:20.025536841Z,2023-06-12T12:43:20.025536841Z,2023-06-06T16:24:19.531500449Z,800.3119,docker_cpu_usage_pct,bwa (DA71) (942),bwa (DA71) (942),2822953,942
,,0,2023-05-13T12:43:20.025536841Z,2023-06-12T12:43:20.025536841Z,2023-06-06T16:24:21.532125318Z,702.0077,docker_cpu_usage_pct,bwa (DA71) (942),bwa (DA71) (942),2822953,942
,,0,2023-05-13T12:43:20.025536841Z,2023-06-12T12:43:20.025536841Z,2023-06-06T16:24:23.531953872Z,700.014,docker_cpu_usage_pct,bwa (DA71) (942),bwa (DA71) (942),2822953,942
,,0,2023-05-13T12:43:20.025536841Z,2023-06-12T12:43:20.025536841Z,2023-06-06T16:24:25.531750217Z,524.2681,docker_cpu_usage_pct,bwa (DA71) (942),bwa (DA71) (942),2822953,942
,,0,2023-05-13T12:43:20.025536841Z,2023-06-12T12:43:20.025536841Z,2023-06-06T16:24:27.531594597Z,312.4069,docker_cpu_usage_pct,bwa (DA71) (942),bwa (DA71) (942),2822953,942
,,0,2023-05-13T12:43:20.025536841Z,2023-06-12T12:43:20.025536841Z,2023-06-06T16:24:29.532112963Z,175.2653,docker_cpu_usage_pct,bwa (DA71) (942),bwa (DA71) (942),2822953,942
,,0,2023-05-13T12:43:20.025536841Z,2023-06-12T12:43:20.025536841Z,2023-06-06T16:24:31.531784552Z,798.6119,docker_cpu_usage_pct,bwa (DA71) (942),bwa (DA71) (942),2822953,942
,,0,2023-05-13T12:43:20.025536841Z,2023-06-12T12:43:20.025536841Z,2023-06-06T16:24:33.538878668Z,799.7287,docker_cpu_usage_pct,bwa (DA71) (942),bwa (DA71) (942),2822953,942
,,0,2023-05-13T12:43:20.025536841Z,2023-06-12T12:43:20.025536841Z,2023-06-06T16:24:36.531908313Z,799.1638,docker_cpu_usage_pct,bwa (DA71) (942),bwa (DA71) (942),2822953,942
,,0,2023-05-13T12:43:20.025536841Z,2023-06-12T12:43:20.025536841Z,2023-06-06T16:24:38.531616099Z,799.6303,docker_cpu_usage_pct,bwa (DA71) (942),bwa (DA71) (942),2822953,942
,,0,2023-05-13T12:43:20.025536841Z,2023-06-12T12:43:20.025536841Z,2023-06-06T16:24:40.53254532Z,794.2379,docker_cpu_usage_pct,bwa (DA71) (942),bwa (DA71) (942),2822953,942
,,0,2023-05-13T12:43:20.025536841Z,2023-06-12T12:43:20.025536841Z,2023-06-06T16:24:42.53217803Z,796.7151,docker_cpu_usage_pct,bwa (DA71) (942),bwa (DA71) (942),2822953,942
,,0,2023-05-13T12:43:20.025536841Z,2023-06-12T12:43:20.025536841Z,2023-06-06T16:24:44.531938087Z,799.1063,docker_cpu_usage_pct,bwa (DA71) (942),bwa (DA71) (942),2822953,942
,,0,2023-05-13T12:43:20.025536841Z,2023-06-12T12:43:20.025536841Z,2023-06-06T16:24:46.531707458Z,800.231,docker_cpu_usage_pct,bwa (DA71) (942),bwa (DA71) (942),2822953,942
,,0,2023-05-13T12:43:20.025536841Z,2023-06-12T12:43:20.025536841Z,2023-06-06T16:24:48.531493022Z,803.8666,docker_cpu_usage_pct,bwa (DA71) (942),bwa (DA71) (942),2822953,942
,,0,2023-05-13T12:43:20.025536841Z,2023-06-12T12:43:20.025536841Z,2023-06-06T16:24:50.532280774Z,798.707,docker_cpu_usage_pct,bwa (DA71) (942),bwa (DA71) (942),2822953,942
,,0,2023-05-13T12:43:20.025536841Z,2023-06-12T12:43:20.025536841Z,2023-06-06T16:24:52.532041963Z,799.4948,docker_cpu_usage_pct,bwa (DA71) (942),bwa (DA71) (942),2822953,942
,,0,2023-05-13T12:43:20.025536841Z,2023-06-12T12:43:20.025536841Z,2023-06-06T16:24:54.531885909Z,797.0689,docker_cpu_usage_pct,bwa (DA71) (942),bwa (DA71) (942),2822953,942
,,0,2023-05-13T12:43:20.025536841Z,2023-06-12T12:43:20.025536841Z,2023-06-06T16:24:56.531655716Z,799.9532,docker_cpu_usage_pct,bwa (DA71) (942),bwa (DA71) (942),2822953,942
,,0,2023-05-13T12:43:20.025536841Z,2023-06-12T12:43:20.025536841Z,2023-06-06T16:24:58.532404949Z,799.0522,docker_cpu_usage_pct,bwa (DA71) (942),bwa (DA71) (942),2822953,942
,,0,2023-05-13T12:43:20.025536841Z,2023-06-12T12:43:20.025536841Z,2023-06-06T16:25:00.532196683Z,794.682,docker_cpu_usage_pct,bwa (DA71) (942),bwa (DA71) (942),2822953,942
,,0,2023-05-13T12:43:20.025536841Z,2023-06-12T12:43:20.025536841Z,2023-06-06T16:25:02.532017091Z,790.4206,docker_cpu_usage_pct,bwa (DA71) (942),bwa (DA71) (942),2822953,942
,,0,2023-05-13T12:43:20.025536841Z,2023-06-12T12:43:20.025536841Z,2023-06-06T16:25:04.531735818Z,794.1815,docker_cpu_usage_pct,bwa (DA71) (942),bwa (DA71) (942),2822953,942
,,0,2023-05-13T12:43:20.025536841Z,2023-06-12T12:43:20.025536841Z,2023-06-06T16:25:06.531398197Z,796.9026,docker_cpu_usage_pct,bwa (DA71) (942),bwa (DA71) (942),2822953,942
,,0,2023-05-13T12:43:20.025536841Z,2023-06-12T12:43:20.025536841Z,2023-06-06T16:25:08.532294703Z,795.5501,docker_cpu_usage_pct,bwa (DA71) (942),bwa (DA71) (942),2822953,942
,,0,2023-05-13T12:43:20.025536841Z,2023-06-12T12:43:20.025536841Z,2023-06-06T16:25:10.531932498Z,797.9361,docker_cpu_usage_pct,bwa (DA71) (942),bwa (DA71) (942),2822953,942
,,0,2023-05-13T12:43:20.025536841Z,2023-06-12T12:43:20.025536841Z,2023-06-06T16:25:12.531626418Z,798.0552,docker_cpu_usage_pct,bwa (DA71) (942),bwa (DA71) (942),2822953,942
,,0,2023-05-13T12:43:20.025536841Z,2023-06-12T12:43:20.025536841Z,2023-06-06T16:25:14.531337553Z,699.8998,docker_cpu_usage_pct,bwa (DA71) (942),bwa (DA71) (942),2822953,942
,,0,2023-05-13T12:43:20.025536841Z,2023-06-12T12:43:20.025536841Z,2023-06-06T16:25:16.532180199Z,541.1359,docker_cpu_usage_pct,bwa (DA71) (942),bwa (DA71) (942),2822953,942
,,0,2023-05-13T12:43:20.025536841Z,2023-06-12T12:43:20.025536841Z,2023-06-06T16:25:18.53185416Z,258.368,docker_cpu_usage_pct,bwa (DA71) (942),bwa (DA71) (942),2822953,942
,,0,2023-05-13T12:43:20.025536841Z,2023-06-12T12:43:20.025536841Z,2023-06-06T16:25:20.53169886Z,99.1613,docker_cpu_usage_pct,bwa (DA71) (942),bwa (DA71) (942),2822953,942
,,0,2023-05-13T12:43:20.025536841Z,2023-06-12T12:43:20.025536841Z,2023-06-06T16:25:22.531640207Z,99.6104,docker_cpu_usage_pct,bwa (DA71) (942),bwa (DA71) (942),2822953,942
,,0,2023-05-13T12:43:20.025536841Z,2023-06-12T12:43:20.025536841Z,2023-06-06T16:25:24.532286801Z,795.4188,docker_cpu_usage_pct,bwa (DA71) (942),bwa (DA71) (942),2822953,942
,,0,2023-05-13T12:43:20.025536841Z,2023-06-12T12:43:20.025536841Z,2023-06-06T16:25:26.532031027Z,798.6213,docker_cpu_usage_pct,bwa (DA71) (942),bwa (DA71) (942),2822953,942
,,0,2023-05-13T12:43:20.025536841Z,2023-06-12T12:43:20.025536841Z,2023-06-06T16:25:28.53182934Z,800.1711,docker_cpu_usage_pct,bwa (DA71) (942),bwa (DA71) (942),2822953,942
,,0,2023-05-13T12:43:20.025536841Z,2023-06-12T12:43:20.025536841Z,2023-06-06T16:25:30.531596255Z,798.0626,docker_cpu_usage_pct,bwa (DA71) (942),bwa (DA71) (942),2822953,942
,,0,2023-05-13T12:43:20.025536841Z,2023-06-12T12:43:20.025536841Z,2023-06-06T16:25:32.532478662Z,795.7761,docker_cpu_usage_pct,bwa (DA71) (942),bwa (DA71) (942),2822953,942
,,0,2023-05-13T12:43:20.025536841Z,2023-06-12T12:43:20.025536841Z,2023-06-06T16:25:34.531705956Z,798.3299,docker_cpu_usage_pct,bwa (DA71) (942),bwa (DA71) (942),2822953,942
,,0,2023-05-13T12:43:20.025536841Z,2023-06-12T12:43:20.025536841Z,2023-06-06T16:25:36.532412764Z,798.8172,docker_cpu_usage_pct,bwa (DA71) (942),bwa (DA71) (942),2822953,942
,,0,2023-05-13T12:43:20.025536841Z,2023-06-12T12:43:20.025536841Z,2023-06-06T16:25:38.531655926Z,797.7831,docker_cpu_usage_pct,bwa (DA71) (942),bwa (DA71) (942),2822953,942
,,0,2023-05-13T12:43:20.025536841Z,2023-06-12T12:43:20.025536841Z,2023-06-06T16:25:40.532458766Z,796.1384,docker_cpu_usage_pct,bwa (DA71) (942),bwa (DA71) (942),2822953,942
,,0,2023-05-13T12:43:20.025536841Z,2023-06-12T12:43:20.025536841Z,2023-06-06T16:25:42.531744657Z,794.9259,docker_cpu_usage_pct,bwa (DA71) (942),bwa (DA71) (942),2822953,942
,,0,2023-05-13T12:43:20.025536841Z,2023-06-12T12:43:20.025536841Z,2023-06-06T16:25:44.531548269Z,801.315,docker_cpu_usage_pct,bwa (DA71) (942),bwa (DA71) (942),2822953,942
,,0,2023-05-13T12:43:20.025536841Z,2023-06-12T12:43:20.025536841Z,2023-06-06T16:25:46.532327599Z,799.5473,docker_cpu_usage_pct,bwa (DA71) (942),bwa (DA71) (942),2822953,942
,,0,2023-05-13T12:43:20.025536841Z,2023-06-12T12:43:20.025536841Z,2023-06-06T16:25:48.532071148Z,802.1651,docker_cpu_usage_pct,bwa (DA71) (942),bwa (DA71) (942),2822953,942
,,0,2023-05-13T12:43:20.025536841Z,2023-06-12T12:43:20.025536841Z,2023-06-06T16:25:50.531878862Z,798.2214,docker_cpu_usage_pct,bwa (DA71) (942),bwa (DA71) (942),2822953,942
,,0,2023-05-13T12:43:20.025536841Z,2023-06-12T12:43:20.025536841Z,2023-06-06T16:25:52.53165671Z,799.614,docker_cpu_usage_pct,bwa (DA71) (942),bwa (DA71) (942),2822953,942
,,0,2023-05-13T12:43:20.025536841Z,2023-06-12T12:43:20.025536841Z,2023-06-06T16:25:54.532490207Z,795.675,docker_cpu_usage_pct,bwa (DA71) (942),bwa (DA71) (942),2822953,942
,,0,2023-05-13T12:43:20.025536841Z,2023-06-12T12:43:20.025536841Z,2023-06-06T16:25:56.53221316Z,797.4675,docker_cpu_usage_pct,bwa (DA71) (942),bwa (DA71) (942),2822953,942
,,0,2023-05-13T12:43:20.025536841Z,2023-06-12T12:43:20.025536841Z,2023-06-06T16:25:58.532206476Z,795.7202,docker_cpu_usage_pct,bwa (DA71) (942),bwa (DA71) (942),2822953,942
,,0,2023-05-13T12:43:20.025536841Z,2023-06-12T12:43:20.025536841Z,2023-06-06T16:26:00.531730371Z,795.2556,docker_cpu_usage_pct,bwa (DA71) (942),bwa (DA71) (942),2822953,942
,,0,2023-05-13T12:43:20.025536841Z,2023-06-12T12:43:20.025536841Z,2023-06-06T16:26:02.532536593Z,799.3715,docker_cpu_usage_pct,bwa (DA71) (942),bwa (DA71) (942),2822953,942
,,0,2023-05-13T12:43:20.025536841Z,2023-06-12T12:43:20.025536841Z,2023-06-06T16:26:04.532091877Z,792.592,docker_cpu_usage_pct,bwa (DA71) (942),bwa (DA71) (942),2822953,942
,,0,2023-05-13T12:43:20.025536841Z,2023-06-12T12:43:20.025536841Z,2023-06-06T16:26:06.531897853Z,699.2496,docker_cpu_usage_pct,bwa (DA71) (942),bwa (DA71) (942),2822953,942
,,0,2023-05-13T12:43:20.025536841Z,2023-06-12T12:43:20.025536841Z,2023-06-06T16:26:08.531651122Z,700.2695,docker_cpu_usage_pct,bwa (DA71) (942),bwa (DA71) (942),2822953,942
,,0,2023-05-13T12:43:20.025536841Z,2023-06-12T12:43:20.025536841Z,2023-06-06T16:26:10.53244231Z,518.9771,docker_cpu_usage_pct,bwa (DA71) (942),bwa (DA71) (942),2822953,942
,,0,2023-05-13T12:43:20.025536841Z,2023-06-12T12:43:20.025536841Z,2023-06-06T16:26:12.533259483Z,454.8103,docker_cpu_usage_pct,bwa (DA71) (942),bwa (DA71) (942),2822953,942
,,0,2023-05-13T12:43:20.025536841Z,2023-06-12T12:43:20.025536841Z,2023-06-06T16:26:15.532235266Z,555.4209,docker_cpu_usage_pct,bwa (DA71) (942),bwa (DA71) (942),2822953,942
,,0,2023-05-13T12:43:20.025536841Z,2023-06-12T12:43:20.025536841Z,2023-06-06T16:26:17.531866824Z,799.63,docker_cpu_usage_pct,bwa (DA71) (942),bwa (DA71) (942),2822953,942
,,0,2023-05-13T12:43:20.025536841Z,2023-06-12T12:43:20.025536841Z,2023-06-06T16:26:19.531711894Z,797.9411,docker_cpu_usage_pct,bwa (DA71) (942),bwa (DA71) (942),2822953,942
,,0,2023-05-13T12:43:20.025536841Z,2023-06-12T12:43:20.025536841Z,2023-06-06T16:26:21.531630581Z,797.2938,docker_cpu_usage_pct,bwa (DA71) (942),bwa (DA71) (942),2822953,942
,,0,2023-05-13T12:43:20.025536841Z,2023-06-12T12:43:20.025536841Z,2023-06-06T16:26:23.531637945Z,796.7732,docker_cpu_usage_pct,bwa (DA71) (942),bwa (DA71) (942),2822953,942
,,0,2023-05-13T12:43:20.025536841Z,2023-06-12T12:43:20.025536841Z,2023-06-06T16:26:25.531703996Z,798.918,docker_cpu_usage_pct,bwa (DA71) (942),bwa (DA71) (942),2822953,942
,,0,2023-05-13T12:43:20.025536841Z,2023-06-12T12:43:20.025536841Z,2023-06-06T16:26:27.531538863Z,799.949,docker_cpu_usage_pct,bwa (DA71) (942),bwa (DA71) (942),2822953,942
,,0,2023-05-13T12:43:20.025536841Z,2023-06-12T12:43:20.025536841Z,2023-06-06T16:26:29.532346346Z,799.4197,docker_cpu_usage_pct,bwa (DA71) (942),bwa (DA71) (942),2822953,942
,,0,2023-05-13T12:43:20.025536841Z,2023-06-12T12:43:20.025536841Z,2023-06-06T16:26:31.531880862Z,799.1032,docker_cpu_usage_pct,bwa (DA71) (942),bwa (DA71) (942),2822953,942
,,0,2023-05-13T12:43:20.025536841Z,2023-06-12T12:43:20.025536841Z,2023-06-06T16:26:33.531727592Z,796.6364,docker_cpu_usage_pct,bwa (DA71) (942),bwa (DA71) (942),2822953,942
,,0,2023-05-13T12:43:20.025536841Z,2023-06-12T12:43:20.025536841Z,2023-06-06T16:26:35.531650379Z,800.0274,docker_cpu_usage_pct,bwa (DA71) (942),bwa (DA71) (942),2822953,942
,,0,2023-05-13T12:43:20.025536841Z,2023-06-12T12:43:20.025536841Z,2023-06-06T16:26:37.531379584Z,799.1371,docker_cpu_usage_pct,bwa (DA71) (942),bwa (DA71) (942),2822953,942
,,0,2023-05-13T12:43:20.025536841Z,2023-06-12T12:43:20.025536841Z,2023-06-06T16:26:39.531698914Z,795.4831,docker_cpu_usage_pct,bwa (DA71) (942),bwa (DA71) (942),2822953,942
,,0,2023-05-13T12:43:20.025536841Z,2023-06-12T12:43:20.025536841Z,2023-06-06T16:26:41.531463959Z,799.0276,docker_cpu_usage_pct,bwa (DA71) (942),bwa (DA71) (942),2822953,942
,,0,2023-05-13T12:43:20.025536841Z,2023-06-12T12:43:20.025536841Z,2023-06-06T16:26:43.531658204Z,802.0938,docker_cpu_usage_pct,bwa (DA71) (942),bwa (DA71) (942),2822953,942
,,0,2023-05-13T12:43:20.025536841Z,2023-06-12T12:43:20.025536841Z,2023-06-06T16:26:45.532535866Z,797.8259,docker_cpu_usage_pct,bwa (DA71) (942),bwa (DA71) (942),2822953,942
,,0,2023-05-13T12:43:20.025536841Z,2023-06-12T12:43:20.025536841Z,2023-06-06T16:26:47.532134499Z,796.1358,docker_cpu_usage_pct,bwa (DA71) (942),bwa (DA71) (942),2822953,942
,,0,2023-05-13T12:43:20.025536841Z,2023-06-12T12:43:20.025536841Z,2023-06-06T16:26:49.531957905Z,795.6998,docker_cpu_usage_pct,bwa (DA71) (942),bwa (DA71) (942),2822953,942
,,0,2023-05-13T12:43:20.025536841Z,2023-06-12T12:43:20.025536841Z,2023-06-06T16:26:51.531839486Z,800.194,docker_cpu_usage_pct,bwa (DA71) (942),bwa (DA71) (942),2822953,942
,,0,2023-05-13T12:43:20.025536841Z,2023-06-12T12:43:20.025536841Z,2023-06-06T16:26:53.531785146Z,796.2365,docker_cpu_usage_pct,bwa (DA71) (942),bwa (DA71) (942),2822953,942
,,0,2023-05-13T12:43:20.025536841Z,2023-06-12T12:43:20.025536841Z,2023-06-06T16:26:55.531738239Z,799.2903,docker_cpu_usage_pct,bwa (DA71) (942),bwa (DA71) (942),2822953,942
,,0,2023-05-13T12:43:20.025536841Z,2023-06-12T12:43:20.025536841Z,2023-06-06T16:26:57.532474484Z,802.3756,docker_cpu_usage_pct,bwa (DA71) (942),bwa (DA71) (942),2822953,942
,,0,2023-05-13T12:43:20.025536841Z,2023-06-12T12:43:20.025536841Z,2023-06-06T16:26:59.532122627Z,798.581,docker_cpu_usage_pct,bwa (DA71) (942),bwa (DA71) (942),2822953,942
,,0,2023-05-13T12:43:20.025536841Z,2023-06-12T12:43:20.025536841Z,2023-06-06T16:27:01.531878098Z,799.047,docker_cpu_usage_pct,bwa (DA71) (942),bwa (DA71) (942),2822953,942
,,0,2023-05-13T12:43:20.025536841Z,2023-06-12T12:43:20.025536841Z,2023-06-06T16:27:03.531636753Z,790.2697,docker_cpu_usage_pct,bwa (DA71) (942),bwa (DA71) (942),2822953,942
,,0,2023-05-13T12:43:20.025536841Z,2023-06-12T12:43:20.025536841Z,2023-06-06T16:27:05.532391278Z,699.6655,docker_cpu_usage_pct,bwa (DA71) (942),bwa (DA71) (942),2822953,942
,,0,2023-05-13T12:43:20.025536841Z,2023-06-12T12:43:20.025536841Z,2023-06-06T16:27:07.532189724Z,516.1298,docker_cpu_usage_pct,bwa (DA71) (942),bwa (DA71) (942),2822953,942
,,0,2023-05-13T12:43:20.025536841Z,2023-06-12T12:43:20.025536841Z,2023-06-06T16:27:09.531863641Z,207.656,docker_cpu_usage_pct,bwa (DA71) (942),bwa (DA71) (942),2822953,942
,,0,2023-05-13T12:43:20.025536841Z,2023-06-12T12:43:20.025536841Z,2023-06-06T16:27:11.531613936Z,99.7115,docker_cpu_usage_pct,bwa (DA71) (942),bwa (DA71) (942),2822953,942
,,0,2023-05-13T12:43:20.025536841Z,2023-06-12T12:43:20.025536841Z,2023-06-06T16:27:13.531337945Z,795.3288,docker_cpu_usage_pct,bwa (DA71) (942),bwa (DA71) (942),2822953,942
,,0,2023-05-13T12:43:20.025536841Z,2023-06-12T12:43:20.025536841Z,2023-06-06T16:27:15.532118344Z,800.2538,docker_cpu_usage_pct,bwa (DA71) (942),bwa (DA71) (942),2822953,942
,,0,2023-05-13T12:43:20.025536841Z,2023-06-12T12:43:20.025536841Z,2023-06-06T16:27:17.531900874Z,798.6143,docker_cpu_usage_pct,bwa (DA71) (942),bwa (DA71) (942),2822953,942
,,0,2023-05-13T12:43:20.025536841Z,2023-06-12T12:43:20.025536841Z,2023-06-06T16:27:19.531666418Z,798.2475,docker_cpu_usage_pct,bwa (DA71) (942),bwa (DA71) (942),2822953,942
,,0,2023-05-13T12:43:20.025536841Z,2023-06-12T12:43:20.025536841Z,2023-06-06T16:27:21.531372565Z,799.389,docker_cpu_usage_pct,bwa (DA71) (942),bwa (DA71) (942),2822953,942
,,0,2023-05-13T12:43:20.025536841Z,2023-06-12T12:43:20.025536841Z,2023-06-06T16:27:23.532252907Z,799.2037,docker_cpu_usage_pct,bwa (DA71) (942),bwa (DA71) (942),2822953,942
,,0,2023-05-13T12:43:20.025536841Z,2023-06-12T12:43:20.025536841Z,2023-06-06T16:27:25.531620454Z,795.6267,docker_cpu_usage_pct,bwa (DA71) (942),bwa (DA71) (942),2822953,942
,,0,2023-05-13T12:43:20.025536841Z,2023-06-12T12:43:20.025536841Z,2023-06-06T16:27:27.532504695Z,802.9001,docker_cpu_usage_pct,bwa (DA71) (942),bwa (DA71) (942),2822953,942
,,0,2023-05-13T12:43:20.025536841Z,2023-06-12T12:43:20.025536841Z,2023-06-06T16:27:29.532054888Z,796.2895,docker_cpu_usage_pct,bwa (DA71) (942),bwa (DA71) (942),2822953,942
,,0,2023-05-13T12:43:20.025536841Z,2023-06-12T12:43:20.025536841Z,2023-06-06T16:27:31.531936305Z,797.9232,docker_cpu_usage_pct,bwa (DA71) (942),bwa (DA71) (942),2822953,942
,,0,2023-05-13T12:43:20.025536841Z,2023-06-12T12:43:20.025536841Z,2023-06-06T16:27:33.531634643Z,797.1841,docker_cpu_usage_pct,bwa (DA71) (942),bwa (DA71) (942),2822953,942
,,0,2023-05-13T12:43:20.025536841Z,2023-06-12T12:43:20.025536841Z,2023-06-06T16:27:35.531282033Z,798.1699,docker_cpu_usage_pct,bwa (DA71) (942),bwa (DA71) (942),2822953,942
,,0,2023-05-13T12:43:20.025536841Z,2023-06-12T12:43:20.025536841Z,2023-06-06T16:27:37.532225432Z,802.5506,docker_cpu_usage_pct,bwa (DA71) (942),bwa (DA71) (942),2822953,942
,,0,2023-05-13T12:43:20.025536841Z,2023-06-12T12:43:20.025536841Z,2023-06-06T16:27:39.531825931Z,797.6497,docker_cpu_usage_pct,bwa (DA71) (942),bwa (DA71) (942),2822953,942
,,0,2023-05-13T12:43:20.025536841Z,2023-06-12T12:43:20.025536841Z,2023-06-06T16:27:41.531904651Z,799.5153,docker_cpu_usage_pct,bwa (DA71) (942),bwa (DA71) (942),2822953,942
,,0,2023-05-13T12:43:20.025536841Z,2023-06-12T12:43:20.025536841Z,2023-06-06T16:27:43.531399766Z,797.6575,docker_cpu_usage_pct,bwa (DA71) (942),bwa (DA71) (942),2822953,942
,,0,2023-05-13T12:43:20.025536841Z,2023-06-12T12:43:20.025536841Z,2023-06-06T16:27:45.532120378Z,796.8901,docker_cpu_usage_pct,bwa (DA71) (942),bwa (DA71) (942),2822953,942
,,0,2023-05-13T12:43:20.025536841Z,2023-06-12T12:43:20.025536841Z,2023-06-06T16:27:47.531850252Z,799.799,docker_cpu_usage_pct,bwa (DA71) (942),bwa (DA71) (942),2822953,942
,,0,2023-05-13T12:43:20.025536841Z,2023-06-12T12:43:20.025536841Z,2023-06-06T16:27:49.531629823Z,798.9894,docker_cpu_usage_pct,bwa (DA71) (942),bwa (DA71) (942),2822953,942
,,0,2023-05-13T12:43:20.025536841Z,2023-06-12T12:43:20.025536841Z,2023-06-06T16:27:51.531362366Z,802.58,docker_cpu_usage_pct,bwa (DA71) (942),bwa (DA71) (942),2822953,942
,,0,2023-05-13T12:43:20.025536841Z,2023-06-12T12:43:20.025536841Z,2023-06-06T16:27:53.532032837Z,799.6424,docker_cpu_usage_pct,bwa (DA71) (942),bwa (DA71) (942),2822953,942
,,0,2023-05-13T12:43:20.025536841Z,2023-06-12T12:43:20.025536841Z,2023-06-06T16:27:56.532001725Z,700.1445,docker_cpu_usage_pct,bwa (DA71) (942),bwa (DA71) (942),2822953,942
,,0,2023-05-13T12:43:20.025536841Z,2023-06-12T12:43:20.025536841Z,2023-06-06T16:27:58.531629149Z,562.8013,docker_cpu_usage_pct,bwa (DA71) (942),bwa (DA71) (942),2822953,942
,,0,2023-05-13T12:43:20.025536841Z,2023-06-12T12:43:20.025536841Z,2023-06-06T16:28:00.532450838Z,238.7518,docker_cpu_usage_pct,bwa (DA71) (942),bwa (DA71) (942),2822953,942
,,0,2023-05-13T12:43:20.025536841Z,2023-06-12T12:43:20.025536841Z,2023-06-06T16:28:02.531826124Z,99.2061,docker_cpu_usage_pct,bwa (DA71) (942),bwa (DA71) (942),2822953,942
,,0,2023-05-13T12:43:20.025536841Z,2023-06-12T12:43:20.025536841Z,2023-06-06T16:28:04.531584808Z,802.7106,docker_cpu_usage_pct,bwa (DA71) (942),bwa (DA71) (942),2822953,942
,,0,2023-05-13T12:43:20.025536841Z,2023-06-12T12:43:20.025536841Z,2023-06-06T16:28:06.53231455Z,794.8087,docker_cpu_usage_pct,bwa (DA71) (942),bwa (DA71) (942),2822953,942
,,0,2023-05-13T12:43:20.025536841Z,2023-06-12T12:43:20.025536841Z,2023-06-06T16:28:08.532274021Z,799.6192,docker_cpu_usage_pct,bwa (DA71) (942),bwa (DA71) (942),2822953,942
,,0,2023-05-13T12:43:20.025536841Z,2023-06-12T12:43:20.025536841Z,2023-06-06T16:28:10.531658509Z,796.9173,docker_cpu_usage_pct,bwa (DA71) (942),bwa (DA71) (942),2822953,942
,,0,2023-05-13T12:43:20.025536841Z,2023-06-12T12:43:20.025536841Z,2023-06-06T16:28:12.531378223Z,798.4627,docker_cpu_usage_pct,bwa (DA71) (942),bwa (DA71) (942),2822953,942
,,0,2023-05-13T12:43:20.025536841Z,2023-06-12T12:43:20.025536841Z,2023-06-06T16:28:14.532067765Z,800.1281,docker_cpu_usage_pct,bwa (DA71) (942),bwa (DA71) (942),2822953,942
,,0,2023-05-13T12:43:20.025536841Z,2023-06-12T12:43:20.025536841Z,2023-06-06T16:28:16.53179638Z,797.2347,docker_cpu_usage_pct,bwa (DA71) (942),bwa (DA71) (942),2822953,942
,,0,2023-05-13T12:43:20.025536841Z,2023-06-12T12:43:20.025536841Z,2023-06-06T16:28:18.531674196Z,795.5573,docker_cpu_usage_pct,bwa (DA71) (942),bwa (DA71) (942),2822953,942
,,0,2023-05-13T12:43:20.025536841Z,2023-06-12T12:43:20.025536841Z,2023-06-06T16:28:20.531763315Z,797.392,docker_cpu_usage_pct,bwa (DA71) (942),bwa (DA71) (942),2822953,942
,,0,2023-05-13T12:43:20.025536841Z,2023-06-12T12:43:20.025536841Z,2023-06-06T16:28:22.531403784Z,801.7404,docker_cpu_usage_pct,bwa (DA71) (942),bwa (DA71) (942),2822953,942
,,0,2023-05-13T12:43:20.025536841Z,2023-06-12T12:43:20.025536841Z,2023-06-06T16:28:24.532230868Z,798.4216,docker_cpu_usage_pct,bwa (DA71) (942),bwa (DA71) (942),2822953,942
,,0,2023-05-13T12:43:20.025536841Z,2023-06-12T12:43:20.025536841Z,2023-06-06T16:28:26.531899259Z,798.2018,docker_cpu_usage_pct,bwa (DA71) (942),bwa (DA71) (942),2822953,942
,,0,2023-05-13T12:43:20.025536841Z,2023-06-12T12:43:20.025536841Z,2023-06-06T16:28:28.531623687Z,798.5256,docker_cpu_usage_pct,bwa (DA71) (942),bwa (DA71) (942),2822953,942
,,0,2023-05-13T12:43:20.025536841Z,2023-06-12T12:43:20.025536841Z,2023-06-06T16:28:30.531505035Z,798.2377,docker_cpu_usage_pct,bwa (DA71) (942),bwa (DA71) (942),2822953,942
,,0,2023-05-13T12:43:20.025536841Z,2023-06-12T12:43:20.025536841Z,2023-06-06T16:28:32.532141596Z,796.8309,docker_cpu_usage_pct,bwa (DA71) (942),bwa (DA71) (942),2822953,942
,,0,2023-05-13T12:43:20.025536841Z,2023-06-12T12:43:20.025536841Z,2023-06-06T16:28:34.531958833Z,798.9786,docker_cpu_usage_pct,bwa (DA71) (942),bwa (DA71) (942),2822953,942
,,0,2023-05-13T12:43:20.025536841Z,2023-06-12T12:43:20.025536841Z,2023-06-06T16:28:36.53186298Z,803.134,docker_cpu_usage_pct,bwa (DA71) (942),bwa (DA71) (942),2822953,942
,,0,2023-05-13T12:43:20.025536841Z,2023-06-12T12:43:20.025536841Z,2023-06-06T16:28:38.531566025Z,798.354,docker_cpu_usage_pct,bwa (DA71) (942),bwa (DA71) (942),2822953,942
,,0,2023-05-13T12:43:20.025536841Z,2023-06-12T12:43:20.025536841Z,2023-06-06T16:28:40.532326962Z,792.0927,docker_cpu_usage_pct,bwa (DA71) (942),bwa (DA71) (942),2822953,942
,,0,2023-05-13T12:43:20.025536841Z,2023-06-12T12:43:20.025536841Z,2023-06-06T16:28:42.532022567Z,799.4009,docker_cpu_usage_pct,bwa (DA71) (942),bwa (DA71) (942),2822953,942
,,0,2023-05-13T12:43:20.025536841Z,2023-06-12T12:43:20.025536841Z,2023-06-06T16:28:44.531755021Z,794.9054,docker_cpu_usage_pct,bwa (DA71) (942),bwa (DA71) (942),2822953,942
,,0,2023-05-13T12:43:20.025536841Z,2023-06-12T12:43:20.025536841Z,2023-06-06T16:28:46.53151429Z,801.9605,docker_cpu_usage_pct,bwa (DA71) (942),bwa (DA71) (942),2822953,942
,,0,2023-05-13T12:43:20.025536841Z,2023-06-12T12:43:20.025536841Z,2023-06-06T16:28:48.532446995Z,805.7253,docker_cpu_usage_pct,bwa (DA71) (942),bwa (DA71) (942),2822953,942
,,0,2023-05-13T12:43:20.025536841Z,2023-06-12T12:43:20.025536841Z,2023-06-06T16:28:50.532123424Z,669.8229,docker_cpu_usage_pct,bwa (DA71) (942),bwa (DA71) (942),2822953,942
,,0,2023-05-13T12:43:20.025536841Z,2023-06-12T12:43:20.025536841Z,2023-06-06T16:28:52.531833529Z,377.5779,docker_cpu_usage_pct,bwa (DA71) (942),bwa (DA71) (942),2822953,942
,,0,2023-05-13T12:43:20.025536841Z,2023-06-12T12:43:20.025536841Z,2023-06-06T16:28:54.531762778Z,437.0289,docker_cpu_usage_pct,bwa (DA71) (942),bwa (DA71) (942),2822953,942
,,0,2023-05-13T12:43:20.025536841Z,2023-06-12T12:43:20.025536841Z,2023-06-06T16:28:56.531610209Z,799.9867,docker_cpu_usage_pct,bwa (DA71) (942),bwa (DA71) (942),2822953,942
,,0,2023-05-13T12:43:20.025536841Z,2023-06-12T12:43:20.025536841Z,2023-06-06T16:28:58.532380687Z,799.6793,docker_cpu_usage_pct,bwa (DA71) (942),bwa (DA71) (942),2822953,942
,,0,2023-05-13T12:43:20.025536841Z,2023-06-12T12:43:20.025536841Z,2023-06-06T16:29:00.53193671Z,798.1779,docker_cpu_usage_pct,bwa (DA71) (942),bwa (DA71) (942),2822953,942
,,0,2023-05-13T12:43:20.025536841Z,2023-06-12T12:43:20.025536841Z,2023-06-06T16:29:02.533072932Z,799.2891,docker_cpu_usage_pct,bwa (DA71) (942),bwa (DA71) (942),2822953,942
,,0,2023-05-13T12:43:20.025536841Z,2023-06-12T12:43:20.025536841Z,2023-06-06T16:29:04.532338237Z,796.0771,docker_cpu_usage_pct,bwa (DA71) (942),bwa (DA71) (942),2822953,942
,,0,2023-05-13T12:43:20.025536841Z,2023-06-12T12:43:20.025536841Z,2023-06-06T16:29:06.532048873Z,797.9993,docker_cpu_usage_pct,bwa (DA71) (942),bwa (DA71) (942),2822953,942
,,0,2023-05-13T12:43:20.025536841Z,2023-06-12T12:43:20.025536841Z,2023-06-06T16:29:08.531810526Z,796.7345,docker_cpu_usage_pct,bwa (DA71) (942),bwa (DA71) (942),2822953,942
,,0,2023-05-13T12:43:20.025536841Z,2023-06-12T12:43:20.025536841Z,2023-06-06T16:29:10.531724721Z,800.1367,docker_cpu_usage_pct,bwa (DA71) (942),bwa (DA71) (942),2822953,942
,,0,2023-05-13T12:43:20.025536841Z,2023-06-12T12:43:20.025536841Z,2023-06-06T16:29:12.532291573Z,797.2415,docker_cpu_usage_pct,bwa (DA71) (942),bwa (DA71) (942),2822953,942
,,0,2023-05-13T12:43:20.025536841Z,2023-06-12T12:43:20.025536841Z,2023-06-06T16:29:14.532060684Z,800.4531,docker_cpu_usage_pct,bwa (DA71) (942),bwa (DA71) (942),2822953,942
,,0,2023-05-13T12:43:20.025536841Z,2023-06-12T12:43:20.025536841Z,2023-06-06T16:29:16.531969136Z,796.7923,docker_cpu_usage_pct,bwa (DA71) (942),bwa (DA71) (942),2822953,942
,,0,2023-05-13T12:43:20.025536841Z,2023-06-12T12:43:20.025536841Z,2023-06-06T16:29:18.531542353Z,800.3167,docker_cpu_usage_pct,bwa (DA71) (942),bwa (DA71) (942),2822953,942
,,0,2023-05-13T12:43:20.025536841Z,2023-06-12T12:43:20.025536841Z,2023-06-06T16:29:20.532490962Z,797.7765,docker_cpu_usage_pct,bwa (DA71) (942),bwa (DA71) (942),2822953,942
,,0,2023-05-13T12:43:20.025536841Z,2023-06-12T12:43:20.025536841Z,2023-06-06T16:29:22.532264047Z,802.9538,docker_cpu_usage_pct,bwa (DA71) (942),bwa (DA71) (942),2822953,942
,,0,2023-05-13T12:43:20.025536841Z,2023-06-12T12:43:20.025536841Z,2023-06-06T16:29:24.531885863Z,800.6072,docker_cpu_usage_pct,bwa (DA71) (942),bwa (DA71) (942),2822953,942
,,0,2023-05-13T12:43:20.025536841Z,2023-06-12T12:43:20.025536841Z,2023-06-06T16:29:26.531768604Z,782.6433,docker_cpu_usage_pct,bwa (DA71) (942),bwa (DA71) (942),2822953,942
,,0,2023-05-13T12:43:20.025536841Z,2023-06-12T12:43:20.025536841Z,2023-06-06T16:29:28.532258771Z,798.3248,docker_cpu_usage_pct,bwa (DA71) (942),bwa (DA71) (942),2822953,942
,,0,2023-05-13T12:43:20.025536841Z,2023-06-12T12:43:20.025536841Z,2023-06-06T16:29:30.531965088Z,800.5082,docker_cpu_usage_pct,bwa (DA71) (942),bwa (DA71) (942),2822953,942
,,0,2023-05-13T12:43:20.025536841Z,2023-06-12T12:43:20.025536841Z,2023-06-06T16:29:32.531778815Z,800.8127,docker_cpu_usage_pct,bwa (DA71) (942),bwa (DA71) (942),2822953,942
,,0,2023-05-13T12:43:20.025536841Z,2023-06-12T12:43:20.025536841Z,2023-06-06T16:29:34.531606828Z,799.7211,docker_cpu_usage_pct,bwa (DA71) (942),bwa (DA71) (942),2822953,942
,,0,2023-05-13T12:43:20.025536841Z,2023-06-12T12:43:20.025536841Z,2023-06-06T16:29:36.53211894Z,802.4673,docker_cpu_usage_pct,bwa (DA71) (942),bwa (DA71) (942),2822953,942
,,0,2023-05-13T12:43:20.025536841Z,2023-06-12T12:43:20.025536841Z,2023-06-06T16:29:39.532045173Z,799.6466,docker_cpu_usage_pct,bwa (DA71) (942),bwa (DA71) (942),2822953,942
,,0,2023-05-13T12:43:20.025536841Z,2023-06-12T12:43:20.025536841Z,2023-06-06T16:29:41.531726898Z,800.0183,docker_cpu_usage_pct,bwa (DA71) (942),bwa (DA71) (942),2822953,942
,,0,2023-05-13T12:43:20.025536841Z,2023-06-12T12:43:20.025536841Z,2023-06-06T16:29:43.531569924Z,800.5109,docker_cpu_usage_pct,bwa (DA71) (942),bwa (DA71) (942),2822953,942
,,0,2023-05-13T12:43:20.025536841Z,2023-06-12T12:43:20.025536841Z,2023-06-06T16:29:45.532468022Z,690.3965,docker_cpu_usage_pct,bwa (DA71) (942),bwa (DA71) (942),2822953,942
,,0,2023-05-13T12:43:20.025536841Z,2023-06-12T12:43:20.025536841Z,2023-06-06T16:29:47.531908777Z,399.92,docker_cpu_usage_pct,bwa (DA71) (942),bwa (DA71) (942),2822953,942
,,0,2023-05-13T12:43:20.025536841Z,2023-06-12T12:43:20.025536841Z,2023-06-06T16:29:49.53199816Z,216.2273,docker_cpu_usage_pct,bwa (DA71) (942),bwa (DA71) (942),2822953,942
,,0,2023-05-13T12:43:20.025536841Z,2023-06-12T12:43:20.025536841Z,2023-06-06T16:29:51.531657464Z,98.2507,docker_cpu_usage_pct,bwa (DA71) (942),bwa (DA71) (942),2822953,942
,,0,2023-05-13T12:43:20.025536841Z,2023-06-12T12:43:20.025536841Z,2023-06-06T16:29:53.532213795Z,797.0035,docker_cpu_usage_pct,bwa (DA71) (942),bwa (DA71) (942),2822953,942
,,0,2023-05-13T12:43:20.025536841Z,2023-06-12T12:43:20.025536841Z,2023-06-06T16:29:55.531948815Z,800.2336,docker_cpu_usage_pct,bwa (DA71) (942),bwa (DA71) (942),2822953,942
,,0,2023-05-13T12:43:20.025536841Z,2023-06-12T12:43:20.025536841Z,2023-06-06T16:29:57.531916259Z,801.1307,docker_cpu_usage_pct,bwa (DA71) (942),bwa (DA71) (942),2822953,942
,,0,2023-05-13T12:43:20.025536841Z,2023-06-12T12:43:20.025536841Z,2023-06-06T16:29:59.531475775Z,799.6978,docker_cpu_usage_pct,bwa (DA71) (942),bwa (DA71) (942),2822953,942
,,0,2023-05-13T12:43:20.025536841Z,2023-06-12T12:43:20.025536841Z,2023-06-06T16:30:01.532263929Z,798.5776,docker_cpu_usage_pct,bwa (DA71) (942),bwa (DA71) (942),2822953,942
,,0,2023-05-13T12:43:20.025536841Z,2023-06-12T12:43:20.025536841Z,2023-06-06T16:30:03.532103487Z,801.5352,docker_cpu_usage_pct,bwa (DA71) (942),bwa (DA71) (942),2822953,942
,,0,2023-05-13T12:43:20.025536841Z,2023-06-12T12:43:20.025536841Z,2023-06-06T16:30:05.531874139Z,798.4512,docker_cpu_usage_pct,bwa (DA71) (942),bwa (DA71) (942),2822953,942
,,0,2023-05-13T12:43:20.025536841Z,2023-06-12T12:43:20.025536841Z,2023-06-06T16:30:07.531663789Z,788.6796,docker_cpu_usage_pct,bwa (DA71) (942),bwa (DA71) (942),2822953,942
,,0,2023-05-13T12:43:20.025536841Z,2023-06-12T12:43:20.025536841Z,2023-06-06T16:30:09.532493499Z,799.9313,docker_cpu_usage_pct,bwa (DA71) (942),bwa (DA71) (942),2822953,942
,,0,2023-05-13T12:43:20.025536841Z,2023-06-12T12:43:20.025536841Z,2023-06-06T16:30:11.53225754Z,800.7112,docker_cpu_usage_pct,bwa (DA71) (942),bwa (DA71) (942),2822953,942
,,0,2023-05-13T12:43:20.025536841Z,2023-06-12T12:43:20.025536841Z,2023-06-06T16:30:13.531859992Z,794.6197,docker_cpu_usage_pct,bwa (DA71) (942),bwa (DA71) (942),2822953,942
,,0,2023-05-13T12:43:20.025536841Z,2023-06-12T12:43:20.025536841Z,2023-06-06T16:30:15.531723749Z,786.7558,docker_cpu_usage_pct,bwa (DA71) (942),bwa (DA71) (942),2822953,942
,,0,2023-05-13T12:43:20.025536841Z,2023-06-12T12:43:20.025536841Z,2023-06-06T16:30:17.532503423Z,799.265,docker_cpu_usage_pct,bwa (DA71) (942),bwa (DA71) (942),2822953,942
,,0,2023-05-13T12:43:20.025536841Z,2023-06-12T12:43:20.025536841Z,2023-06-06T16:30:19.532316442Z,788.1203,docker_cpu_usage_pct,bwa (DA71) (942),bwa (DA71) (942),2822953,942
,,0,2023-05-13T12:43:20.025536841Z,2023-06-12T12:43:20.025536841Z,2023-06-06T16:30:21.531797535Z,797.2742,docker_cpu_usage_pct,bwa (DA71) (942),bwa (DA71) (942),2822953,942
,,0,2023-05-13T12:43:20.025536841Z,2023-06-12T12:43:20.025536841Z,2023-06-06T16:30:23.531542513Z,789.9283,docker_cpu_usage_pct,bwa (DA71) (942),bwa (DA71) (942),2822953,942
,,0,2023-05-13T12:43:20.025536841Z,2023-06-12T12:43:20.025536841Z,2023-06-06T16:30:25.532335154Z,798.9997,docker_cpu_usage_pct,bwa (DA71) (942),bwa (DA71) (942),2822953,942
,,0,2023-05-13T12:43:20.025536841Z,2023-06-12T12:43:20.025536841Z,2023-06-06T16:30:27.532010033Z,802.7045,docker_cpu_usage_pct,bwa (DA71) (942),bwa (DA71) (942),2822953,942
,,0,2023-05-13T12:43:20.025536841Z,2023-06-12T12:43:20.025536841Z,2023-06-06T16:30:29.531820423Z,797.2931,docker_cpu_usage_pct,bwa (DA71) (942),bwa (DA71) (942),2822953,942
,,0,2023-05-13T12:43:20.025536841Z,2023-06-12T12:43:20.025536841Z,2023-06-06T16:30:31.531546077Z,797.9894,docker_cpu_usage_pct,bwa (DA71) (942),bwa (DA71) (942),2822953,942
,,0,2023-05-13T12:43:20.025536841Z,2023-06-12T12:43:20.025536841Z,2023-06-06T16:30:33.532411355Z,695.6668,docker_cpu_usage_pct,bwa (DA71) (942),bwa (DA71) (942),2822953,942
,,0,2023-05-13T12:43:20.025536841Z,2023-06-12T12:43:20.025536841Z,2023-06-06T16:30:35.532089791Z,538.5355,docker_cpu_usage_pct,bwa (DA71) (942),bwa (DA71) (942),2822953,942
,,0,2023-05-13T12:43:20.025536841Z,2023-06-12T12:43:20.025536841Z,2023-06-06T16:30:37.531922538Z,221.4483,docker_cpu_usage_pct,bwa (DA71) (942),bwa (DA71) (942),2822953,942
,,0,2023-05-13T12:43:20.025536841Z,2023-06-12T12:43:20.025536841Z,2023-06-06T16:30:39.531542874Z,99.4334,docker_cpu_usage_pct,bwa (DA71) (942),bwa (DA71) (942),2822953,942
,,0,2023-05-13T12:43:20.025536841Z,2023-06-12T12:43:20.025536841Z,2023-06-06T16:30:41.532531233Z,271.9618,docker_cpu_usage_pct,bwa (DA71) (942),bwa (DA71) (942),2822953,942
,,0,2023-05-13T12:43:20.025536841Z,2023-06-12T12:43:20.025536841Z,2023-06-06T16:30:43.532304698Z,789.5082,docker_cpu_usage_pct,bwa (DA71) (942),bwa (DA71) (942),2822953,942
,,0,2023-05-13T12:43:20.025536841Z,2023-06-12T12:43:20.025536841Z,2023-06-06T16:30:45.531985156Z,787.4972,docker_cpu_usage_pct,bwa (DA71) (942),bwa (DA71) (942),2822953,942
,,0,2023-05-13T12:43:20.025536841Z,2023-06-12T12:43:20.025536841Z,2023-06-06T16:30:47.531700462Z,797.5258,docker_cpu_usage_pct,bwa (DA71) (942),bwa (DA71) (942),2822953,942
,,0,2023-05-13T12:43:20.025536841Z,2023-06-12T12:43:20.025536841Z,2023-06-06T16:30:49.531478106Z,791.2029,docker_cpu_usage_pct,bwa (DA71) (942),bwa (DA71) (942),2822953,942
,,0,2023-05-13T12:43:20.025536841Z,2023-06-12T12:43:20.025536841Z,2023-06-06T16:30:51.53223262Z,791.2291,docker_cpu_usage_pct,bwa (DA71) (942),bwa (DA71) (942),2822953,942
,,0,2023-05-13T12:43:20.025536841Z,2023-06-12T12:43:20.025536841Z,2023-06-06T16:30:53.532017528Z,799.1957,docker_cpu_usage_pct,bwa (DA71) (942),bwa (DA71) (942),2822953,942
,,0,2023-05-13T12:43:20.025536841Z,2023-06-12T12:43:20.025536841Z,2023-06-06T16:30:55.531803362Z,802.2837,docker_cpu_usage_pct,bwa (DA71) (942),bwa (DA71) (942),2822953,942
,,0,2023-05-13T12:43:20.025536841Z,2023-06-12T12:43:20.025536841Z,2023-06-06T16:30:57.531525071Z,794.1489,docker_cpu_usage_pct,bwa (DA71) (942),bwa (DA71) (942),2822953,942
,,0,2023-05-13T12:43:20.025536841Z,2023-06-12T12:43:20.025536841Z,2023-06-06T16:30:59.532205049Z,794.0726,docker_cpu_usage_pct,bwa (DA71) (942),bwa (DA71) (942),2822953,942
,,0,2023-05-13T12:43:20.025536841Z,2023-06-12T12:43:20.025536841Z,2023-06-06T16:31:01.532138529Z,788.7204,docker_cpu_usage_pct,bwa (DA71) (942),bwa (DA71) (942),2822953,942
,,0,2023-05-13T12:43:20.025536841Z,2023-06-12T12:43:20.025536841Z,2023-06-06T16:31:03.531990803Z,785.3545,docker_cpu_usage_pct,bwa (DA71) (942),bwa (DA71) (942),2822953,942
,,0,2023-05-13T12:43:20.025536841Z,2023-06-12T12:43:20.025536841Z,2023-06-06T16:31:05.531772401Z,800.2247,docker_cpu_usage_pct,bwa (DA71) (942),bwa (DA71) (942),2822953,942
,,0,2023-05-13T12:43:20.025536841Z,2023-06-12T12:43:20.025536841Z,2023-06-06T16:31:07.531508854Z,789.2284,docker_cpu_usage_pct,bwa (DA71) (942),bwa (DA71) (942),2822953,942
,,0,2023-05-13T12:43:20.025536841Z,2023-06-12T12:43:20.025536841Z,2023-06-06T16:31:09.532190255Z,800.0312,docker_cpu_usage_pct,bwa (DA71) (942),bwa (DA71) (942),2822953,942
,,0,2023-05-13T12:43:20.025536841Z,2023-06-12T12:43:20.025536841Z,2023-06-06T16:31:11.532060637Z,796.7679,docker_cpu_usage_pct,bwa (DA71) (942),bwa (DA71) (942),2822953,942
,,0,2023-05-13T12:43:20.025536841Z,2023-06-12T12:43:20.025536841Z,2023-06-06T16:31:13.531567982Z,799.7775,docker_cpu_usage_pct,bwa (DA71) (942),bwa (DA71) (942),2822953,942
,,0,2023-05-13T12:43:20.025536841Z,2023-06-12T12:43:20.025536841Z,2023-06-06T16:31:15.531468288Z,797.7733,docker_cpu_usage_pct,bwa (DA71) (942),bwa (DA71) (942),2822953,942
,,0,2023-05-13T12:43:20.025536841Z,2023-06-12T12:43:20.025536841Z,2023-06-06T16:31:17.532175508Z,798.9564,docker_cpu_usage_pct,bwa (DA71) (942),bwa (DA71) (942),2822953,942
,,0,2023-05-13T12:43:20.025536841Z,2023-06-12T12:43:20.025536841Z,2023-06-06T16:31:19.531929062Z,745.9629,docker_cpu_usage_pct,bwa (DA71) (942),bwa (DA71) (942),2822953,942
,,0,2023-05-13T12:43:20.025536841Z,2023-06-12T12:43:20.025536841Z,2023-06-06T16:31:21.531732624Z,536.7325,docker_cpu_usage_pct,bwa (DA71) (942),bwa (DA71) (942),2822953,942
,,0,2023-05-13T12:43:20.025536841Z,2023-06-12T12:43:20.025536841Z,2023-06-06T16:31:23.5317152Z,315.8976,docker_cpu_usage_pct,bwa (DA71) (942),bwa (DA71) (942),2822953,942
,,0,2023-05-13T12:43:20.025536841Z,2023-06-12T12:43:20.025536841Z,2023-06-06T16:31:25.532483199Z,674.239,docker_cpu_usage_pct,bwa (DA71) (942),bwa (DA71) (942),2822953,942
,,0,2023-05-13T12:43:20.025536841Z,2023-06-12T12:43:20.025536841Z,2023-06-06T16:31:28.532037443Z,805.3118,docker_cpu_usage_pct,bwa (DA71) (942),bwa (DA71) (942),2822953,942
,,0,2023-05-13T12:43:20.025536841Z,2023-06-12T12:43:20.025536841Z,2023-06-06T16:31:30.531721098Z,799.722,docker_cpu_usage_pct,bwa (DA71) (942),bwa (DA71) (942),2822953,942
,,0,2023-05-13T12:43:20.025536841Z,2023-06-12T12:43:20.025536841Z,2023-06-06T16:31:32.531636156Z,805.1497,docker_cpu_usage_pct,bwa (DA71) (942),bwa (DA71) (942),2822953,942
,,0,2023-05-13T12:43:20.025536841Z,2023-06-12T12:43:20.025536841Z,2023-06-06T16:31:34.532303968Z,794.4884,docker_cpu_usage_pct,bwa (DA71) (942),bwa (DA71) (942),2822953,942
,,0,2023-05-13T12:43:20.025536841Z,2023-06-12T12:43:20.025536841Z,2023-06-06T16:31:36.532076506Z,797.33,docker_cpu_usage_pct,bwa (DA71) (942),bwa (DA71) (942),2822953,942
,,0,2023-05-13T12:43:20.025536841Z,2023-06-12T12:43:20.025536841Z,2023-06-06T16:31:38.531848061Z,798.4689,docker_cpu_usage_pct,bwa (DA71) (942),bwa (DA71) (942),2822953,942
,,0,2023-05-13T12:43:20.025536841Z,2023-06-12T12:43:20.025536841Z,2023-06-06T16:31:40.531610163Z,798.5919,docker_cpu_usage_pct,bwa (DA71) (942),bwa (DA71) (942),2822953,942
,,0,2023-05-13T12:43:20.025536841Z,2023-06-12T12:43:20.025536841Z,2023-06-06T16:31:42.532294073Z,799.1376,docker_cpu_usage_pct,bwa (DA71) (942),bwa (DA71) (942),2822953,942
,,0,2023-05-13T12:43:20.025536841Z,2023-06-12T12:43:20.025536841Z,2023-06-06T16:31:44.532042468Z,798.8022,docker_cpu_usage_pct,bwa (DA71) (942),bwa (DA71) (942),2822953,942
,,0,2023-05-13T12:43:20.025536841Z,2023-06-12T12:43:20.025536841Z,2023-06-06T16:31:46.531831861Z,796.4244,docker_cpu_usage_pct,bwa (DA71) (942),bwa (DA71) (942),2822953,942
,,0,2023-05-13T12:43:20.025536841Z,2023-06-12T12:43:20.025536841Z,2023-06-06T16:31:48.531437566Z,800.7709,docker_cpu_usage_pct,bwa (DA71) (942),bwa (DA71) (942),2822953,942
,,0,2023-05-13T12:43:20.025536841Z,2023-06-12T12:43:20.025536841Z,2023-06-06T16:31:50.532546727Z,800.5929,docker_cpu_usage_pct,bwa (DA71) (942),bwa (DA71) (942),2822953,942
,,0,2023-05-13T12:43:20.025536841Z,2023-06-12T12:43:20.025536841Z,2023-06-06T16:31:52.53197611Z,800.0594,docker_cpu_usage_pct,bwa (DA71) (942),bwa (DA71) (942),2822953,942
,,0,2023-05-13T12:43:20.025536841Z,2023-06-12T12:43:20.025536841Z,2023-06-06T16:31:54.531818763Z,796.3739,docker_cpu_usage_pct,bwa (DA71) (942),bwa (DA71) (942),2822953,942
,,0,2023-05-13T12:43:20.025536841Z,2023-06-12T12:43:20.025536841Z,2023-06-06T16:31:56.53156601Z,793.3963,docker_cpu_usage_pct,bwa (DA71) (942),bwa (DA71) (942),2822953,942
,,0,2023-05-13T12:43:20.025536841Z,2023-06-12T12:43:20.025536841Z,2023-06-06T16:31:58.532261305Z,801.6072,docker_cpu_usage_pct,bwa (DA71) (942),bwa (DA71) (942),2822953,942
,,0,2023-05-13T12:43:20.025536841Z,2023-06-12T12:43:20.025536841Z,2023-06-06T16:32:00.532148001Z,796.1847,docker_cpu_usage_pct,bwa (DA71) (942),bwa (DA71) (942),2822953,942
,,0,2023-05-13T12:43:20.025536841Z,2023-06-12T12:43:20.025536841Z,2023-06-06T16:32:02.531856618Z,794.6251,docker_cpu_usage_pct,bwa (DA71) (942),bwa (DA71) (942),2822953,942
,,0,2023-05-13T12:43:20.025536841Z,2023-06-12T12:43:20.025536841Z,2023-06-06T16:32:04.531654275Z,800.0414,docker_cpu_usage_pct,bwa (DA71) (942),bwa (DA71) (942),2822953,942
,,0,2023-05-13T12:43:20.025536841Z,2023-06-12T12:43:20.025536841Z,2023-06-06T16:32:06.532415042Z,791.6152,docker_cpu_usage_pct,bwa (DA71) (942),bwa (DA71) (942),2822953,942
,,0,2023-05-13T12:43:20.025536841Z,2023-06-12T12:43:20.025536841Z,2023-06-06T16:32:08.532307456Z,124.6278,docker_cpu_usage_pct,bwa (DA71) (942),bwa (DA71) (942),2822953,942
,,0,2023-05-13T12:43:20.025536841Z,2023-06-12T12:43:20.025536841Z,2023-06-06T16:32:10.532102834Z,794.6975,docker_cpu_usage_pct,bwa (DA71) (942),bwa (DA71) (942),2822953,942
,,0,2023-05-13T12:43:20.025536841Z,2023-06-12T12:43:20.025536841Z,2023-06-06T16:32:12.531895349Z,798.4788,docker_cpu_usage_pct,bwa (DA71) (942),bwa (DA71) (942),2822953,942
,,0,2023-05-13T12:43:20.025536841Z,2023-06-12T12:43:20.025536841Z,2023-06-06T16:32:14.532417565Z,800.5142,docker_cpu_usage_pct,bwa (DA71) (942),bwa (DA71) (942),2822953,942
,,0,2023-05-13T12:43:20.025536841Z,2023-06-12T12:43:20.025536841Z,2023-06-06T16:32:16.532052089Z,800.4051,docker_cpu_usage_pct,bwa (DA71) (942),bwa (DA71) (942),2822953,942
,,0,2023-05-13T12:43:20.025536841Z,2023-06-12T12:43:20.025536841Z,2023-06-06T16:32:18.531887147Z,799.5291,docker_cpu_usage_pct,bwa (DA71) (942),bwa (DA71) (942),2822953,942
,,0,2023-05-13T12:43:20.025536841Z,2023-06-12T12:43:20.025536841Z,2023-06-06T16:32:20.53163344Z,796.2545,docker_cpu_usage_pct,bwa (DA71) (942),bwa (DA71) (942),2822953,942
,,0,2023-05-13T12:43:20.025536841Z,2023-06-12T12:43:20.025536841Z,2023-06-06T16:32:22.532328661Z,798.4452,docker_cpu_usage_pct,bwa (DA71) (942),bwa (DA71) (942),2822953,942
,,0,2023-05-13T12:43:20.025536841Z,2023-06-12T12:43:20.025536841Z,2023-06-06T16:32:24.532413868Z,799.6155,docker_cpu_usage_pct,bwa (DA71) (942),bwa (DA71) (942),2822953,942
,,0,2023-05-13T12:43:20.025536841Z,2023-06-12T12:43:20.025536841Z,2023-06-06T16:32:26.531948235Z,802.1653,docker_cpu_usage_pct,bwa (DA71) (942),bwa (DA71) (942),2822953,942
,,0,2023-05-13T12:43:20.025536841Z,2023-06-12T12:43:20.025536841Z,2023-06-06T16:32:28.531787809Z,797.3102,docker_cpu_usage_pct,bwa (DA71) (942),bwa (DA71) (942),2822953,942
,,0,2023-05-13T12:43:20.025536841Z,2023-06-12T12:43:20.025536841Z,2023-06-06T16:32:30.532659515Z,804.0224,docker_cpu_usage_pct,bwa (DA71) (942),bwa (DA71) (942),2822953,942
,,0,2023-05-13T12:43:20.025536841Z,2023-06-12T12:43:20.025536841Z,2023-06-06T16:32:32.532205713Z,796.85,docker_cpu_usage_pct,bwa (DA71) (942),bwa (DA71) (942),2822953,942
,,0,2023-05-13T12:43:20.025536841Z,2023-06-12T12:43:20.025536841Z,2023-06-06T16:32:34.531852913Z,799.0855,docker_cpu_usage_pct,bwa (DA71) (942),bwa (DA71) (942),2822953,942
,,0,2023-05-13T12:43:20.025536841Z,2023-06-12T12:43:20.025536841Z,2023-06-06T16:32:36.531457238Z,801.55,docker_cpu_usage_pct,bwa (DA71) (942),bwa (DA71) (942),2822953,942
,,0,2023-05-13T12:43:20.025536841Z,2023-06-12T12:43:20.025536841Z,2023-06-06T16:32:38.531555577Z,798.9748,docker_cpu_usage_pct,bwa (DA71) (942),bwa (DA71) (942),2822953,942
,,0,2023-05-13T12:43:20.025536841Z,2023-06-12T12:43:20.025536841Z,2023-06-06T16:32:40.532254252Z,803.2014,docker_cpu_usage_pct,bwa (DA71) (942),bwa (DA71) (942),2822953,942
,,0,2023-05-13T12:43:20.025536841Z,2023-06-12T12:43:20.025536841Z,2023-06-06T16:32:42.531975013Z,799.7507,docker_cpu_usage_pct,bwa (DA71) (942),bwa (DA71) (942),2822953,942
,,0,2023-05-13T12:43:20.025536841Z,2023-06-12T12:43:20.025536841Z,2023-06-06T16:32:44.531504245Z,799.7323,docker_cpu_usage_pct,bwa (DA71) (942),bwa (DA71) (942),2822953,942
,,0,2023-05-13T12:43:20.025536841Z,2023-06-12T12:43:20.025536841Z,2023-06-06T16:32:46.532281666Z,780.0139,docker_cpu_usage_pct,bwa (DA71) (942),bwa (DA71) (942),2822953,942
,,0,2023-05-13T12:43:20.025536841Z,2023-06-12T12:43:20.025536841Z,2023-06-06T16:32:48.531977947Z,701.4476,docker_cpu_usage_pct,bwa (DA71) (942),bwa (DA71) (942),2822953,942
,,0,2023-05-13T12:43:20.025536841Z,2023-06-12T12:43:20.025536841Z,2023-06-06T16:32:50.531629355Z,700.8032,docker_cpu_usage_pct,bwa (DA71) (942),bwa (DA71) (942),2822953,942
,,0,2023-05-13T12:43:20.025536841Z,2023-06-12T12:43:20.025536841Z,2023-06-06T16:32:52.531386043Z,540.1988,docker_cpu_usage_pct,bwa (DA71) (942),bwa (DA71) (942),2822953,942
,,0,2023-05-13T12:43:20.025536841Z,2023-06-12T12:43:20.025536841Z,2023-06-06T16:32:54.53205888Z,440.0872,docker_cpu_usage_pct,bwa (DA71) (942),bwa (DA71) (942),2822953,942
,,0,2023-05-13T12:43:20.025536841Z,2023-06-12T12:43:20.025536841Z,2023-06-06T16:32:56.531982879Z,100.0907,docker_cpu_usage_pct,bwa (DA71) (942),bwa (DA71) (942),2822953,942
,,0,2023-05-13T12:43:20.025536841Z,2023-06-12T12:43:20.025536841Z,2023-06-06T16:32:58.53149296Z,99.9473,docker_cpu_usage_pct,bwa (DA71) (942),bwa (DA71) (942),2822953,942
,,0,2023-05-13T12:43:20.025536841Z,2023-06-12T12:43:20.025536841Z,2023-06-06T16:33:00.53249047Z,99.8756,docker_cpu_usage_pct,bwa (DA71) (942),bwa (DA71) (942),2822953,942
,,0,2023-05-13T12:43:20.025536841Z,2023-06-12T12:43:20.025536841Z,2023-06-06T16:33:02.533224878Z,800.8854,docker_cpu_usage_pct,bwa (DA71) (942),bwa (DA71) (942),2822953,942
,,0,2023-05-13T12:43:20.025536841Z,2023-06-12T12:43:20.025536841Z,2023-06-06T16:33:04.531944476Z,799.5753,docker_cpu_usage_pct,bwa (DA71) (942),bwa (DA71) (942),2822953,942
,,0,2023-05-13T12:43:20.025536841Z,2023-06-12T12:43:20.025536841Z,2023-06-06T16:33:06.531727527Z,797.8415,docker_cpu_usage_pct,bwa (DA71) (942),bwa (DA71) (942),2822953,942
,,0,2023-05-13T12:43:20.025536841Z,2023-06-12T12:43:20.025536841Z,2023-06-06T16:33:08.531524026Z,802.0985,docker_cpu_usage_pct,bwa (DA71) (942),bwa (DA71) (942),2822953,942
,,0,2023-05-13T12:43:20.025536841Z,2023-06-12T12:43:20.025536841Z,2023-06-06T16:33:10.53218368Z,796.8981,docker_cpu_usage_pct,bwa (DA71) (942),bwa (DA71) (942),2822953,942
,,0,2023-05-13T12:43:20.025536841Z,2023-06-12T12:43:20.025536841Z,2023-06-06T16:33:13.532000289Z,798.8756,docker_cpu_usage_pct,bwa (DA71) (942),bwa (DA71) (942),2822953,942
,,0,2023-05-13T12:43:20.025536841Z,2023-06-12T12:43:20.025536841Z,2023-06-06T16:33:15.531764878Z,797.6256,docker_cpu_usage_pct,bwa (DA71) (942),bwa (DA71) (942),2822953,942
,,0,2023-05-13T12:43:20.025536841Z,2023-06-12T12:43:20.025536841Z,2023-06-06T16:33:17.531492753Z,800.3365,docker_cpu_usage_pct,bwa (DA71) (942),bwa (DA71) (942),2822953,942
,,0,2023-05-13T12:43:20.025536841Z,2023-06-12T12:43:20.025536841Z,2023-06-06T16:33:19.532169427Z,801.7562,docker_cpu_usage_pct,bwa (DA71) (942),bwa (DA71) (942),2822953,942
,,0,2023-05-13T12:43:20.025536841Z,2023-06-12T12:43:20.025536841Z,2023-06-06T16:33:21.531915258Z,799.0304,docker_cpu_usage_pct,bwa (DA71) (942),bwa (DA71) (942),2822953,942
,,0,2023-05-13T12:43:20.025536841Z,2023-06-12T12:43:20.025536841Z,2023-06-06T16:33:23.531690256Z,796.7957,docker_cpu_usage_pct,bwa (DA71) (942),bwa (DA71) (942),2822953,942
,,0,2023-05-13T12:43:20.025536841Z,2023-06-12T12:43:20.025536841Z,2023-06-06T16:33:25.531481333Z,798.0686,docker_cpu_usage_pct,bwa (DA71) (942),bwa (DA71) (942),2822953,942
,,0,2023-05-13T12:43:20.025536841Z,2023-06-12T12:43:20.025536841Z,2023-06-06T16:33:27.5322247Z,802.7194,docker_cpu_usage_pct,bwa (DA71) (942),bwa (DA71) (942),2822953,942
,,0,2023-05-13T12:43:20.025536841Z,2023-06-12T12:43:20.025536841Z,2023-06-06T16:33:29.532243229Z,801.1139,docker_cpu_usage_pct,bwa (DA71) (942),bwa (DA71) (942),2822953,942
,,0,2023-05-13T12:43:20.025536841Z,2023-06-12T12:43:20.025536841Z,2023-06-06T16:33:31.531731059Z,800.5472,docker_cpu_usage_pct,bwa (DA71) (942),bwa (DA71) (942),2822953,942
,,0,2023-05-13T12:43:20.025536841Z,2023-06-12T12:43:20.025536841Z,2023-06-06T16:33:33.531550617Z,799.5406,docker_cpu_usage_pct,bwa (DA71) (942),bwa (DA71) (942),2822953,942
,,0,2023-05-13T12:43:20.025536841Z,2023-06-12T12:43:20.025536841Z,2023-06-06T16:33:35.532308004Z,798.4652,docker_cpu_usage_pct,bwa (DA71) (942),bwa (DA71) (942),2822953,942
,,0,2023-05-13T12:43:20.025536841Z,2023-06-12T12:43:20.025536841Z,2023-06-06T16:33:37.53192854Z,803.7819,docker_cpu_usage_pct,bwa (DA71) (942),bwa (DA71) (942),2822953,942
,,0,2023-05-13T12:43:20.025536841Z,2023-06-12T12:43:20.025536841Z,2023-06-06T16:33:39.531704658Z,800.1904,docker_cpu_usage_pct,bwa (DA71) (942),bwa (DA71) (942),2822953,942
,,0,2023-05-13T12:43:20.025536841Z,2023-06-12T12:43:20.025536841Z,2023-06-06T16:33:41.531675371Z,803.7056,docker_cpu_usage_pct,bwa (DA71) (942),bwa (DA71) (942),2822953,942
,,0,2023-05-13T12:43:20.025536841Z,2023-06-12T12:43:20.025536841Z,2023-06-06T16:33:43.532309125Z,718.1412,docker_cpu_usage_pct,bwa (DA71) (942),bwa (DA71) (942),2822953,942
,,0,2023-05-13T12:43:20.025536841Z,2023-06-12T12:43:20.025536841Z,2023-06-06T16:33:45.532045415Z,561.1477,docker_cpu_usage_pct,bwa (DA71) (942),bwa (DA71) (942),2822953,942
,,0,2023-05-13T12:43:20.025536841Z,2023-06-12T12:43:20.025536841Z,2023-06-06T16:33:47.531739932Z,100.4869,docker_cpu_usage_pct,bwa (DA71) (942),bwa (DA71) (942),2822953,942
,,0,2023-05-13T12:43:20.025536841Z,2023-06-12T12:43:20.025536841Z,2023-06-06T16:33:49.531386725Z,106.35,docker_cpu_usage_pct,bwa (DA71) (942),bwa (DA71) (942),2822953,942
,,0,2023-05-13T12:43:20.025536841Z,2023-06-12T12:43:20.025536841Z,2023-06-06T16:33:51.537002825Z,417.96,docker_cpu_usage_pct,bwa (DA71) (942),bwa (DA71) (942),2822953,942
,,0,2023-05-13T12:43:20.025536841Z,2023-06-12T12:43:20.025536841Z,2023-06-06T16:33:53.531946846Z,800.4716,docker_cpu_usage_pct,bwa (DA71) (942),bwa (DA71) (942),2822953,942
,,0,2023-05-13T12:43:20.025536841Z,2023-06-12T12:43:20.025536841Z,2023-06-06T16:33:55.531669114Z,795.99,docker_cpu_usage_pct,bwa (DA71) (942),bwa (DA71) (942),2822953,942
,,0,2023-05-13T12:43:20.025536841Z,2023-06-12T12:43:20.025536841Z,2023-06-06T16:33:57.532313021Z,800.3459,docker_cpu_usage_pct,bwa (DA71) (942),bwa (DA71) (942),2822953,942
,,0,2023-05-13T12:43:20.025536841Z,2023-06-12T12:43:20.025536841Z,2023-06-06T16:33:59.53221046Z,797.8242,docker_cpu_usage_pct,bwa (DA71) (942),bwa (DA71) (942),2822953,942
,,0,2023-05-13T12:43:20.025536841Z,2023-06-12T12:43:20.025536841Z,2023-06-06T16:34:01.531974272Z,796.7552,docker_cpu_usage_pct,bwa (DA71) (942),bwa (DA71) (942),2822953,942
,,0,2023-05-13T12:43:20.025536841Z,2023-06-12T12:43:20.025536841Z,2023-06-06T16:34:03.533158771Z,792.9247,docker_cpu_usage_pct,bwa (DA71) (942),bwa (DA71) (942),2822953,942
,,0,2023-05-13T12:43:20.025536841Z,2023-06-12T12:43:20.025536841Z,2023-06-06T16:34:05.531975727Z,801.1968,docker_cpu_usage_pct,bwa (DA71) (942),bwa (DA71) (942),2822953,942
,,0,2023-05-13T12:43:20.025536841Z,2023-06-12T12:43:20.025536841Z,2023-06-06T16:34:07.531737233Z,796.5281,docker_cpu_usage_pct,bwa (DA71) (942),bwa (DA71) (942),2822953,942
,,0,2023-05-13T12:43:20.025536841Z,2023-06-12T12:43:20.025536841Z,2023-06-06T16:34:09.531402392Z,798.5372,docker_cpu_usage_pct,bwa (DA71) (942),bwa (DA71) (942),2822953,942
,,0,2023-05-13T12:43:20.025536841Z,2023-06-12T12:43:20.025536841Z,2023-06-06T16:34:11.532092205Z,799.5605,docker_cpu_usage_pct,bwa (DA71) (942),bwa (DA71) (942),2822953,942
,,0,2023-05-13T12:43:20.025536841Z,2023-06-12T12:43:20.025536841Z,2023-06-06T16:34:13.531941396Z,802.0445,docker_cpu_usage_pct,bwa (DA71) (942),bwa (DA71) (942),2822953,942
,,0,2023-05-13T12:43:20.025536841Z,2023-06-12T12:43:20.025536841Z,2023-06-06T16:34:15.531849287Z,799.7776,docker_cpu_usage_pct,bwa (DA71) (942),bwa (DA71) (942),2822953,942
,,0,2023-05-13T12:43:20.025536841Z,2023-06-12T12:43:20.025536841Z,2023-06-06T16:34:17.531645353Z,799.0939,docker_cpu_usage_pct,bwa (DA71) (942),bwa (DA71) (942),2822953,942
,,0,2023-05-13T12:43:20.025536841Z,2023-06-12T12:43:20.025536841Z,2023-06-06T16:34:19.532278494Z,803.2455,docker_cpu_usage_pct,bwa (DA71) (942),bwa (DA71) (942),2822953,942
,,0,2023-05-13T12:43:20.025536841Z,2023-06-12T12:43:20.025536841Z,2023-06-06T16:34:21.532082715Z,797.7949,docker_cpu_usage_pct,bwa (DA71) (942),bwa (DA71) (942),2822953,942
,,0,2023-05-13T12:43:20.025536841Z,2023-06-12T12:43:20.025536841Z,2023-06-06T16:34:23.531890564Z,801.5909,docker_cpu_usage_pct,bwa (DA71) (942),bwa (DA71) (942),2822953,942
,,0,2023-05-13T12:43:20.025536841Z,2023-06-12T12:43:20.025536841Z,2023-06-06T16:34:25.531534225Z,802.533,docker_cpu_usage_pct,bwa (DA71) (942),bwa (DA71) (942),2822953,942
,,0,2023-05-13T12:43:20.025536841Z,2023-06-12T12:43:20.025536841Z,2023-06-06T16:34:27.53222949Z,799.6187,docker_cpu_usage_pct,bwa (DA71) (942),bwa (DA71) (942),2822953,942
,,0,2023-05-13T12:43:20.025536841Z,2023-06-12T12:43:20.025536841Z,2023-06-06T16:34:29.532126555Z,798.0248,docker_cpu_usage_pct,bwa (DA71) (942),bwa (DA71) (942),2822953,942
,,0,2023-05-13T12:43:20.025536841Z,2023-06-12T12:43:20.025536841Z,2023-06-06T16:34:31.532122131Z,799.8738,docker_cpu_usage_pct,bwa (DA71) (942),bwa (DA71) (942),2822953,942
,,0,2023-05-13T12:43:20.025536841Z,2023-06-12T12:43:20.025536841Z,2023-06-06T16:34:33.531522145Z,802.558,docker_cpu_usage_pct,bwa (DA71) (942),bwa (DA71) (942),2822953,942
,,0,2023-05-13T12:43:20.025536841Z,2023-06-12T12:43:20.025536841Z,2023-06-06T16:34:36.531514943Z,798.4256,docker_cpu_usage_pct,bwa (DA71) (942),bwa (DA71) (942),2822953,942
,,0,2023-05-13T12:43:20.025536841Z,2023-06-12T12:43:20.025536841Z,2023-06-06T16:34:38.532308128Z,795.8945,docker_cpu_usage_pct,bwa (DA71) (942),bwa (DA71) (942),2822953,942
,,0,2023-05-13T12:43:20.025536841Z,2023-06-12T12:43:20.025536841Z,2023-06-06T16:34:40.532010504Z,798.2516,docker_cpu_usage_pct,bwa (DA71) (942),bwa (DA71) (942),2822953,942
,,0,2023-05-13T12:43:20.025536841Z,2023-06-12T12:43:20.025536841Z,2023-06-06T16:34:42.531656117Z,535.5746,docker_cpu_usage_pct,bwa (DA71) (942),bwa (DA71) (942),2822953,942
,,0,2023-05-13T12:43:20.025536841Z,2023-06-12T12:43:20.025536841Z,2023-06-06T16:34:44.53165294Z,141.2123,docker_cpu_usage_pct,bwa (DA71) (942),bwa (DA71) (942),2822953,942
,,0,2023-05-13T12:43:20.025536841Z,2023-06-12T12:43:20.025536841Z,2023-06-06T16:34:46.532485608Z,800.2215,docker_cpu_usage_pct,bwa (DA71) (942),bwa (DA71) (942),2822953,942
,,0,2023-05-13T12:43:20.025536841Z,2023-06-12T12:43:20.025536841Z,2023-06-06T16:34:48.531624268Z,799.3622,docker_cpu_usage_pct,bwa (DA71) (942),bwa (DA71) (942),2822953,942
,,0,2023-05-13T12:43:20.025536841Z,2023-06-12T12:43:20.025536841Z,2023-06-06T16:34:50.532452701Z,795.8825,docker_cpu_usage_pct,bwa (DA71) (942),bwa (DA71) (942),2822953,942
,,0,2023-05-13T12:43:20.025536841Z,2023-06-12T12:43:20.025536841Z,2023-06-06T16:34:52.532084053Z,797.9601,docker_cpu_usage_pct,bwa (DA71) (942),bwa (DA71) (942),2822953,942
,,0,2023-05-13T12:43:20.025536841Z,2023-06-12T12:43:20.025536841Z,2023-06-06T16:34:54.531872007Z,798.9232,docker_cpu_usage_pct,bwa (DA71) (942),bwa (DA71) (942),2822953,942
,,0,2023-05-13T12:43:20.025536841Z,2023-06-12T12:43:20.025536841Z,2023-06-06T16:34:56.531853357Z,797.7858,docker_cpu_usage_pct,bwa (DA71) (942),bwa (DA71) (942),2822953,942
,,0,2023-05-13T12:43:20.025536841Z,2023-06-12T12:43:20.025536841Z,2023-06-06T16:34:58.531763881Z,799.7626,docker_cpu_usage_pct,bwa (DA71) (942),bwa (DA71) (942),2822953,942
,,0,2023-05-13T12:43:20.025536841Z,2023-06-12T12:43:20.025536841Z,2023-06-06T16:35:00.531430486Z,800.0301,docker_cpu_usage_pct,bwa (DA71) (942),bwa (DA71) (942),2822953,942
,,0,2023-05-13T12:43:20.025536841Z,2023-06-12T12:43:20.025536841Z,2023-06-06T16:35:02.532206624Z,799.7552,docker_cpu_usage_pct,bwa (DA71) (942),bwa (DA71) (942),2822953,942
,,0,2023-05-13T12:43:20.025536841Z,2023-06-12T12:43:20.025536841Z,2023-06-06T16:35:04.531954337Z,800.0117,docker_cpu_usage_pct,bwa (DA71) (942),bwa (DA71) (942),2822953,942
,,0,2023-05-13T12:43:20.025536841Z,2023-06-12T12:43:20.025536841Z,2023-06-06T16:35:06.531599815Z,798.3422,docker_cpu_usage_pct,bwa (DA71) (942),bwa (DA71) (942),2822953,942
,,0,2023-05-13T12:43:20.025536841Z,2023-06-12T12:43:20.025536841Z,2023-06-06T16:35:08.532465351Z,798.7542,docker_cpu_usage_pct,bwa (DA71) (942),bwa (DA71) (942),2822953,942
,,0,2023-05-13T12:43:20.025536841Z,2023-06-12T12:43:20.025536841Z,2023-06-06T16:35:10.532258179Z,797.6537,docker_cpu_usage_pct,bwa (DA71) (942),bwa (DA71) (942),2822953,942
,,0,2023-05-13T12:43:20.025536841Z,2023-06-12T12:43:20.025536841Z,2023-06-06T16:35:12.531950312Z,794.0197,docker_cpu_usage_pct,bwa (DA71) (942),bwa (DA71) (942),2822953,942
,,0,2023-05-13T12:43:20.025536841Z,2023-06-12T12:43:20.025536841Z,2023-06-06T16:35:14.531962534Z,799.1442,docker_cpu_usage_pct,bwa (DA71) (942),bwa (DA71) (942),2822953,942
,,0,2023-05-13T12:43:20.025536841Z,2023-06-12T12:43:20.025536841Z,2023-06-06T16:35:16.531530729Z,797.9244,docker_cpu_usage_pct,bwa (DA71) (942),bwa (DA71) (942),2822953,942
,,0,2023-05-13T12:43:20.025536841Z,2023-06-12T12:43:20.025536841Z,2023-06-06T16:35:18.537118673Z,800.1622,docker_cpu_usage_pct,bwa (DA71) (942),bwa (DA71) (942),2822953,942
,,0,2023-05-13T12:43:20.025536841Z,2023-06-12T12:43:20.025536841Z,2023-06-06T16:35:20.531649486Z,800.2784,docker_cpu_usage_pct,bwa (DA71) (942),bwa (DA71) (942),2822953,942
,,0,2023-05-13T12:43:20.025536841Z,2023-06-12T12:43:20.025536841Z,2023-06-06T16:35:22.531574536Z,800.426,docker_cpu_usage_pct,bwa (DA71) (942),bwa (DA71) (942),2822953,942
,,0,2023-05-13T12:43:20.025536841Z,2023-06-12T12:43:20.025536841Z,2023-06-06T16:35:24.532428275Z,793.8928,docker_cpu_usage_pct,bwa (DA71) (942),bwa (DA71) (942),2822953,942
,,0,2023-05-13T12:43:20.025536841Z,2023-06-12T12:43:20.025536841Z,2023-06-06T16:35:26.531970789Z,799.2538,docker_cpu_usage_pct,bwa (DA71) (942),bwa (DA71) (942),2822953,942
,,0,2023-05-13T12:43:20.025536841Z,2023-06-12T12:43:20.025536841Z,2023-06-06T16:35:28.531849853Z,794.63,docker_cpu_usage_pct,bwa (DA71) (942),bwa (DA71) (942),2822953,942
,,0,2023-05-13T12:43:20.025536841Z,2023-06-12T12:43:20.025536841Z,2023-06-06T16:35:30.531823217Z,799.6827,docker_cpu_usage_pct,bwa (DA71) (942),bwa (DA71) (942),2822953,942
,,0,2023-05-13T12:43:20.025536841Z,2023-06-12T12:43:20.025536841Z,2023-06-06T16:35:32.531762388Z,795.8669,docker_cpu_usage_pct,bwa (DA71) (942),bwa (DA71) (942),2822953,942
,,0,2023-05-13T12:43:20.025536841Z,2023-06-12T12:43:20.025536841Z,2023-06-06T16:35:34.531367667Z,799.1236,docker_cpu_usage_pct,bwa (DA71) (942),bwa (DA71) (942),2822953,942
,,0,2023-05-13T12:43:20.025536841Z,2023-06-12T12:43:20.025536841Z,2023-06-06T16:35:36.532266476Z,794.4029,docker_cpu_usage_pct,bwa (DA71) (942),bwa (DA71) (942),2822953,942
,,0,2023-05-13T12:43:20.025536841Z,2023-06-12T12:43:20.025536841Z,2023-06-06T16:35:38.531883901Z,700.3884,docker_cpu_usage_pct,bwa (DA71) (942),bwa (DA71) (942),2822953,942
,,0,2023-05-13T12:43:20.025536841Z,2023-06-12T12:43:20.025536841Z,2023-06-06T16:35:40.531716691Z,434.092,docker_cpu_usage_pct,bwa (DA71) (942),bwa (DA71) (942),2822953,942
,,0,2023-05-13T12:43:20.025536841Z,2023-06-12T12:43:20.025536841Z,2023-06-06T16:35:42.532283123Z,190.0281,docker_cpu_usage_pct,bwa (DA71) (942),bwa (DA71) (942),2822953,942
,,0,2023-05-13T12:43:20.025536841Z,2023-06-12T12:43:20.025536841Z,2023-06-06T16:35:44.532169331Z,405.6215,docker_cpu_usage_pct,bwa (DA71) (942),bwa (DA71) (942),2822953,942
,,0,2023-05-13T12:43:20.025536841Z,2023-06-12T12:43:20.025536841Z,2023-06-06T16:35:46.531747177Z,799.1707,docker_cpu_usage_pct,bwa (DA71) (942),bwa (DA71) (942),2822953,942
,,0,2023-05-13T12:43:20.025536841Z,2023-06-12T12:43:20.025536841Z,2023-06-06T16:35:48.531498916Z,801.9504,docker_cpu_usage_pct,bwa (DA71) (942),bwa (DA71) (942),2822953,942
,,0,2023-05-13T12:43:20.025536841Z,2023-06-12T12:43:20.025536841Z,2023-06-06T16:35:50.532443035Z,797.5801,docker_cpu_usage_pct,bwa (DA71) (942),bwa (DA71) (942),2822953,942
,,0,2023-05-13T12:43:20.025536841Z,2023-06-12T12:43:20.025536841Z,2023-06-06T16:35:52.532120748Z,799.2271,docker_cpu_usage_pct,bwa (DA71) (942),bwa (DA71) (942),2822953,942
,,0,2023-05-13T12:43:20.025536841Z,2023-06-12T12:43:20.025536841Z,2023-06-06T16:35:54.533522137Z,799.7125,docker_cpu_usage_pct,bwa (DA71) (942),bwa (DA71) (942),2822953,942
,,0,2023-05-13T12:43:20.025536841Z,2023-06-12T12:43:20.025536841Z,2023-06-06T16:35:56.53210662Z,795.9667,docker_cpu_usage_pct,bwa (DA71) (942),bwa (DA71) (942),2822953,942
,,0,2023-05-13T12:43:20.025536841Z,2023-06-12T12:43:20.025536841Z,2023-06-06T16:35:58.531774978Z,799.5541,docker_cpu_usage_pct,bwa (DA71) (942),bwa (DA71) (942),2822953,942
,,0,2023-05-13T12:43:20.025536841Z,2023-06-12T12:43:20.025536841Z,2023-06-06T16:36:00.533201062Z,799.5205,docker_cpu_usage_pct,bwa (DA71) (942),bwa (DA71) (942),2822953,942
,,0,2023-05-13T12:43:20.025536841Z,2023-06-12T12:43:20.025536841Z,2023-06-06T16:36:02.532062169Z,800.5041,docker_cpu_usage_pct,bwa (DA71) (942),bwa (DA71) (942),2822953,942
,,0,2023-05-13T12:43:20.025536841Z,2023-06-12T12:43:20.025536841Z,2023-06-06T16:36:05.531929129Z,795.9008,docker_cpu_usage_pct,bwa (DA71) (942),bwa (DA71) (942),2822953,942
,,0,2023-05-13T12:43:20.025536841Z,2023-06-12T12:43:20.025536841Z,2023-06-06T16:36:07.531616138Z,799.3147,docker_cpu_usage_pct,bwa (DA71) (942),bwa (DA71) (942),2822953,942
,,0,2023-05-13T12:43:20.025536841Z,2023-06-12T12:43:20.025536841Z,2023-06-06T16:36:09.532376892Z,799.3679,docker_cpu_usage_pct,bwa (DA71) (942),bwa (DA71) (942),2822953,942
,,0,2023-05-13T12:43:20.025536841Z,2023-06-12T12:43:20.025536841Z,2023-06-06T16:36:11.537330004Z,797.6831,docker_cpu_usage_pct,bwa (DA71) (942),bwa (DA71) (942),2822953,942
,,0,2023-05-13T12:43:20.025536841Z,2023-06-12T12:43:20.025536841Z,2023-06-06T16:36:13.53164657Z,798.4955,docker_cpu_usage_pct,bwa (DA71) (942),bwa (DA71) (942),2822953,942
,,0,2023-05-13T12:43:20.025536841Z,2023-06-12T12:43:20.025536841Z,2023-06-06T16:36:15.532432249Z,798.4362,docker_cpu_usage_pct,bwa (DA71) (942),bwa (DA71) (942),2822953,942
,,0,2023-05-13T12:43:20.025536841Z,2023-06-12T12:43:20.025536841Z,2023-06-06T16:36:17.532345387Z,797.4935,docker_cpu_usage_pct,bwa (DA71) (942),bwa (DA71) (942),2822953,942
,,0,2023-05-13T12:43:20.025536841Z,2023-06-12T12:43:20.025536841Z,2023-06-06T16:36:19.531869921Z,798.9811,docker_cpu_usage_pct,bwa (DA71) (942),bwa (DA71) (942),2822953,942
,,0,2023-05-13T12:43:20.025536841Z,2023-06-12T12:43:20.025536841Z,2023-06-06T16:36:21.53190028Z,797.2758,docker_cpu_usage_pct,bwa (DA71) (942),bwa (DA71) (942),2822953,942
,,0,2023-05-13T12:43:20.025536841Z,2023-06-12T12:43:20.025536841Z,2023-06-06T16:36:23.531614317Z,799.8419,docker_cpu_usage_pct,bwa (DA71) (942),bwa (DA71) (942),2822953,942
,,0,2023-05-13T12:43:20.025536841Z,2023-06-12T12:43:20.025536841Z,2023-06-06T16:36:25.532216991Z,799.9329,docker_cpu_usage_pct,bwa (DA71) (942),bwa (DA71) (942),2822953,942
,,0,2023-05-13T12:43:20.025536841Z,2023-06-12T12:43:20.025536841Z,2023-06-06T16:36:27.531915183Z,799.2193,docker_cpu_usage_pct,bwa (DA71) (942),bwa (DA71) (942),2822953,942
,,0,2023-05-13T12:43:20.025536841Z,2023-06-12T12:43:20.025536841Z,2023-06-06T16:36:29.53179532Z,800.3758,docker_cpu_usage_pct,bwa (DA71) (942),bwa (DA71) (942),2822953,942
,,0,2023-05-13T12:43:20.025536841Z,2023-06-12T12:43:20.025536841Z,2023-06-06T16:36:31.531502739Z,658.8078,docker_cpu_usage_pct,bwa (DA71) (942),bwa (DA71) (942),2822953,942
,,0,2023-05-13T12:43:20.025536841Z,2023-06-12T12:43:20.025536841Z,2023-06-06T16:36:33.532129507Z,493.2122,docker_cpu_usage_pct,bwa (DA71) (942),bwa (DA71) (942),2822953,942
,,0,2023-05-13T12:43:20.025536841Z,2023-06-12T12:43:20.025536841Z,2023-06-06T16:36:35.532067051Z,400.4417,docker_cpu_usage_pct,bwa (DA71) (942),bwa (DA71) (942),2822953,942
,,0,2023-05-13T12:43:20.025536841Z,2023-06-12T12:43:20.025536841Z,2023-06-06T16:36:37.531683082Z,292.4504,docker_cpu_usage_pct,bwa (DA71) (942),bwa (DA71) (942),2822953,942
,,0,2023-05-13T12:43:20.025536841Z,2023-06-12T12:43:20.025536841Z,2023-06-06T16:36:39.531502918Z,100.3964,docker_cpu_usage_pct,bwa (DA71) (942),bwa (DA71) (942),2822953,942
,,0,2023-05-13T12:43:20.025536841Z,2023-06-12T12:43:20.025536841Z,2023-06-06T16:36:41.532515502Z,654.6814,docker_cpu_usage_pct,bwa (DA71) (942),bwa (DA71) (942),2822953,942
,,0,2023-05-13T12:43:20.025536841Z,2023-06-12T12:43:20.025536841Z,2023-06-06T16:36:43.537904031Z,797.9541,docker_cpu_usage_pct,bwa (DA71) (942),bwa (DA71) (942),2822953,942
,,0,2023-05-13T12:43:20.025536841Z,2023-06-12T12:43:20.025536841Z,2023-06-06T16:36:45.533280773Z,800.465,docker_cpu_usage_pct,bwa (DA71) (942),bwa (DA71) (942),2822953,942
,,0,2023-05-13T12:43:20.025536841Z,2023-06-12T12:43:20.025536841Z,2023-06-06T16:36:47.532190642Z,798.7047,docker_cpu_usage_pct,bwa (DA71) (942),bwa (DA71) (942),2822953,942
,,0,2023-05-13T12:43:20.025536841Z,2023-06-12T12:43:20.025536841Z,2023-06-06T16:36:49.531839544Z,805.6046,docker_cpu_usage_pct,bwa (DA71) (942),bwa (DA71) (942),2822953,942
,,0,2023-05-13T12:43:20.025536841Z,2023-06-12T12:43:20.025536841Z,2023-06-06T16:36:51.531574878Z,798.8321,docker_cpu_usage_pct,bwa (DA71) (942),bwa (DA71) (942),2822953,942
,,0,2023-05-13T12:43:20.025536841Z,2023-06-12T12:43:20.025536841Z,2023-06-06T16:36:53.532323402Z,799.4744,docker_cpu_usage_pct,bwa (DA71) (942),bwa (DA71) (942),2822953,942
,,0,2023-05-13T12:43:20.025536841Z,2023-06-12T12:43:20.025536841Z,2023-06-06T16:36:55.533220761Z,799.4386,docker_cpu_usage_pct,bwa (DA71) (942),bwa (DA71) (942),2822953,942
,,0,2023-05-13T12:43:20.025536841Z,2023-06-12T12:43:20.025536841Z,2023-06-06T16:36:57.532043469Z,803.0969,docker_cpu_usage_pct,bwa (DA71) (942),bwa (DA71) (942),2822953,942
,,0,2023-05-13T12:43:20.025536841Z,2023-06-12T12:43:20.025536841Z,2023-06-06T16:36:59.531860618Z,800.548,docker_cpu_usage_pct,bwa (DA71) (942),bwa (DA71) (942),2822953,942
,,0,2023-05-13T12:43:20.025536841Z,2023-06-12T12:43:20.025536841Z,2023-06-06T16:37:01.531643634Z,798.6376,docker_cpu_usage_pct,bwa (DA71) (942),bwa (DA71) (942),2822953,942
,,0,2023-05-13T12:43:20.025536841Z,2023-06-12T12:43:20.025536841Z,2023-06-06T16:37:03.536768097Z,798.9736,docker_cpu_usage_pct,bwa (DA71) (942),bwa (DA71) (942),2822953,942
,,0,2023-05-13T12:43:20.025536841Z,2023-06-12T12:43:20.025536841Z,2023-06-06T16:37:05.532175655Z,795.2749,docker_cpu_usage_pct,bwa (DA71) (942),bwa (DA71) (942),2822953,942
,,0,2023-05-13T12:43:20.025536841Z,2023-06-12T12:43:20.025536841Z,2023-06-06T16:37:07.531746679Z,799.3473,docker_cpu_usage_pct,bwa (DA71) (942),bwa (DA71) (942),2822953,942
,,0,2023-05-13T12:43:20.025536841Z,2023-06-12T12:43:20.025536841Z,2023-06-06T16:37:09.532349817Z,798.0524,docker_cpu_usage_pct,bwa (DA71) (942),bwa (DA71) (942),2822953,942
,,0,2023-05-13T12:43:20.025536841Z,2023-06-12T12:43:20.025536841Z,2023-06-06T16:37:11.532251339Z,802.6627,docker_cpu_usage_pct,bwa (DA71) (942),bwa (DA71) (942),2822953,942
,,0,2023-05-13T12:43:20.025536841Z,2023-06-12T12:43:20.025536841Z,2023-06-06T16:37:13.531908381Z,799.9314,docker_cpu_usage_pct,bwa (DA71) (942),bwa (DA71) (942),2822953,942
,,0,2023-05-13T12:43:20.025536841Z,2023-06-12T12:43:20.025536841Z,2023-06-06T16:37:15.531666316Z,799.1234,docker_cpu_usage_pct,bwa (DA71) (942),bwa (DA71) (942),2822953,942
,,0,2023-05-13T12:43:20.025536841Z,2023-06-12T12:43:20.025536841Z,2023-06-06T16:37:17.532531235Z,799.154,docker_cpu_usage_pct,bwa (DA71) (942),bwa (DA71) (942),2822953,942
,,0,2023-05-13T12:43:20.025536841Z,2023-06-12T12:43:20.025536841Z,2023-06-06T16:37:19.5321029Z,803.8329,docker_cpu_usage_pct,bwa (DA71) (942),bwa (DA71) (942),2822953,942
,,0,2023-05-13T12:43:20.025536841Z,2023-06-12T12:43:20.025536841Z,2023-06-06T16:37:21.531846369Z,796.9564,docker_cpu_usage_pct,bwa (DA71) (942),bwa (DA71) (942),2822953,942
,,0,2023-05-13T12:43:20.025536841Z,2023-06-12T12:43:20.025536841Z,2023-06-06T16:37:24.537227222Z,798.4477,docker_cpu_usage_pct,bwa (DA71) (942),bwa (DA71) (942),2822953,942
,,0,2023-05-13T12:43:20.025536841Z,2023-06-12T12:43:20.025536841Z,2023-06-06T16:37:27.532947009Z,739.7102,docker_cpu_usage_pct,bwa (DA71) (942),bwa (DA71) (942),2822953,942
,,0,2023-05-13T12:43:20.025536841Z,2023-06-12T12:43:20.025536841Z,2023-06-06T16:37:29.532361011Z,601.4611,docker_cpu_usage_pct,bwa (DA71) (942),bwa (DA71) (942),2822953,942
,,0,2023-05-13T12:43:20.025536841Z,2023-06-12T12:43:20.025536841Z,2023-06-06T16:37:31.532095072Z,387.6889,docker_cpu_usage_pct,bwa (DA71) (942),bwa (DA71) (942),2822953,942
,,0,2023-05-13T12:43:20.025536841Z,2023-06-12T12:43:20.025536841Z,2023-06-06T16:37:33.531843292Z,191.3963,docker_cpu_usage_pct,bwa (DA71) (942),bwa (DA71) (942),2822953,942
,,0,2023-05-13T12:43:20.025536841Z,2023-06-12T12:43:20.025536841Z,2023-06-06T16:37:35.533260366Z,799.262,docker_cpu_usage_pct,bwa (DA71) (942),bwa (DA71) (942),2822953,942
,,0,2023-05-13T12:43:20.025536841Z,2023-06-12T12:43:20.025536841Z,2023-06-06T16:37:37.533208049Z,796.3043,docker_cpu_usage_pct,bwa (DA71) (942),bwa (DA71) (942),2822953,942
,,0,2023-05-13T12:43:20.025536841Z,2023-06-12T12:43:20.025536841Z,2023-06-06T16:37:39.532113257Z,796.5461,docker_cpu_usage_pct,bwa (DA71) (942),bwa (DA71) (942),2822953,942
,,0,2023-05-13T12:43:20.025536841Z,2023-06-12T12:43:20.025536841Z,2023-06-06T16:37:42.531806379Z,799.7167,docker_cpu_usage_pct,bwa (DA71) (942),bwa (DA71) (942),2822953,942
,,0,2023-05-13T12:43:20.025536841Z,2023-06-12T12:43:20.025536841Z,2023-06-06T16:37:43.53242902Z,798.7828,docker_cpu_usage_pct,bwa (DA71) (942),bwa (DA71) (942),2822953,942
,,0,2023-05-13T12:43:20.025536841Z,2023-06-12T12:43:20.025536841Z,2023-06-06T16:37:46.533264016Z,797.3939,docker_cpu_usage_pct,bwa (DA71) (942),bwa (DA71) (942),2822953,942
,,0,2023-05-13T12:43:20.025536841Z,2023-06-12T12:43:20.025536841Z,2023-06-06T16:37:48.532058393Z,798.2635,docker_cpu_usage_pct,bwa (DA71) (942),bwa (DA71) (942),2822953,942
,,0,2023-05-13T12:43:20.025536841Z,2023-06-12T12:43:20.025536841Z,2023-06-06T16:37:50.531698136Z,803.9192,docker_cpu_usage_pct,bwa (DA71) (942),bwa (DA71) (942),2822953,942
,,0,2023-05-13T12:43:20.025536841Z,2023-06-12T12:43:20.025536841Z,2023-06-06T16:37:52.531522534Z,801.2892,docker_cpu_usage_pct,bwa (DA71) (942),bwa (DA71) (942),2822953,942
,,0,2023-05-13T12:43:20.025536841Z,2023-06-12T12:43:20.025536841Z,2023-06-06T16:37:54.532194029Z,796.536,docker_cpu_usage_pct,bwa (DA71) (942),bwa (DA71) (942),2822953,942
,,0,2023-05-13T12:43:20.025536841Z,2023-06-12T12:43:20.025536841Z,2023-06-06T16:37:56.531881229Z,798.0577,docker_cpu_usage_pct,bwa (DA71) (942),bwa (DA71) (942),2822953,942
,,0,2023-05-13T12:43:20.025536841Z,2023-06-12T12:43:20.025536841Z,2023-06-06T16:37:58.536316467Z,797.091,docker_cpu_usage_pct,bwa (DA71) (942),bwa (DA71) (942),2822953,942
,,0,2023-05-13T12:43:20.025536841Z,2023-06-12T12:43:20.025536841Z,2023-06-06T16:38:00.531738902Z,800.2646,docker_cpu_usage_pct,bwa (DA71) (942),bwa (DA71) (942),2822953,942
,,0,2023-05-13T12:43:20.025536841Z,2023-06-12T12:43:20.025536841Z,2023-06-06T16:38:02.537233372Z,800.1864,docker_cpu_usage_pct,bwa (DA71) (942),bwa (DA71) (942),2822953,942
,,0,2023-05-13T12:43:20.025536841Z,2023-06-12T12:43:20.025536841Z,2023-06-06T16:38:04.53192607Z,799.4883,docker_cpu_usage_pct,bwa (DA71) (942),bwa (DA71) (942),2822953,942
,,0,2023-05-13T12:43:20.025536841Z,2023-06-12T12:43:20.025536841Z,2023-06-06T16:38:06.531755528Z,800.0318,docker_cpu_usage_pct,bwa (DA71) (942),bwa (DA71) (942),2822953,942
,,0,2023-05-13T12:43:20.025536841Z,2023-06-12T12:43:20.025536841Z,2023-06-06T16:38:08.531631176Z,799.7718,docker_cpu_usage_pct,bwa (DA71) (942),bwa (DA71) (942),2822953,942
,,0,2023-05-13T12:43:20.025536841Z,2023-06-12T12:43:20.025536841Z,2023-06-06T16:38:10.532407413Z,799.3898,docker_cpu_usage_pct,bwa (DA71) (942),bwa (DA71) (942),2822953,942
,,0,2023-05-13T12:43:20.025536841Z,2023-06-12T12:43:20.025536841Z,2023-06-06T16:38:12.532198005Z,799.9023,docker_cpu_usage_pct,bwa (DA71) (942),bwa (DA71) (942),2822953,942
,,0,2023-05-13T12:43:20.025536841Z,2023-06-12T12:43:20.025536841Z,2023-06-06T16:38:14.537110247Z,797.4645,docker_cpu_usage_pct,bwa (DA71) (942),bwa (DA71) (942),2822953,942
,,0,2023-05-13T12:43:20.025536841Z,2023-06-12T12:43:20.025536841Z,2023-06-06T16:38:16.53219582Z,796.1812,docker_cpu_usage_pct,bwa (DA71) (942),bwa (DA71) (942),2822953,942
,,0,2023-05-13T12:43:20.025536841Z,2023-06-12T12:43:20.025536841Z,2023-06-06T16:38:18.531786451Z,799.2555,docker_cpu_usage_pct,bwa (DA71) (942),bwa (DA71) (942),2822953,942
,,0,2023-05-13T12:43:20.025536841Z,2023-06-12T12:43:20.025536841Z,2023-06-06T16:38:20.531547637Z,801.1812,docker_cpu_usage_pct,bwa (DA71) (942),bwa (DA71) (942),2822953,942
,,0,2023-05-13T12:43:20.025536841Z,2023-06-12T12:43:20.025536841Z,2023-06-06T16:38:22.532124498Z,455.5353,docker_cpu_usage_pct,bwa (DA71) (942),bwa (DA71) (942),2822953,942
,,0,2023-05-13T12:43:20.025536841Z,2023-06-12T12:43:20.025536841Z,2023-06-06T16:38:24.531905212Z,197.0316,docker_cpu_usage_pct,bwa (DA71) (942),bwa (DA71) (942),2822953,942
,,0,2023-05-13T12:43:20.025536841Z,2023-06-12T12:43:20.025536841Z,2023-06-06T16:38:26.531782377Z,798.8336,docker_cpu_usage_pct,bwa (DA71) (942),bwa (DA71) (942),2822953,942
,,0,2023-05-13T12:43:20.025536841Z,2023-06-12T12:43:20.025536841Z,2023-06-06T16:38:28.533362198Z,798.6557,docker_cpu_usage_pct,bwa (DA71) (942),bwa (DA71) (942),2822953,942
,,0,2023-05-13T12:43:20.025536841Z,2023-06-12T12:43:20.025536841Z,2023-06-06T16:38:30.532189776Z,797.6488,docker_cpu_usage_pct,bwa (DA71) (942),bwa (DA71) (942),2822953,942
,,0,2023-05-13T12:43:20.025536841Z,2023-06-12T12:43:20.025536841Z,2023-06-06T16:38:32.531806418Z,798.2143,docker_cpu_usage_pct,bwa (DA71) (942),bwa (DA71) (942),2822953,942
,,0,2023-05-13T12:43:20.025536841Z,2023-06-12T12:43:20.025536841Z,2023-06-06T16:38:34.531499302Z,797.5664,docker_cpu_usage_pct,bwa (DA71) (942),bwa (DA71) (942),2822953,942
,,0,2023-05-13T12:43:20.025536841Z,2023-06-12T12:43:20.025536841Z,2023-06-06T16:38:36.53226569Z,800.9499,docker_cpu_usage_pct,bwa (DA71) (942),bwa (DA71) (942),2822953,942
,,0,2023-05-13T12:43:20.025536841Z,2023-06-12T12:43:20.025536841Z,2023-06-06T16:38:38.533283455Z,801.3821,docker_cpu_usage_pct,bwa (DA71) (942),bwa (DA71) (942),2822953,942
,,0,2023-05-13T12:43:20.025536841Z,2023-06-12T12:43:20.025536841Z,2023-06-06T16:38:40.531968921Z,798.2906,docker_cpu_usage_pct,bwa (DA71) (942),bwa (DA71) (942),2822953,942
,,0,2023-05-13T12:43:20.025536841Z,2023-06-12T12:43:20.025536841Z,2023-06-06T16:38:42.531627239Z,797.1219,docker_cpu_usage_pct,bwa (DA71) (942),bwa (DA71) (942),2822953,942
,,0,2023-05-13T12:43:20.025536841Z,2023-06-12T12:43:20.025536841Z,2023-06-06T16:38:44.532399142Z,797.1319,docker_cpu_usage_pct,bwa (DA71) (942),bwa (DA71) (942),2822953,942
,,0,2023-05-13T12:43:20.025536841Z,2023-06-12T12:43:20.025536841Z,2023-06-06T16:38:46.53156083Z,798.6583,docker_cpu_usage_pct,bwa (DA71) (942),bwa (DA71) (942),2822953,942
,,0,2023-05-13T12:43:20.025536841Z,2023-06-12T12:43:20.025536841Z,2023-06-06T16:38:48.532418983Z,800.0835,docker_cpu_usage_pct,bwa (DA71) (942),bwa (DA71) (942),2822953,942
,,0,2023-05-13T12:43:20.025536841Z,2023-06-12T12:43:20.025536841Z,2023-06-06T16:38:50.545080328Z,793.1785,docker_cpu_usage_pct,bwa (DA71) (942),bwa (DA71) (942),2822953,942
,,0,2023-05-13T12:43:20.025536841Z,2023-06-12T12:43:20.025536841Z,2023-06-06T16:38:52.532010254Z,798.3506,docker_cpu_usage_pct,bwa (DA71) (942),bwa (DA71) (942),2822953,942
,,0,2023-05-13T12:43:20.025536841Z,2023-06-12T12:43:20.025536841Z,2023-06-06T16:38:54.531663493Z,799.6788,docker_cpu_usage_pct,bwa (DA71) (942),bwa (DA71) (942),2822953,942
,,0,2023-05-13T12:43:20.025536841Z,2023-06-12T12:43:20.025536841Z,2023-06-06T16:38:56.531458236Z,798.9119,docker_cpu_usage_pct,bwa (DA71) (942),bwa (DA71) (942),2822953,942
,,0,2023-05-13T12:43:20.025536841Z,2023-06-12T12:43:20.025536841Z,2023-06-06T16:38:58.53164862Z,799.5647,docker_cpu_usage_pct,bwa (DA71) (942),bwa (DA71) (942),2822953,942
,,0,2023-05-13T12:43:20.025536841Z,2023-06-12T12:43:20.025536841Z,2023-06-06T16:39:00.531524463Z,799.8788,docker_cpu_usage_pct,bwa (DA71) (942),bwa (DA71) (942),2822953,942
,,0,2023-05-13T12:43:20.025536841Z,2023-06-12T12:43:20.025536841Z,2023-06-06T16:39:02.532299203Z,797.3271,docker_cpu_usage_pct,bwa (DA71) (942),bwa (DA71) (942),2822953,942
,,0,2023-05-13T12:43:20.025536841Z,2023-06-12T12:43:20.025536841Z,2023-06-06T16:39:04.532139443Z,799.1498,docker_cpu_usage_pct,bwa (DA71) (942),bwa (DA71) (942),2822953,942
,,0,2023-05-13T12:43:20.025536841Z,2023-06-12T12:43:20.025536841Z,2023-06-06T16:39:06.531816295Z,797.8971,docker_cpu_usage_pct,bwa (DA71) (942),bwa (DA71) (942),2822953,942
,,0,2023-05-13T12:43:20.025536841Z,2023-06-12T12:43:20.025536841Z,2023-06-06T16:39:08.531539277Z,799.1094,docker_cpu_usage_pct,bwa (DA71) (942),bwa (DA71) (942),2822953,942
,,0,2023-05-13T12:43:20.025536841Z,2023-06-12T12:43:20.025536841Z,2023-06-06T16:39:10.532495679Z,800.2161,docker_cpu_usage_pct,bwa (DA71) (942),bwa (DA71) (942),2822953,942
,,0,2023-05-13T12:43:20.025536841Z,2023-06-12T12:43:20.025536841Z,2023-06-06T16:39:12.532413875Z,665.5675,docker_cpu_usage_pct,bwa (DA71) (942),bwa (DA71) (942),2822953,942
,,0,2023-05-13T12:43:20.025536841Z,2023-06-12T12:43:20.025536841Z,2023-06-06T16:39:14.531856394Z,472.3372,docker_cpu_usage_pct,bwa (DA71) (942),bwa (DA71) (942),2822953,942
,,0,2023-05-13T12:43:20.025536841Z,2023-06-12T12:43:20.025536841Z,2023-06-06T16:39:16.531731477Z,147.4119,docker_cpu_usage_pct,bwa (DA71) (942),bwa (DA71) (942),2822953,942
,,0,2023-05-13T12:43:20.025536841Z,2023-06-12T12:43:20.025536841Z,2023-06-06T16:39:18.533202351Z,793.5636,docker_cpu_usage_pct,bwa (DA71) (942),bwa (DA71) (942),2822953,942
,,0,2023-05-13T12:43:20.025536841Z,2023-06-12T12:43:20.025536841Z,2023-06-06T16:39:20.533181534Z,798.3608,docker_cpu_usage_pct,bwa (DA71) (942),bwa (DA71) (942),2822953,942
,,0,2023-05-13T12:43:20.025536841Z,2023-06-12T12:43:20.025536841Z,2023-06-06T16:39:23.531953922Z,799.9023,docker_cpu_usage_pct,bwa (DA71) (942),bwa (DA71) (942),2822953,942
,,0,2023-05-13T12:43:20.025536841Z,2023-06-12T12:43:20.025536841Z,2023-06-06T16:39:25.531865609Z,800.8394,docker_cpu_usage_pct,bwa (DA71) (942),bwa (DA71) (942),2822953,942
,,0,2023-05-13T12:43:20.025536841Z,2023-06-12T12:43:20.025536841Z,2023-06-06T16:39:27.531582119Z,799.6492,docker_cpu_usage_pct,bwa (DA71) (942),bwa (DA71) (942),2822953,942
,,0,2023-05-13T12:43:20.025536841Z,2023-06-12T12:43:20.025536841Z,2023-06-06T16:39:29.533189401Z,797.4777,docker_cpu_usage_pct,bwa (DA71) (942),bwa (DA71) (942),2822953,942
,,0,2023-05-13T12:43:20.025536841Z,2023-06-12T12:43:20.025536841Z,2023-06-06T16:39:31.531984948Z,798.9455,docker_cpu_usage_pct,bwa (DA71) (942),bwa (DA71) (942),2822953,942
,,0,2023-05-13T12:43:20.025536841Z,2023-06-12T12:43:20.025536841Z,2023-06-06T16:39:33.532238143Z,798.2411,docker_cpu_usage_pct,bwa (DA71) (942),bwa (DA71) (942),2822953,942
,,0,2023-05-13T12:43:20.025536841Z,2023-06-12T12:43:20.025536841Z,2023-06-06T16:39:35.531996779Z,798.6698,docker_cpu_usage_pct,bwa (DA71) (942),bwa (DA71) (942),2822953,942
,,0,2023-05-13T12:43:20.025536841Z,2023-06-12T12:43:20.025536841Z,2023-06-06T16:39:37.531822537Z,798.3528,docker_cpu_usage_pct,bwa (DA71) (942),bwa (DA71) (942),2822953,942
,,0,2023-05-13T12:43:20.025536841Z,2023-06-12T12:43:20.025536841Z,2023-06-06T16:39:39.531515349Z,799.5042,docker_cpu_usage_pct,bwa (DA71) (942),bwa (DA71) (942),2822953,942
,,0,2023-05-13T12:43:20.025536841Z,2023-06-12T12:43:20.025536841Z,2023-06-06T16:39:41.531681956Z,800.3973,docker_cpu_usage_pct,bwa (DA71) (942),bwa (DA71) (942),2822953,942
,,0,2023-05-13T12:43:20.025536841Z,2023-06-12T12:43:20.025536841Z,2023-06-06T16:39:43.541214513Z,801.3238,docker_cpu_usage_pct,bwa (DA71) (942),bwa (DA71) (942),2822953,942
,,0,2023-05-13T12:43:20.025536841Z,2023-06-12T12:43:20.025536841Z,2023-06-06T16:39:45.533543947Z,800.963,docker_cpu_usage_pct,bwa (DA71) (942),bwa (DA71) (942),2822953,942
,,0,2023-05-13T12:43:20.025536841Z,2023-06-12T12:43:20.025536841Z,2023-06-06T16:39:47.532354405Z,800.1755,docker_cpu_usage_pct,bwa (DA71) (942),bwa (DA71) (942),2822953,942
,,0,2023-05-13T12:43:20.025536841Z,2023-06-12T12:43:20.025536841Z,2023-06-06T16:39:49.531672059Z,795.1798,docker_cpu_usage_pct,bwa (DA71) (942),bwa (DA71) (942),2822953,942
,,0,2023-05-13T12:43:20.025536841Z,2023-06-12T12:43:20.025536841Z,2023-06-06T16:39:51.533159343Z,796.4162,docker_cpu_usage_pct,bwa (DA71) (942),bwa (DA71) (942),2822953,942
,,0,2023-05-13T12:43:20.025536841Z,2023-06-12T12:43:20.025536841Z,2023-06-06T16:39:53.53206132Z,797.4626,docker_cpu_usage_pct,bwa (DA71) (942),bwa (DA71) (942),2822953,942
,,0,2023-05-13T12:43:20.025536841Z,2023-06-12T12:43:20.025536841Z,2023-06-06T16:39:55.531762033Z,800.3405,docker_cpu_usage_pct,bwa (DA71) (942),bwa (DA71) (942),2822953,942
,,0,2023-05-13T12:43:20.025536841Z,2023-06-12T12:43:20.025536841Z,2023-06-06T16:39:57.531562448Z,698.5997,docker_cpu_usage_pct,bwa (DA71) (942),bwa (DA71) (942),2822953,942
,,0,2023-05-13T12:43:20.025536841Z,2023-06-12T12:43:20.025536841Z,2023-06-06T16:39:59.532277132Z,687.8111,docker_cpu_usage_pct,bwa (DA71) (942),bwa (DA71) (942),2822953,942
,,0,2023-05-13T12:43:20.025536841Z,2023-06-12T12:43:20.025536841Z,2023-06-06T16:40:01.531666932Z,475.4343,docker_cpu_usage_pct,bwa (DA71) (942),bwa (DA71) (942),2822953,942
,,0,2023-05-13T12:43:20.025536841Z,2023-06-12T12:43:20.025536841Z,2023-06-06T16:40:03.532392254Z,199.2914,docker_cpu_usage_pct,bwa (DA71) (942),bwa (DA71) (942),2822953,942
,,0,2023-05-13T12:43:20.025536841Z,2023-06-12T12:43:20.025536841Z,2023-06-06T16:40:05.532095691Z,393.6255,docker_cpu_usage_pct,bwa (DA71) (942),bwa (DA71) (942),2822953,942
,,0,2023-05-13T12:43:20.025536841Z,2023-06-12T12:43:20.025536841Z,2023-06-06T16:40:07.531821638Z,796.6377,docker_cpu_usage_pct,bwa (DA71) (942),bwa (DA71) (942),2822953,942
,,0,2023-05-13T12:43:20.025536841Z,2023-06-12T12:43:20.025536841Z,2023-06-06T16:40:09.531518902Z,796.2413,docker_cpu_usage_pct,bwa (DA71) (942),bwa (DA71) (942),2822953,942
,,0,2023-05-13T12:43:20.025536841Z,2023-06-12T12:43:20.025536841Z,2023-06-06T16:40:11.531434413Z,800.566,docker_cpu_usage_pct,bwa (DA71) (942),bwa (DA71) (942),2822953,942
,,0,2023-05-13T12:43:20.025536841Z,2023-06-12T12:43:20.025536841Z,2023-06-06T16:40:13.532281344Z,797.0723,docker_cpu_usage_pct,bwa (DA71) (942),bwa (DA71) (942),2822953,942
,,0,2023-05-13T12:43:20.025536841Z,2023-06-12T12:43:20.025536841Z,2023-06-06T16:40:15.532293846Z,799.6887,docker_cpu_usage_pct,bwa (DA71) (942),bwa (DA71) (942),2822953,942
,,0,2023-05-13T12:43:20.025536841Z,2023-06-12T12:43:20.025536841Z,2023-06-06T16:40:17.533359302Z,797.5674,docker_cpu_usage_pct,bwa (DA71) (942),bwa (DA71) (942),2822953,942
,,0,2023-05-13T12:43:20.025536841Z,2023-06-12T12:43:20.025536841Z,2023-06-06T16:40:19.53214568Z,800.2425,docker_cpu_usage_pct,bwa (DA71) (942),bwa (DA71) (942),2822953,942
,,0,2023-05-13T12:43:20.025536841Z,2023-06-12T12:43:20.025536841Z,2023-06-06T16:40:21.531763525Z,794.6989,docker_cpu_usage_pct,bwa (DA71) (942),bwa (DA71) (942),2822953,942
,,0,2023-05-13T12:43:20.025536841Z,2023-06-12T12:43:20.025536841Z,2023-06-06T16:40:23.531515804Z,801.4687,docker_cpu_usage_pct,bwa (DA71) (942),bwa (DA71) (942),2822953,942
,,0,2023-05-13T12:43:20.025536841Z,2023-06-12T12:43:20.025536841Z,2023-06-06T16:40:25.532171562Z,799.5599,docker_cpu_usage_pct,bwa (DA71) (942),bwa (DA71) (942),2822953,942
,,0,2023-05-13T12:43:20.025536841Z,2023-06-12T12:43:20.025536841Z,2023-06-06T16:40:27.531928618Z,800.3077,docker_cpu_usage_pct,bwa (DA71) (942),bwa (DA71) (942),2822953,942
,,0,2023-05-13T12:43:20.025536841Z,2023-06-12T12:43:20.025536841Z,2023-06-06T16:40:29.533238096Z,800.2105,docker_cpu_usage_pct,bwa (DA71) (942),bwa (DA71) (942),2822953,942
,,0,2023-05-13T12:43:20.025536841Z,2023-06-12T12:43:20.025536841Z,2023-06-06T16:40:31.532001407Z,800.3519,docker_cpu_usage_pct,bwa (DA71) (942),bwa (DA71) (942),2822953,942
,,0,2023-05-13T12:43:20.025536841Z,2023-06-12T12:43:20.025536841Z,2023-06-06T16:40:33.531895235Z,800.3498,docker_cpu_usage_pct,bwa (DA71) (942),bwa (DA71) (942),2822953,942
,,0,2023-05-13T12:43:20.025536841Z,2023-06-12T12:43:20.025536841Z,2023-06-06T16:40:35.531944467Z,798.4048,docker_cpu_usage_pct,bwa (DA71) (942),bwa (DA71) (942),2822953,942
,,0,2023-05-13T12:43:20.025536841Z,2023-06-12T12:43:20.025536841Z,2023-06-06T16:40:37.532413322Z,800.3448,docker_cpu_usage_pct,bwa (DA71) (942),bwa (DA71) (942),2822953,942
,,0,2023-05-13T12:43:20.025536841Z,2023-06-12T12:43:20.025536841Z,2023-06-06T16:40:39.532250154Z,800.6073,docker_cpu_usage_pct,bwa (DA71) (942),bwa (DA71) (942),2822953,942
,,0,2023-05-13T12:43:20.025536841Z,2023-06-12T12:43:20.025536841Z,2023-06-06T16:40:41.532026404Z,798.485,docker_cpu_usage_pct,bwa (DA71) (942),bwa (DA71) (942),2822953,942
,,0,2023-05-13T12:43:20.025536841Z,2023-06-12T12:43:20.025536841Z,2023-06-06T16:40:43.531809363Z,794.7834,docker_cpu_usage_pct,bwa (DA71) (942),bwa (DA71) (942),2822953,942
,,0,2023-05-13T12:43:20.025536841Z,2023-06-12T12:43:20.025536841Z,2023-06-06T16:40:45.531737436Z,796.4876,docker_cpu_usage_pct,bwa (DA71) (942),bwa (DA71) (942),2822953,942
,,0,2023-05-13T12:43:20.025536841Z,2023-06-12T12:43:20.025536841Z,2023-06-06T16:40:47.532438193Z,686.9665,docker_cpu_usage_pct,bwa (DA71) (942),bwa (DA71) (942),2822953,942
,,0,2023-05-13T12:43:20.025536841Z,2023-06-12T12:43:20.025536841Z,2023-06-06T16:40:49.532062343Z,468.3284,docker_cpu_usage_pct,bwa (DA71) (942),bwa (DA71) (942),2822953,942
,,0,2023-05-13T12:43:20.025536841Z,2023-06-12T12:43:20.025536841Z,2023-06-06T16:40:51.532045595Z,99.9864,docker_cpu_usage_pct,bwa (DA71) (942),bwa (DA71) (942),2822953,942
,,0,2023-05-13T12:43:20.025536841Z,2023-06-12T12:43:20.025536841Z,2023-06-06T16:40:53.533247436Z,793.0607,docker_cpu_usage_pct,bwa (DA71) (942),bwa (DA71) (942),2822953,942
,,0,2023-05-13T12:43:20.025536841Z,2023-06-12T12:43:20.025536841Z,2023-06-06T16:40:55.531928652Z,797.9047,docker_cpu_usage_pct,bwa (DA71) (942),bwa (DA71) (942),2822953,942
,,0,2023-05-13T12:43:20.025536841Z,2023-06-12T12:43:20.025536841Z,2023-06-06T16:40:57.531734273Z,802.5096,docker_cpu_usage_pct,bwa (DA71) (942),bwa (DA71) (942),2822953,942
,,0,2023-05-13T12:43:20.025536841Z,2023-06-12T12:43:20.025536841Z,2023-06-06T16:41:00.531966247Z,799.0961,docker_cpu_usage_pct,bwa (DA71) (942),bwa (DA71) (942),2822953,942
,,0,2023-05-13T12:43:20.025536841Z,2023-06-12T12:43:20.025536841Z,2023-06-06T16:41:02.532184811Z,798.6481,docker_cpu_usage_pct,bwa (DA71) (942),bwa (DA71) (942),2822953,942
,,0,2023-05-13T12:43:20.025536841Z,2023-06-12T12:43:20.025536841Z,2023-06-06T16:41:04.53258873Z,799.2307,docker_cpu_usage_pct,bwa (DA71) (942),bwa (DA71) (942),2822953,942
,,0,2023-05-13T12:43:20.025536841Z,2023-06-12T12:43:20.025536841Z,2023-06-06T16:41:06.531728855Z,798.3474,docker_cpu_usage_pct,bwa (DA71) (942),bwa (DA71) (942),2822953,942
,,0,2023-05-13T12:43:20.025536841Z,2023-06-12T12:43:20.025536841Z,2023-06-06T16:41:08.532409841Z,801.2076,docker_cpu_usage_pct,bwa (DA71) (942),bwa (DA71) (942),2822953,942
,,0,2023-05-13T12:43:20.025536841Z,2023-06-12T12:43:20.025536841Z,2023-06-06T16:41:10.533799039Z,797.2873,docker_cpu_usage_pct,bwa (DA71) (942),bwa (DA71) (942),2822953,942
,,0,2023-05-13T12:43:20.025536841Z,2023-06-12T12:43:20.025536841Z,2023-06-06T16:41:12.532353652Z,804.1262,docker_cpu_usage_pct,bwa (DA71) (942),bwa (DA71) (942),2822953,942
,,0,2023-05-13T12:43:20.025536841Z,2023-06-12T12:43:20.025536841Z,2023-06-06T16:41:14.532170316Z,800.2594,docker_cpu_usage_pct,bwa (DA71) (942),bwa (DA71) (942),2822953,942
,,0,2023-05-13T12:43:20.025536841Z,2023-06-12T12:43:20.025536841Z,2023-06-06T16:41:16.531865175Z,799.5316,docker_cpu_usage_pct,bwa (DA71) (942),bwa (DA71) (942),2822953,942
,,0,2023-05-13T12:43:20.025536841Z,2023-06-12T12:43:20.025536841Z,2023-06-06T16:41:18.531808061Z,799.5387,docker_cpu_usage_pct,bwa (DA71) (942),bwa (DA71) (942),2822953,942
,,0,2023-05-13T12:43:20.025536841Z,2023-06-12T12:43:20.025536841Z,2023-06-06T16:41:20.531436986Z,799.0935,docker_cpu_usage_pct,bwa (DA71) (942),bwa (DA71) (942),2822953,942
,,0,2023-05-13T12:43:20.025536841Z,2023-06-12T12:43:20.025536841Z,2023-06-06T16:41:22.531689801Z,799.9813,docker_cpu_usage_pct,bwa (DA71) (942),bwa (DA71) (942),2822953,942
,,0,2023-05-13T12:43:20.025536841Z,2023-06-12T12:43:20.025536841Z,2023-06-06T16:41:24.532515403Z,799.4821,docker_cpu_usage_pct,bwa (DA71) (942),bwa (DA71) (942),2822953,942
,,0,2023-05-13T12:43:20.025536841Z,2023-06-12T12:43:20.025536841Z,2023-06-06T16:41:26.532244809Z,797.1464,docker_cpu_usage_pct,bwa (DA71) (942),bwa (DA71) (942),2822953,942
,,0,2023-05-13T12:43:20.025536841Z,2023-06-12T12:43:20.025536841Z,2023-06-06T16:41:28.531695194Z,796.7799,docker_cpu_usage_pct,bwa (DA71) (942),bwa (DA71) (942),2822953,942
,,0,2023-05-13T12:43:20.025536841Z,2023-06-12T12:43:20.025536841Z,2023-06-06T16:41:30.532447761Z,796.2539,docker_cpu_usage_pct,bwa (DA71) (942),bwa (DA71) (942),2822953,942
,,0,2023-05-13T12:43:20.025536841Z,2023-06-12T12:43:20.025536841Z,2023-06-06T16:41:32.532111391Z,797.4869,docker_cpu_usage_pct,bwa (DA71) (942),bwa (DA71) (942),2822953,942
,,0,2023-05-13T12:43:20.025536841Z,2023-06-12T12:43:20.025536841Z,2023-06-06T16:41:34.531860733Z,797.9092,docker_cpu_usage_pct,bwa (DA71) (942),bwa (DA71) (942),2822953,942
,,0,2023-05-13T12:43:20.025536841Z,2023-06-12T12:43:20.025536841Z,2023-06-06T16:41:36.5317953Z,803.1438,docker_cpu_usage_pct,bwa (DA71) (942),bwa (DA71) (942),2822953,942
,,0,2023-05-13T12:43:20.025536841Z,2023-06-12T12:43:20.025536841Z,2023-06-06T16:41:38.531625303Z,797.269,docker_cpu_usage_pct,bwa (DA71) (942),bwa (DA71) (942),2822953,942
,,0,2023-05-13T12:43:20.025536841Z,2023-06-12T12:43:20.025536841Z,2023-06-06T16:41:40.531421603Z,700.4301,docker_cpu_usage_pct,bwa (DA71) (942),bwa (DA71) (942),2822953,942
,,0,2023-05-13T12:43:20.025536841Z,2023-06-12T12:43:20.025536841Z,2023-06-06T16:41:42.532067142Z,600.7464,docker_cpu_usage_pct,bwa (DA71) (942),bwa (DA71) (942),2822953,942
,,0,2023-05-13T12:43:20.025536841Z,2023-06-12T12:43:20.025536841Z,2023-06-06T16:41:44.531634353Z,444.2598,docker_cpu_usage_pct,bwa (DA71) (942),bwa (DA71) (942),2822953,942
,,0,2023-05-13T12:43:20.025536841Z,2023-06-12T12:43:20.025536841Z,2023-06-06T16:41:46.531550734Z,127.0683,docker_cpu_usage_pct,bwa (DA71) (942),bwa (DA71) (942),2822953,942
,,0,2023-05-13T12:43:20.025536841Z,2023-06-12T12:43:20.025536841Z,2023-06-06T16:41:48.532348054Z,736.5105,docker_cpu_usage_pct,bwa (DA71) (942),bwa (DA71) (942),2822953,942
,,0,2023-05-13T12:43:20.025536841Z,2023-06-12T12:43:20.025536841Z,2023-06-06T16:41:50.532040887Z,800.1714,docker_cpu_usage_pct,bwa (DA71) (942),bwa (DA71) (942),2822953,942
,,0,2023-05-13T12:43:20.025536841Z,2023-06-12T12:43:20.025536841Z,2023-06-06T16:41:52.531875973Z,798.0781,docker_cpu_usage_pct,bwa (DA71) (942),bwa (DA71) (942),2822953,942
,,0,2023-05-13T12:43:20.025536841Z,2023-06-12T12:43:20.025536841Z,2023-06-06T16:41:54.531555434Z,800.2242,docker_cpu_usage_pct,bwa (DA71) (942),bwa (DA71) (942),2822953,942
,,0,2023-05-13T12:43:20.025536841Z,2023-06-12T12:43:20.025536841Z,2023-06-06T16:41:56.532407032Z,799.1772,docker_cpu_usage_pct,bwa (DA71) (942),bwa (DA71) (942),2822953,942
,,0,2023-05-13T12:43:20.025536841Z,2023-06-12T12:43:20.025536841Z,2023-06-06T16:41:58.532007447Z,800.3918,docker_cpu_usage_pct,bwa (DA71) (942),bwa (DA71) (942),2822953,942
,,0,2023-05-13T12:43:20.025536841Z,2023-06-12T12:43:20.025536841Z,2023-06-06T16:42:00.531913192Z,799.0328,docker_cpu_usage_pct,bwa (DA71) (942),bwa (DA71) (942),2822953,942
,,0,2023-05-13T12:43:20.025536841Z,2023-06-12T12:43:20.025536841Z,2023-06-06T16:42:02.531567088Z,799.7326,docker_cpu_usage_pct,bwa (DA71) (942),bwa (DA71) (942),2822953,942
,,0,2023-05-13T12:43:20.025536841Z,2023-06-12T12:43:20.025536841Z,2023-06-06T16:42:04.53233784Z,800.4505,docker_cpu_usage_pct,bwa (DA71) (942),bwa (DA71) (942),2822953,942
,,0,2023-05-13T12:43:20.025536841Z,2023-06-12T12:43:20.025536841Z,2023-06-06T16:42:06.532093137Z,798.948,docker_cpu_usage_pct,bwa (DA71) (942),bwa (DA71) (942),2822953,942
,,0,2023-05-13T12:43:20.025536841Z,2023-06-12T12:43:20.025536841Z,2023-06-06T16:42:08.5317422Z,800.3658,docker_cpu_usage_pct,bwa (DA71) (942),bwa (DA71) (942),2822953,942
,,0,2023-05-13T12:43:20.025536841Z,2023-06-12T12:43:20.025536841Z,2023-06-06T16:42:10.531490456Z,797.5733,docker_cpu_usage_pct,bwa (DA71) (942),bwa (DA71) (942),2822953,942
,,0,2023-05-13T12:43:20.025536841Z,2023-06-12T12:43:20.025536841Z,2023-06-06T16:42:12.532355667Z,800.2375,docker_cpu_usage_pct,bwa (DA71) (942),bwa (DA71) (942),2822953,942
,,0,2023-05-13T12:43:20.025536841Z,2023-06-12T12:43:20.025536841Z,2023-06-06T16:42:14.531982376Z,800.723,docker_cpu_usage_pct,bwa (DA71) (942),bwa (DA71) (942),2822953,942
,,0,2023-05-13T12:43:20.025536841Z,2023-06-12T12:43:20.025536841Z,2023-06-06T16:42:16.531894174Z,801.6305,docker_cpu_usage_pct,bwa (DA71) (942),bwa (DA71) (942),2822953,942
,,0,2023-05-13T12:43:20.025536841Z,2023-06-12T12:43:20.025536841Z,2023-06-06T16:42:18.531680557Z,797.3171,docker_cpu_usage_pct,bwa (DA71) (942),bwa (DA71) (942),2822953,942
,,0,2023-05-13T12:43:20.025536841Z,2023-06-12T12:43:20.025536841Z,2023-06-06T16:42:20.532524725Z,798.821,docker_cpu_usage_pct,bwa (DA71) (942),bwa (DA71) (942),2822953,942
,,0,2023-05-13T12:43:20.025536841Z,2023-06-12T12:43:20.025536841Z,2023-06-06T16:42:22.532261174Z,800.9481,docker_cpu_usage_pct,bwa (DA71) (942),bwa (DA71) (942),2822953,942
,,0,2023-05-13T12:43:20.025536841Z,2023-06-12T12:43:20.025536841Z,2023-06-06T16:42:24.531963881Z,797.3169,docker_cpu_usage_pct,bwa (DA71) (942),bwa (DA71) (942),2822953,942
,,0,2023-05-13T12:43:20.025536841Z,2023-06-12T12:43:20.025536841Z,2023-06-06T16:42:26.531670158Z,798.8914,docker_cpu_usage_pct,bwa (DA71) (942),bwa (DA71) (942),2822953,942
,,0,2023-05-13T12:43:20.025536841Z,2023-06-12T12:43:20.025536841Z,2023-06-06T16:42:28.531444396Z,800.1672,docker_cpu_usage_pct,bwa (DA71) (942),bwa (DA71) (942),2822953,942
,,0,2023-05-13T12:43:20.025536841Z,2023-06-12T12:43:20.025536841Z,2023-06-06T16:42:30.532213507Z,646.4491,docker_cpu_usage_pct,bwa (DA71) (942),bwa (DA71) (942),2822953,942
,,0,2023-05-13T12:43:20.025536841Z,2023-06-12T12:43:20.025536841Z,2023-06-06T16:42:32.531843078Z,252.4554,docker_cpu_usage_pct,bwa (DA71) (942),bwa (DA71) (942),2822953,942
,,0,2023-05-13T12:43:20.025536841Z,2023-06-12T12:43:20.025536841Z,2023-06-06T16:42:35.531741934Z,99.7165,docker_cpu_usage_pct,bwa (DA71) (942),bwa (DA71) (942),2822953,942
,,0,2023-05-13T12:43:20.025536841Z,2023-06-12T12:43:20.025536841Z,2023-06-06T16:42:37.531640813Z,797.8372,docker_cpu_usage_pct,bwa (DA71) (942),bwa (DA71) (942),2822953,942
,,0,2023-05-13T12:43:20.025536841Z,2023-06-12T12:43:20.025536841Z,2023-06-06T16:42:39.533257508Z,799.2856,docker_cpu_usage_pct,bwa (DA71) (942),bwa (DA71) (942),2822953,942
,,0,2023-05-13T12:43:20.025536841Z,2023-06-12T12:43:20.025536841Z,2023-06-06T16:42:41.53212921Z,799.8025,docker_cpu_usage_pct,bwa (DA71) (942),bwa (DA71) (942),2822953,942
,,0,2023-05-13T12:43:20.025536841Z,2023-06-12T12:43:20.025536841Z,2023-06-06T16:42:43.531738656Z,796.2231,docker_cpu_usage_pct,bwa (DA71) (942),bwa (DA71) (942),2822953,942
,,0,2023-05-13T12:43:20.025536841Z,2023-06-12T12:43:20.025536841Z,2023-06-06T16:42:45.531475906Z,800.3084,docker_cpu_usage_pct,bwa (DA71) (942),bwa (DA71) (942),2822953,942
,,0,2023-05-13T12:43:20.025536841Z,2023-06-12T12:43:20.025536841Z,2023-06-06T16:42:47.533200641Z,800.8833,docker_cpu_usage_pct,bwa (DA71) (942),bwa (DA71) (942),2822953,942
,,0,2023-05-13T12:43:20.025536841Z,2023-06-12T12:43:20.025536841Z,2023-06-06T16:42:49.531904385Z,798.9395,docker_cpu_usage_pct,bwa (DA71) (942),bwa (DA71) (942),2822953,942
,,0,2023-05-13T12:43:20.025536841Z,2023-06-12T12:43:20.025536841Z,2023-06-06T16:42:51.531696074Z,795.3004,docker_cpu_usage_pct,bwa (DA71) (942),bwa (DA71) (942),2822953,942
,,0,2023-05-13T12:43:20.025536841Z,2023-06-12T12:43:20.025536841Z,2023-06-06T16:42:53.531668198Z,797.9676,docker_cpu_usage_pct,bwa (DA71) (942),bwa (DA71) (942),2822953,942
,,0,2023-05-13T12:43:20.025536841Z,2023-06-12T12:43:20.025536841Z,2023-06-06T16:42:55.532338945Z,795.4485,docker_cpu_usage_pct,bwa (DA71) (942),bwa (DA71) (942),2822953,942
,,0,2023-05-13T12:43:20.025536841Z,2023-06-12T12:43:20.025536841Z,2023-06-06T16:42:57.531965986Z,796.9664,docker_cpu_usage_pct,bwa (DA71) (942),bwa (DA71) (942),2822953,942
,,0,2023-05-13T12:43:20.025536841Z,2023-06-12T12:43:20.025536841Z,2023-06-06T16:42:59.531697029Z,800.862,docker_cpu_usage_pct,bwa (DA71) (942),bwa (DA71) (942),2822953,942
,,0,2023-05-13T12:43:20.025536841Z,2023-06-12T12:43:20.025536841Z,2023-06-06T16:43:01.531481414Z,799.273,docker_cpu_usage_pct,bwa (DA71) (942),bwa (DA71) (942),2822953,942
,,0,2023-05-13T12:43:20.025536841Z,2023-06-12T12:43:20.025536841Z,2023-06-06T16:43:03.532208439Z,797.3323,docker_cpu_usage_pct,bwa (DA71) (942),bwa (DA71) (942),2822953,942
,,0,2023-05-13T12:43:20.025536841Z,2023-06-12T12:43:20.025536841Z,2023-06-06T16:43:05.532140907Z,796.1146,docker_cpu_usage_pct,bwa (DA71) (942),bwa (DA71) (942),2822953,942
,,0,2023-05-13T12:43:20.025536841Z,2023-06-12T12:43:20.025536841Z,2023-06-06T16:43:07.531730353Z,795.8253,docker_cpu_usage_pct,bwa (DA71) (942),bwa (DA71) (942),2822953,942
,,0,2023-05-13T12:43:20.025536841Z,2023-06-12T12:43:20.025536841Z,2023-06-06T16:43:09.531464032Z,798.4467,docker_cpu_usage_pct,bwa (DA71) (942),bwa (DA71) (942),2822953,942
,,0,2023-05-13T12:43:20.025536841Z,2023-06-12T12:43:20.025536841Z,2023-06-06T16:43:11.532444193Z,798.7372,docker_cpu_usage_pct,bwa (DA71) (942),bwa (DA71) (942),2822953,942
,,0,2023-05-13T12:43:20.025536841Z,2023-06-12T12:43:20.025536841Z,2023-06-06T16:43:13.531880111Z,799.1024,docker_cpu_usage_pct,bwa (DA71) (942),bwa (DA71) (942),2822953,942
,,0,2023-05-13T12:43:20.025536841Z,2023-06-12T12:43:20.025536841Z,2023-06-06T16:43:15.531729123Z,800.5183,docker_cpu_usage_pct,bwa (DA71) (942),bwa (DA71) (942),2822953,942
,,0,2023-05-13T12:43:20.025536841Z,2023-06-12T12:43:20.025536841Z,2023-06-06T16:43:17.531394447Z,800.3402,docker_cpu_usage_pct,bwa (DA71) (942),bwa (DA71) (942),2822953,942
,,0,2023-05-13T12:43:20.025536841Z,2023-06-12T12:43:20.025536841Z,2023-06-06T16:43:19.532266021Z,802.5976,docker_cpu_usage_pct,bwa (DA71) (942),bwa (DA71) (942),2822953,942
,,0,2023-05-13T12:43:20.025536841Z,2023-06-12T12:43:20.025536841Z,2023-06-06T16:43:21.532183502Z,799.5545,docker_cpu_usage_pct,bwa (DA71) (942),bwa (DA71) (942),2822953,942
,,0,2023-05-13T12:43:20.025536841Z,2023-06-12T12:43:20.025536841Z,2023-06-06T16:43:23.531843743Z,765.1789,docker_cpu_usage_pct,bwa (DA71) (942),bwa (DA71) (942),2822953,942
,,0,2023-05-13T12:43:20.025536841Z,2023-06-12T12:43:20.025536841Z,2023-06-06T16:43:25.531677191Z,600.304,docker_cpu_usage_pct,bwa (DA71) (942),bwa (DA71) (942),2822953,942
,,0,2023-05-13T12:43:20.025536841Z,2023-06-12T12:43:20.025536841Z,2023-06-06T16:43:27.532483619Z,520.8489,docker_cpu_usage_pct,bwa (DA71) (942),bwa (DA71) (942),2822953,942
,,0,2023-05-13T12:43:20.025536841Z,2023-06-12T12:43:20.025536841Z,2023-06-06T16:43:29.532126678Z,419.0896,docker_cpu_usage_pct,bwa (DA71) (942),bwa (DA71) (942),2822953,942
,,0,2023-05-13T12:43:20.025536841Z,2023-06-12T12:43:20.025536841Z,2023-06-06T16:43:31.531824948Z,169.6284,docker_cpu_usage_pct,bwa (DA71) (942),bwa (DA71) (942),2822953,942
,,0,2023-05-13T12:43:20.025536841Z,2023-06-12T12:43:20.025536841Z,2023-06-06T16:43:33.531719804Z,797.7814,docker_cpu_usage_pct,bwa (DA71) (942),bwa (DA71) (942),2822953,942
,,0,2023-05-13T12:43:20.025536841Z,2023-06-12T12:43:20.025536841Z,2023-06-06T16:43:35.532529968Z,794.8481,docker_cpu_usage_pct,bwa (DA71) (942),bwa (DA71) (942),2822953,942
,,0,2023-05-13T12:43:20.025536841Z,2023-06-12T12:43:20.025536841Z,2023-06-06T16:43:37.531679588Z,802.5941,docker_cpu_usage_pct,bwa (DA71) (942),bwa (DA71) (942),2822953,942
,,0,2023-05-13T12:43:20.025536841Z,2023-06-12T12:43:20.025536841Z,2023-06-06T16:43:39.531448477Z,799.2237,docker_cpu_usage_pct,bwa (DA71) (942),bwa (DA71) (942),2822953,942
,,0,2023-05-13T12:43:20.025536841Z,2023-06-12T12:43:20.025536841Z,2023-06-06T16:43:41.533078618Z,799.1596,docker_cpu_usage_pct,bwa (DA71) (942),bwa (DA71) (942),2822953,942
,,0,2023-05-13T12:43:20.025536841Z,2023-06-12T12:43:20.025536841Z,2023-06-06T16:43:43.531868303Z,796.8253,docker_cpu_usage_pct,bwa (DA71) (942),bwa (DA71) (942),2822953,942
,,0,2023-05-13T12:43:20.025536841Z,2023-06-12T12:43:20.025536841Z,2023-06-06T16:43:45.53163826Z,799.8215,docker_cpu_usage_pct,bwa (DA71) (942),bwa (DA71) (942),2822953,942
,,0,2023-05-13T12:43:20.025536841Z,2023-06-12T12:43:20.025536841Z,2023-06-06T16:43:47.532334737Z,798.2609,docker_cpu_usage_pct,bwa (DA71) (942),bwa (DA71) (942),2822953,942
,,0,2023-05-13T12:43:20.025536841Z,2023-06-12T12:43:20.025536841Z,2023-06-06T16:43:49.532073482Z,797.5502,docker_cpu_usage_pct,bwa (DA71) (942),bwa (DA71) (942),2822953,942
,,0,2023-05-13T12:43:20.025536841Z,2023-06-12T12:43:20.025536841Z,2023-06-06T16:43:51.5319476Z,793.9005,docker_cpu_usage_pct,bwa (DA71) (942),bwa (DA71) (942),2822953,942
,,0,2023-05-13T12:43:20.025536841Z,2023-06-12T12:43:20.025536841Z,2023-06-06T16:43:53.531727925Z,802.9266,docker_cpu_usage_pct,bwa (DA71) (942),bwa (DA71) (942),2822953,942
,,0,2023-05-13T12:43:20.025536841Z,2023-06-12T12:43:20.025536841Z,2023-06-06T16:43:55.532371567Z,797.8196,docker_cpu_usage_pct,bwa (DA71) (942),bwa (DA71) (942),2822953,942
,,0,2023-05-13T12:43:20.025536841Z,2023-06-12T12:43:20.025536841Z,2023-06-06T16:43:57.532190501Z,798.3478,docker_cpu_usage_pct,bwa (DA71) (942),bwa (DA71) (942),2822953,942
,,0,2023-05-13T12:43:20.025536841Z,2023-06-12T12:43:20.025536841Z,2023-06-06T16:43:59.537386154Z,797.4343,docker_cpu_usage_pct,bwa (DA71) (942),bwa (DA71) (942),2822953,942
,,0,2023-05-13T12:43:20.025536841Z,2023-06-12T12:43:20.025536841Z,2023-06-06T16:44:01.532081186Z,798.9896,docker_cpu_usage_pct,bwa (DA71) (942),bwa (DA71) (942),2822953,942
,,0,2023-05-13T12:43:20.025536841Z,2023-06-12T12:43:20.025536841Z,2023-06-06T16:44:03.532092475Z,801.0691,docker_cpu_usage_pct,bwa (DA71) (942),bwa (DA71) (942),2822953,942
,,0,2023-05-13T12:43:20.025536841Z,2023-06-12T12:43:20.025536841Z,2023-06-06T16:44:05.531644667Z,802.2176,docker_cpu_usage_pct,bwa (DA71) (942),bwa (DA71) (942),2822953,942
,,0,2023-05-13T12:43:20.025536841Z,2023-06-12T12:43:20.025536841Z,2023-06-06T16:44:07.533147234Z,798.0984,docker_cpu_usage_pct,bwa (DA71) (942),bwa (DA71) (942),2822953,942
,,0,2023-05-13T12:43:20.025536841Z,2023-06-12T12:43:20.025536841Z,2023-06-06T16:44:09.532017093Z,796.3658,docker_cpu_usage_pct,bwa (DA71) (942),bwa (DA71) (942),2822953,942
,,0,2023-05-13T12:43:20.025536841Z,2023-06-12T12:43:20.025536841Z,2023-06-06T16:44:11.531596144Z,795.6253,docker_cpu_usage_pct,bwa (DA71) (942),bwa (DA71) (942),2822953,942
,,0,2023-05-13T12:43:20.025536841Z,2023-06-12T12:43:20.025536841Z,2023-06-06T16:44:13.531368401Z,798.2624,docker_cpu_usage_pct,bwa (DA71) (942),bwa (DA71) (942),2822953,942
,,0,2023-05-13T12:43:20.025536841Z,2023-06-12T12:43:20.025536841Z,2023-06-06T16:44:16.532267722Z,800.5632,docker_cpu_usage_pct,bwa (DA71) (942),bwa (DA71) (942),2822953,942
,,0,2023-05-13T12:43:20.025536841Z,2023-06-12T12:43:20.025536841Z,2023-06-06T16:44:18.53212746Z,796.2282,docker_cpu_usage_pct,bwa (DA71) (942),bwa (DA71) (942),2822953,942
,,0,2023-05-13T12:43:20.025536841Z,2023-06-12T12:43:20.025536841Z,2023-06-06T16:44:20.532001018Z,788.4045,docker_cpu_usage_pct,bwa (DA71) (942),bwa (DA71) (942),2822953,942
,,0,2023-05-13T12:43:20.025536841Z,2023-06-12T12:43:20.025536841Z,2023-06-06T16:44:22.531609356Z,585.6745,docker_cpu_usage_pct,bwa (DA71) (942),bwa (DA71) (942),2822953,942
,,0,2023-05-13T12:43:20.025536841Z,2023-06-12T12:43:20.025536841Z,2023-06-06T16:44:24.53230835Z,316.8145,docker_cpu_usage_pct,bwa (DA71) (942),bwa (DA71) (942),2822953,942
,,0,2023-05-13T12:43:20.025536841Z,2023-06-12T12:43:20.025536841Z,2023-06-06T16:44:26.532028081Z,200.1578,docker_cpu_usage_pct,bwa (DA71) (942),bwa (DA71) (942),2822953,942
,,0,2023-05-13T12:43:20.025536841Z,2023-06-12T12:43:20.025536841Z,2023-06-06T16:44:28.541281538Z,143.5175,docker_cpu_usage_pct,bwa (DA71) (942),bwa (DA71) (942),2822953,942
,,0,2023-05-13T12:43:20.025536841Z,2023-06-12T12:43:20.025536841Z,2023-06-06T16:44:30.541217894Z,563.7848,docker_cpu_usage_pct,bwa (DA71) (942),bwa (DA71) (942),2822953,942
,,0,2023-05-13T12:43:20.025536841Z,2023-06-12T12:43:20.025536841Z,2023-06-06T16:44:32.532007917Z,802.4466,docker_cpu_usage_pct,bwa (DA71) (942),bwa (DA71) (942),2822953,942
,,0,2023-05-13T12:43:20.025536841Z,2023-06-12T12:43:20.025536841Z,2023-06-06T16:44:34.532031025Z,798.6797,docker_cpu_usage_pct,bwa (DA71) (942),bwa (DA71) (942),2822953,942
,,0,2023-05-13T12:43:20.025536841Z,2023-06-12T12:43:20.025536841Z,2023-06-06T16:44:36.531535875Z,797.65,docker_cpu_usage_pct,bwa (DA71) (942),bwa (DA71) (942),2822953,942
,,0,2023-05-13T12:43:20.025536841Z,2023-06-12T12:43:20.025536841Z,2023-06-06T16:44:38.532354888Z,799.7423,docker_cpu_usage_pct,bwa (DA71) (942),bwa (DA71) (942),2822953,942
,,0,2023-05-13T12:43:20.025536841Z,2023-06-12T12:43:20.025536841Z,2023-06-06T16:44:40.5322508Z,798.8411,docker_cpu_usage_pct,bwa (DA71) (942),bwa (DA71) (942),2822953,942
,,0,2023-05-13T12:43:20.025536841Z,2023-06-12T12:43:20.025536841Z,2023-06-06T16:44:42.531958555Z,798.8574,docker_cpu_usage_pct,bwa (DA71) (942),bwa (DA71) (942),2822953,942
,,0,2023-05-13T12:43:20.025536841Z,2023-06-12T12:43:20.025536841Z,2023-06-06T16:44:44.53169705Z,795.6374,docker_cpu_usage_pct,bwa (DA71) (942),bwa (DA71) (942),2822953,942
,,0,2023-05-13T12:43:20.025536841Z,2023-06-12T12:43:20.025536841Z,2023-06-06T16:44:46.532333965Z,802.2987,docker_cpu_usage_pct,bwa (DA71) (942),bwa (DA71) (942),2822953,942
,,0,2023-05-13T12:43:20.025536841Z,2023-06-12T12:43:20.025536841Z,2023-06-06T16:44:48.531588313Z,795.9508,docker_cpu_usage_pct,bwa (DA71) (942),bwa (DA71) (942),2822953,942
,,0,2023-05-13T12:43:20.025536841Z,2023-06-12T12:43:20.025536841Z,2023-06-06T16:44:50.532314789Z,802.1723,docker_cpu_usage_pct,bwa (DA71) (942),bwa (DA71) (942),2822953,942
,,0,2023-05-13T12:43:20.025536841Z,2023-06-12T12:43:20.025536841Z,2023-06-06T16:44:52.532100344Z,796.5904,docker_cpu_usage_pct,bwa (DA71) (942),bwa (DA71) (942),2822953,942
,,0,2023-05-13T12:43:20.025536841Z,2023-06-12T12:43:20.025536841Z,2023-06-06T16:44:54.531915978Z,798.1562,docker_cpu_usage_pct,bwa (DA71) (942),bwa (DA71) (942),2822953,942
,,0,2023-05-13T12:43:20.025536841Z,2023-06-12T12:43:20.025536841Z,2023-06-06T16:44:56.53167848Z,800.1,docker_cpu_usage_pct,bwa (DA71) (942),bwa (DA71) (942),2822953,942
,,0,2023-05-13T12:43:20.025536841Z,2023-06-12T12:43:20.025536841Z,2023-06-06T16:44:58.531374859Z,800.8141,docker_cpu_usage_pct,bwa (DA71) (942),bwa (DA71) (942),2822953,942
,,0,2023-05-13T12:43:20.025536841Z,2023-06-12T12:43:20.025536841Z,2023-06-06T16:45:00.532090832Z,801.6029,docker_cpu_usage_pct,bwa (DA71) (942),bwa (DA71) (942),2822953,942
,,0,2023-05-13T12:43:20.025536841Z,2023-06-12T12:43:20.025536841Z,2023-06-06T16:45:02.531824821Z,798.4309,docker_cpu_usage_pct,bwa (DA71) (942),bwa (DA71) (942),2822953,942
,,0,2023-05-13T12:43:20.025536841Z,2023-06-12T12:43:20.025536841Z,2023-06-06T16:45:04.531702035Z,794.0039,docker_cpu_usage_pct,bwa (DA71) (942),bwa (DA71) (942),2822953,942
,,0,2023-05-13T12:43:20.025536841Z,2023-06-12T12:43:20.025536841Z,2023-06-06T16:45:06.532312502Z,801.2789,docker_cpu_usage_pct,bwa (DA71) (942),bwa (DA71) (942),2822953,942
,,0,2023-05-13T12:43:20.025536841Z,2023-06-12T12:43:20.025536841Z,2023-06-06T16:45:08.532089281Z,801.9075,docker_cpu_usage_pct,bwa (DA71) (942),bwa (DA71) (942),2822953,942
,,0,2023-05-13T12:43:20.025536841Z,2023-06-12T12:43:20.025536841Z,2023-06-06T16:45:10.531856818Z,802.1486,docker_cpu_usage_pct,bwa (DA71) (942),bwa (DA71) (942),2822953,942
,,0,2023-05-13T12:43:20.025536841Z,2023-06-12T12:43:20.025536841Z,2023-06-06T16:45:12.531299815Z,796.3677,docker_cpu_usage_pct,bwa (DA71) (942),bwa (DA71) (942),2822953,942
,,0,2023-05-13T12:43:20.025536841Z,2023-06-12T12:43:20.025536841Z,2023-06-06T16:45:14.532099066Z,799.8469,docker_cpu_usage_pct,bwa (DA71) (942),bwa (DA71) (942),2822953,942
,,0,2023-05-13T12:43:20.025536841Z,2023-06-12T12:43:20.025536841Z,2023-06-06T16:45:16.531984156Z,802.8921,docker_cpu_usage_pct,bwa (DA71) (942),bwa (DA71) (942),2822953,942
,,0,2023-05-13T12:43:20.025536841Z,2023-06-12T12:43:20.025536841Z,2023-06-06T16:45:18.53170166Z,779.7912,docker_cpu_usage_pct,bwa (DA71) (942),bwa (DA71) (942),2822953,942
,,0,2023-05-13T12:43:20.025536841Z,2023-06-12T12:43:20.025536841Z,2023-06-06T16:45:20.531499755Z,341.7283,docker_cpu_usage_pct,bwa (DA71) (942),bwa (DA71) (942),2822953,942
,,0,2023-05-13T12:43:20.025536841Z,2023-06-12T12:43:20.025536841Z,2023-06-06T16:45:22.533306258Z,169.5118,docker_cpu_usage_pct,bwa (DA71) (942),bwa (DA71) (942),2822953,942
,,0,2023-05-13T12:43:20.025536841Z,2023-06-12T12:43:20.025536841Z,2023-06-06T16:45:24.53154418Z,796.8878,docker_cpu_usage_pct,bwa (DA71) (942),bwa (DA71) (942),2822953,942
,,0,2023-05-13T12:43:20.025536841Z,2023-06-12T12:43:20.025536841Z,2023-06-06T16:45:26.531733227Z,796.6515,docker_cpu_usage_pct,bwa (DA71) (942),bwa (DA71) (942),2822953,942
,,0,2023-05-13T12:43:20.025536841Z,2023-06-12T12:43:20.025536841Z,2023-06-06T16:45:28.53151009Z,801.1855,docker_cpu_usage_pct,bwa (DA71) (942),bwa (DA71) (942),2822953,942
,,0,2023-05-13T12:43:20.025536841Z,2023-06-12T12:43:20.025536841Z,2023-06-06T16:45:30.532258484Z,798.9542,docker_cpu_usage_pct,bwa (DA71) (942),bwa (DA71) (942),2822953,942
,,0,2023-05-13T12:43:20.025536841Z,2023-06-12T12:43:20.025536841Z,2023-06-06T16:45:32.532035086Z,799.3897,docker_cpu_usage_pct,bwa (DA71) (942),bwa (DA71) (942),2822953,942
,,0,2023-05-13T12:43:20.025536841Z,2023-06-12T12:43:20.025536841Z,2023-06-06T16:45:34.531952951Z,802.5231,docker_cpu_usage_pct,bwa (DA71) (942),bwa (DA71) (942),2822953,942
,,0,2023-05-13T12:43:20.025536841Z,2023-06-12T12:43:20.025536841Z,2023-06-06T16:45:36.531619848Z,796.6218,docker_cpu_usage_pct,bwa (DA71) (942),bwa (DA71) (942),2822953,942
,,0,2023-05-13T12:43:20.025536841Z,2023-06-12T12:43:20.025536841Z,2023-06-06T16:45:38.531449269Z,798.4502,docker_cpu_usage_pct,bwa (DA71) (942),bwa (DA71) (942),2822953,942
,,0,2023-05-13T12:43:20.025536841Z,2023-06-12T12:43:20.025536841Z,2023-06-06T16:45:40.532319054Z,796.41,docker_cpu_usage_pct,bwa (DA71) (942),bwa (DA71) (942),2822953,942
,,0,2023-05-13T12:43:20.025536841Z,2023-06-12T12:43:20.025536841Z,2023-06-06T16:45:42.532096613Z,800.9678,docker_cpu_usage_pct,bwa (DA71) (942),bwa (DA71) (942),2822953,942
,,0,2023-05-13T12:43:20.025536841Z,2023-06-12T12:43:20.025536841Z,2023-06-06T16:45:44.531946783Z,799.9273,docker_cpu_usage_pct,bwa (DA71) (942),bwa (DA71) (942),2822953,942
,,0,2023-05-13T12:43:20.025536841Z,2023-06-12T12:43:20.025536841Z,2023-06-06T16:45:47.53165435Z,801.8427,docker_cpu_usage_pct,bwa (DA71) (942),bwa (DA71) (942),2822953,942
,,0,2023-05-13T12:43:20.025536841Z,2023-06-12T12:43:20.025536841Z,2023-06-06T16:45:48.532421518Z,798.803,docker_cpu_usage_pct,bwa (DA71) (942),bwa (DA71) (942),2822953,942
,,0,2023-05-13T12:43:20.025536841Z,2023-06-12T12:43:20.025536841Z,2023-06-06T16:45:51.532190435Z,792.6221,docker_cpu_usage_pct,bwa (DA71) (942),bwa (DA71) (942),2822953,942
,,0,2023-05-13T12:43:20.025536841Z,2023-06-12T12:43:20.025536841Z,2023-06-06T16:45:53.531891538Z,801.6376,docker_cpu_usage_pct,bwa (DA71) (942),bwa (DA71) (942),2822953,942
,,0,2023-05-13T12:43:20.025536841Z,2023-06-12T12:43:20.025536841Z,2023-06-06T16:45:55.531628261Z,795.2007,docker_cpu_usage_pct,bwa (DA71) (942),bwa (DA71) (942),2822953,942
,,0,2023-05-13T12:43:20.025536841Z,2023-06-12T12:43:20.025536841Z,2023-06-06T16:45:57.545028188Z,798.8208,docker_cpu_usage_pct,bwa (DA71) (942),bwa (DA71) (942),2822953,942
,,0,2023-05-13T12:43:20.025536841Z,2023-06-12T12:43:20.025536841Z,2023-06-06T16:45:59.541075668Z,797.3811,docker_cpu_usage_pct,bwa (DA71) (942),bwa (DA71) (942),2822953,942
,,0,2023-05-13T12:43:20.025536841Z,2023-06-12T12:43:20.025536841Z,2023-06-06T16:46:02.537183849Z,803.592,docker_cpu_usage_pct,bwa (DA71) (942),bwa (DA71) (942),2822953,942
,,0,2023-05-13T12:43:20.025536841Z,2023-06-12T12:43:20.025536841Z,2023-06-06T16:46:04.532049038Z,790.5026,docker_cpu_usage_pct,bwa (DA71) (942),bwa (DA71) (942),2822953,942
,,0,2023-05-13T12:43:20.025536841Z,2023-06-12T12:43:20.025536841Z,2023-06-06T16:46:07.53186206Z,798.8744,docker_cpu_usage_pct,bwa (DA71) (942),bwa (DA71) (942),2822953,942
,,0,2023-05-13T12:43:20.025536841Z,2023-06-12T12:43:20.025536841Z,2023-06-06T16:46:09.531599029Z,799.2124,docker_cpu_usage_pct,bwa (DA71) (942),bwa (DA71) (942),2822953,942
,,0,2023-05-13T12:43:20.025536841Z,2023-06-12T12:43:20.025536841Z,2023-06-06T16:46:11.532370492Z,698.2565,docker_cpu_usage_pct,bwa (DA71) (942),bwa (DA71) (942),2822953,942
,,0,2023-05-13T12:43:20.025536841Z,2023-06-12T12:43:20.025536841Z,2023-06-06T16:46:13.532117951Z,398.2575,docker_cpu_usage_pct,bwa (DA71) (942),bwa (DA71) (942),2822953,942
,,0,2023-05-13T12:43:20.025536841Z,2023-06-12T12:43:20.025536841Z,2023-06-06T16:46:15.531938451Z,291.0053,docker_cpu_usage_pct,bwa (DA71) (942),bwa (DA71) (942),2822953,942
,,0,2023-05-13T12:43:20.025536841Z,2023-06-12T12:43:20.025536841Z,2023-06-06T16:46:17.531553244Z,444.3713,docker_cpu_usage_pct,bwa (DA71) (942),bwa (DA71) (942),2822953,942
,,0,2023-05-13T12:43:20.025536841Z,2023-06-12T12:43:20.025536841Z,2023-06-06T16:46:19.532197251Z,803.0065,docker_cpu_usage_pct,bwa (DA71) (942),bwa (DA71) (942),2822953,942
,,0,2023-05-13T12:43:20.025536841Z,2023-06-12T12:43:20.025536841Z,2023-06-06T16:46:21.532107022Z,788.571,docker_cpu_usage_pct,bwa (DA71) (942),bwa (DA71) (942),2822953,942
,,0,2023-05-13T12:43:20.025536841Z,2023-06-12T12:43:20.025536841Z,2023-06-06T16:46:23.531800197Z,794.271,docker_cpu_usage_pct,bwa (DA71) (942),bwa (DA71) (942),2822953,942
,,0,2023-05-13T12:43:20.025536841Z,2023-06-12T12:43:20.025536841Z,2023-06-06T16:46:25.53147225Z,798.2691,docker_cpu_usage_pct,bwa (DA71) (942),bwa (DA71) (942),2822953,942
,,0,2023-05-13T12:43:20.025536841Z,2023-06-12T12:43:20.025536841Z,2023-06-06T16:46:27.532368682Z,799.7964,docker_cpu_usage_pct,bwa (DA71) (942),bwa (DA71) (942),2822953,942
,,0,2023-05-13T12:43:20.025536841Z,2023-06-12T12:43:20.025536841Z,2023-06-06T16:46:29.532111096Z,801.6027,docker_cpu_usage_pct,bwa (DA71) (942),bwa (DA71) (942),2822953,942
,,0,2023-05-13T12:43:20.025536841Z,2023-06-12T12:43:20.025536841Z,2023-06-06T16:46:31.531688535Z,796.6737,docker_cpu_usage_pct,bwa (DA71) (942),bwa (DA71) (942),2822953,942
,,0,2023-05-13T12:43:20.025536841Z,2023-06-12T12:43:20.025536841Z,2023-06-06T16:46:33.531545271Z,796.9391,docker_cpu_usage_pct,bwa (DA71) (942),bwa (DA71) (942),2822953,942
,,0,2023-05-13T12:43:20.025536841Z,2023-06-12T12:43:20.025536841Z,2023-06-06T16:46:35.53238849Z,803.8742,docker_cpu_usage_pct,bwa (DA71) (942),bwa (DA71) (942),2822953,942
,,0,2023-05-13T12:43:20.025536841Z,2023-06-12T12:43:20.025536841Z,2023-06-06T16:46:37.532043769Z,800.2076,docker_cpu_usage_pct,bwa (DA71) (942),bwa (DA71) (942),2822953,942
,,0,2023-05-13T12:43:20.025536841Z,2023-06-12T12:43:20.025536841Z,2023-06-06T16:46:39.531889034Z,792.8264,docker_cpu_usage_pct,bwa (DA71) (942),bwa (DA71) (942),2822953,942
,,0,2023-05-13T12:43:20.025536841Z,2023-06-12T12:43:20.025536841Z,2023-06-06T16:46:41.531748479Z,798.2289,docker_cpu_usage_pct,bwa (DA71) (942),bwa (DA71) (942),2822953,942
,,0,2023-05-13T12:43:20.025536841Z,2023-06-12T12:43:20.025536841Z,2023-06-06T16:46:43.531380685Z,799.4972,docker_cpu_usage_pct,bwa (DA71) (942),bwa (DA71) (942),2822953,942
,,0,2023-05-13T12:43:20.025536841Z,2023-06-12T12:43:20.025536841Z,2023-06-06T16:46:45.53218247Z,799.3584,docker_cpu_usage_pct,bwa (DA71) (942),bwa (DA71) (942),2822953,942
,,0,2023-05-13T12:43:20.025536841Z,2023-06-12T12:43:20.025536841Z,2023-06-06T16:46:47.531881688Z,799.773,docker_cpu_usage_pct,bwa (DA71) (942),bwa (DA71) (942),2822953,942
,,0,2023-05-13T12:43:20.025536841Z,2023-06-12T12:43:20.025536841Z,2023-06-06T16:46:49.531564714Z,799.9434,docker_cpu_usage_pct,bwa (DA71) (942),bwa (DA71) (942),2822953,942
,,0,2023-05-13T12:43:20.025536841Z,2023-06-12T12:43:20.025536841Z,2023-06-06T16:46:52.531533223Z,796.12,docker_cpu_usage_pct,bwa (DA71) (942),bwa (DA71) (942),2822953,942
,,0,2023-05-13T12:43:20.025536841Z,2023-06-12T12:43:20.025536841Z,2023-06-06T16:46:54.532228692Z,797.2571,docker_cpu_usage_pct,bwa (DA71) (942),bwa (DA71) (942),2822953,942
,,0,2023-05-13T12:43:20.025536841Z,2023-06-12T12:43:20.025536841Z,2023-06-06T16:46:56.532085543Z,798.9797,docker_cpu_usage_pct,bwa (DA71) (942),bwa (DA71) (942),2822953,942
,,0,2023-05-13T12:43:20.025536841Z,2023-06-12T12:43:20.025536841Z,2023-06-06T16:46:58.531605912Z,798.3185,docker_cpu_usage_pct,bwa (DA71) (942),bwa (DA71) (942),2822953,942
,,0,2023-05-13T12:43:20.025536841Z,2023-06-12T12:43:20.025536841Z,2023-06-06T16:47:00.532598979Z,797.7721,docker_cpu_usage_pct,bwa (DA71) (942),bwa (DA71) (942),2822953,942
,,0,2023-05-13T12:43:20.025536841Z,2023-06-12T12:43:20.025536841Z,2023-06-06T16:47:02.532090546Z,799.6697,docker_cpu_usage_pct,bwa (DA71) (942),bwa (DA71) (942),2822953,942
,,0,2023-05-13T12:43:20.025536841Z,2023-06-12T12:43:20.025536841Z,2023-06-06T16:47:04.53689987Z,799.9026,docker_cpu_usage_pct,bwa (DA71) (942),bwa (DA71) (942),2822953,942
,,0,2023-05-13T12:43:20.025536841Z,2023-06-12T12:43:20.025536841Z,2023-06-06T16:47:06.531636978Z,797.6574,docker_cpu_usage_pct,bwa (DA71) (942),bwa (DA71) (942),2822953,942
,,0,2023-05-13T12:43:20.025536841Z,2023-06-12T12:43:20.025536841Z,2023-06-06T16:47:08.531379492Z,700.1143,docker_cpu_usage_pct,bwa (DA71) (942),bwa (DA71) (942),2822953,942
,,0,2023-05-13T12:43:20.025536841Z,2023-06-12T12:43:20.025536841Z,2023-06-06T16:47:10.532203431Z,501.1294,docker_cpu_usage_pct,bwa (DA71) (942),bwa (DA71) (942),2822953,942
,,0,2023-05-13T12:43:20.025536841Z,2023-06-12T12:43:20.025536841Z,2023-06-06T16:47:12.531902002Z,293.8953,docker_cpu_usage_pct,bwa (DA71) (942),bwa (DA71) (942),2822953,942
,,0,2023-05-13T12:43:20.025536841Z,2023-06-12T12:43:20.025536841Z,2023-06-06T16:47:14.531764489Z,153.3936,docker_cpu_usage_pct,bwa (DA71) (942),bwa (DA71) (942),2822953,942
,,0,2023-05-13T12:43:20.025536841Z,2023-06-12T12:43:20.025536841Z,2023-06-06T16:47:16.531384327Z,798.482,docker_cpu_usage_pct,bwa (DA71) (942),bwa (DA71) (942),2822953,942
,,0,2023-05-13T12:43:20.025536841Z,2023-06-12T12:43:20.025536841Z,2023-06-06T16:47:18.532122821Z,800.6103,docker_cpu_usage_pct,bwa (DA71) (942),bwa (DA71) (942),2822953,942
,,0,2023-05-13T12:43:20.025536841Z,2023-06-12T12:43:20.025536841Z,2023-06-06T16:47:20.532056059Z,798.1209,docker_cpu_usage_pct,bwa (DA71) (942),bwa (DA71) (942),2822953,942
,,0,2023-05-13T12:43:20.025536841Z,2023-06-12T12:43:20.025536841Z,2023-06-06T16:47:22.531594822Z,795.774,docker_cpu_usage_pct,bwa (DA71) (942),bwa (DA71) (942),2822953,942
,,0,2023-05-13T12:43:20.025536841Z,2023-06-12T12:43:20.025536841Z,2023-06-06T16:47:24.531537228Z,794.8292,docker_cpu_usage_pct,bwa (DA71) (942),bwa (DA71) (942),2822953,942
,,0,2023-05-13T12:43:20.025536841Z,2023-06-12T12:43:20.025536841Z,2023-06-06T16:47:26.532111105Z,799.5318,docker_cpu_usage_pct,bwa (DA71) (942),bwa (DA71) (942),2822953,942
,,0,2023-05-13T12:43:20.025536841Z,2023-06-12T12:43:20.025536841Z,2023-06-06T16:47:28.531842324Z,799.4487,docker_cpu_usage_pct,bwa (DA71) (942),bwa (DA71) (942),2822953,942
,,0,2023-05-13T12:43:20.025536841Z,2023-06-12T12:43:20.025536841Z,2023-06-06T16:47:30.531704767Z,795.3428,docker_cpu_usage_pct,bwa (DA71) (942),bwa (DA71) (942),2822953,942
,,0,2023-05-13T12:43:20.025536841Z,2023-06-12T12:43:20.025536841Z,2023-06-06T16:47:32.531407773Z,798.8503,docker_cpu_usage_pct,bwa (DA71) (942),bwa (DA71) (942),2822953,942
,,0,2023-05-13T12:43:20.025536841Z,2023-06-12T12:43:20.025536841Z,2023-06-06T16:47:34.532251007Z,800.1665,docker_cpu_usage_pct,bwa (DA71) (942),bwa (DA71) (942),2822953,942
,,0,2023-05-13T12:43:20.025536841Z,2023-06-12T12:43:20.025536841Z,2023-06-06T16:47:36.532069027Z,799.8493,docker_cpu_usage_pct,bwa (DA71) (942),bwa (DA71) (942),2822953,942
,,0,2023-05-13T12:43:20.025536841Z,2023-06-12T12:43:20.025536841Z,2023-06-06T16:47:38.531796093Z,799.7523,docker_cpu_usage_pct,bwa (DA71) (942),bwa (DA71) (942),2822953,942
,,0,2023-05-13T12:43:20.025536841Z,2023-06-12T12:43:20.025536841Z,2023-06-06T16:47:40.531452066Z,799.5176,docker_cpu_usage_pct,bwa (DA71) (942),bwa (DA71) (942),2822953,942
,,0,2023-05-13T12:43:20.025536841Z,2023-06-12T12:43:20.025536841Z,2023-06-06T16:47:42.53234966Z,802.651,docker_cpu_usage_pct,bwa (DA71) (942),bwa (DA71) (942),2822953,942
,,0,2023-05-13T12:43:20.025536841Z,2023-06-12T12:43:20.025536841Z,2023-06-06T16:47:44.532168078Z,799.9674,docker_cpu_usage_pct,bwa (DA71) (942),bwa (DA71) (942),2822953,942
,,0,2023-05-13T12:43:20.025536841Z,2023-06-12T12:43:20.025536841Z,2023-06-06T16:47:46.531944374Z,797.9122,docker_cpu_usage_pct,bwa (DA71) (942),bwa (DA71) (942),2822953,942
,,0,2023-05-13T12:43:20.025536841Z,2023-06-12T12:43:20.025536841Z,2023-06-06T16:47:48.531839213Z,797.602,docker_cpu_usage_pct,bwa (DA71) (942),bwa (DA71) (942),2822953,942
,,0,2023-05-13T12:43:20.025536841Z,2023-06-12T12:43:20.025536841Z,2023-06-06T16:47:50.531475323Z,801.0478,docker_cpu_usage_pct,bwa (DA71) (942),bwa (DA71) (942),2822953,942
,,0,2023-05-13T12:43:20.025536841Z,2023-06-12T12:43:20.025536841Z,2023-06-06T16:47:52.532296943Z,799.6678,docker_cpu_usage_pct,bwa (DA71) (942),bwa (DA71) (942),2822953,942
,,0,2023-05-13T12:43:20.025536841Z,2023-06-12T12:43:20.025536841Z,2023-06-06T16:47:54.532060066Z,802.8171,docker_cpu_usage_pct,bwa (DA71) (942),bwa (DA71) (942),2822953,942
,,0,2023-05-13T12:43:20.025536841Z,2023-06-12T12:43:20.025536841Z,2023-06-06T16:47:56.531817229Z,800.9969,docker_cpu_usage_pct,bwa (DA71) (942),bwa (DA71) (942),2822953,942
,,0,2023-05-13T12:43:20.025536841Z,2023-06-12T12:43:20.025536841Z,2023-06-06T16:47:58.531576672Z,623.6736,docker_cpu_usage_pct,bwa (DA71) (942),bwa (DA71) (942),2822953,942
,,0,2023-05-13T12:43:20.025536841Z,2023-06-12T12:43:20.025536841Z,2023-06-06T16:48:00.532404617Z,387.2524,docker_cpu_usage_pct,bwa (DA71) (942),bwa (DA71) (942),2822953,942
,,0,2023-05-13T12:43:20.025536841Z,2023-06-12T12:43:20.025536841Z,2023-06-06T16:48:02.532164109Z,99.6553,docker_cpu_usage_pct,bwa (DA71) (942),bwa (DA71) (942),2822953,942
,,0,2023-05-13T12:43:20.025536841Z,2023-06-12T12:43:20.025536841Z,2023-06-06T16:48:04.531879759Z,226.0081,docker_cpu_usage_pct,bwa (DA71) (942),bwa (DA71) (942),2822953,942
,,0,2023-05-13T12:43:20.025536841Z,2023-06-12T12:43:20.025536841Z,2023-06-06T16:48:06.531557346Z,798.1217,docker_cpu_usage_pct,bwa (DA71) (942),bwa (DA71) (942),2822953,942
,,0,2023-05-13T12:43:20.025536841Z,2023-06-12T12:43:20.025536841Z,2023-06-06T16:48:08.532341631Z,802.6264,docker_cpu_usage_pct,bwa (DA71) (942),bwa (DA71) (942),2822953,942
,,0,2023-05-13T12:43:20.025536841Z,2023-06-12T12:43:20.025536841Z,2023-06-06T16:48:10.532212074Z,796.2784,docker_cpu_usage_pct,bwa (DA71) (942),bwa (DA71) (942),2822953,942
,,0,2023-05-13T12:43:20.025536841Z,2023-06-12T12:43:20.025536841Z,2023-06-06T16:48:12.531991124Z,798.7886,docker_cpu_usage_pct,bwa (DA71) (942),bwa (DA71) (942),2822953,942
,,0,2023-05-13T12:43:20.025536841Z,2023-06-12T12:43:20.025536841Z,2023-06-06T16:48:14.531591318Z,797.9281,docker_cpu_usage_pct,bwa (DA71) (942),bwa (DA71) (942),2822953,942
,,0,2023-05-13T12:43:20.025536841Z,2023-06-12T12:43:20.025536841Z,2023-06-06T16:48:16.53146382Z,794.9588,docker_cpu_usage_pct,bwa (DA71) (942),bwa (DA71) (942),2822953,942
,,0,2023-05-13T12:43:20.025536841Z,2023-06-12T12:43:20.025536841Z,2023-06-06T16:48:18.532404548Z,795.8324,docker_cpu_usage_pct,bwa (DA71) (942),bwa (DA71) (942),2822953,942
,,0,2023-05-13T12:43:20.025536841Z,2023-06-12T12:43:20.025536841Z,2023-06-06T16:48:20.53200785Z,802.9354,docker_cpu_usage_pct,bwa (DA71) (942),bwa (DA71) (942),2822953,942
,,0,2023-05-13T12:43:20.025536841Z,2023-06-12T12:43:20.025536841Z,2023-06-06T16:48:22.533460834Z,800.5178,docker_cpu_usage_pct,bwa (DA71) (942),bwa (DA71) (942),2822953,942
,,0,2023-05-13T12:43:20.025536841Z,2023-06-12T12:43:20.025536841Z,2023-06-06T16:48:24.535764225Z,795.1334,docker_cpu_usage_pct,bwa (DA71) (942),bwa (DA71) (942),2822953,942
,,0,2023-05-13T12:43:20.025536841Z,2023-06-12T12:43:20.025536841Z,2023-06-06T16:48:26.531945422Z,796.9501,docker_cpu_usage_pct,bwa (DA71) (942),bwa (DA71) (942),2822953,942
,,0,2023-05-13T12:43:20.025536841Z,2023-06-12T12:43:20.025536841Z,2023-06-06T16:48:29.531821704Z,799.3326,docker_cpu_usage_pct,bwa (DA71) (942),bwa (DA71) (942),2822953,942
,,0,2023-05-13T12:43:20.025536841Z,2023-06-12T12:43:20.025536841Z,2023-06-06T16:48:31.53162014Z,797.3215,docker_cpu_usage_pct,bwa (DA71) (942),bwa (DA71) (942),2822953,942
,,0,2023-05-13T12:43:20.025536841Z,2023-06-12T12:43:20.025536841Z,2023-06-06T16:48:33.531594762Z,799.1033,docker_cpu_usage_pct,bwa (DA71) (942),bwa (DA71) (942),2822953,942
,,0,2023-05-13T12:43:20.025536841Z,2023-06-12T12:43:20.025536841Z,2023-06-06T16:48:35.531415219Z,798.9314,docker_cpu_usage_pct,bwa (DA71) (942),bwa (DA71) (942),2822953,942
,,0,2023-05-13T12:43:20.025536841Z,2023-06-12T12:43:20.025536841Z,2023-06-06T16:48:37.531324618Z,797.4502,docker_cpu_usage_pct,bwa (DA71) (942),bwa (DA71) (942),2822953,942
,,0,2023-05-13T12:43:20.025536841Z,2023-06-12T12:43:20.025536841Z,2023-06-06T16:48:39.532083255Z,799.3696,docker_cpu_usage_pct,bwa (DA71) (942),bwa (DA71) (942),2822953,942
,,0,2023-05-13T12:43:20.025536841Z,2023-06-12T12:43:20.025536841Z,2023-06-06T16:48:41.531694243Z,802.1965,docker_cpu_usage_pct,bwa (DA71) (942),bwa (DA71) (942),2822953,942
,,0,2023-05-13T12:43:20.025536841Z,2023-06-12T12:43:20.025536841Z,2023-06-06T16:48:43.531733725Z,794.0142,docker_cpu_usage_pct,bwa (DA71) (942),bwa (DA71) (942),2822953,942
,,0,2023-05-13T12:43:20.025536841Z,2023-06-12T12:43:20.025536841Z,2023-06-06T16:48:45.532367456Z,797.0349,docker_cpu_usage_pct,bwa (DA71) (942),bwa (DA71) (942),2822953,942
,,0,2023-05-13T12:43:20.025536841Z,2023-06-12T12:43:20.025536841Z,2023-06-06T16:48:47.532017664Z,796.1163,docker_cpu_usage_pct,bwa (DA71) (942),bwa (DA71) (942),2822953,942
,,0,2023-05-13T12:43:20.025536841Z,2023-06-12T12:43:20.025536841Z,2023-06-06T16:48:49.531785886Z,800.5656,docker_cpu_usage_pct,bwa (DA71) (942),bwa (DA71) (942),2822953,942
,,0,2023-05-13T12:43:20.025536841Z,2023-06-12T12:43:20.025536841Z,2023-06-06T16:48:51.531553598Z,601.4883,docker_cpu_usage_pct,bwa (DA71) (942),bwa (DA71) (942),2822953,942
,,0,2023-05-13T12:43:20.025536841Z,2023-06-12T12:43:20.025536841Z,2023-06-06T16:48:53.531392721Z,400.6167,docker_cpu_usage_pct,bwa (DA71) (942),bwa (DA71) (942),2822953,942
,,0,2023-05-13T12:43:20.025536841Z,2023-06-12T12:43:20.025536841Z,2023-06-06T16:48:55.532298229Z,240.8981,docker_cpu_usage_pct,bwa (DA71) (942),bwa (DA71) (942),2822953,942
,,0,2023-05-13T12:43:20.025536841Z,2023-06-12T12:43:20.025536841Z,2023-06-06T16:48:57.531806421Z,574.9399,docker_cpu_usage_pct,bwa (DA71) (942),bwa (DA71) (942),2822953,942
,,0,2023-05-13T12:43:20.025536841Z,2023-06-12T12:43:20.025536841Z,2023-06-06T16:48:59.531783568Z,794.8468,docker_cpu_usage_pct,bwa (DA71) (942),bwa (DA71) (942),2822953,942
,,0,2023-05-13T12:43:20.025536841Z,2023-06-12T12:43:20.025536841Z,2023-06-06T16:49:01.531738323Z,796.9732,docker_cpu_usage_pct,bwa (DA71) (942),bwa (DA71) (942),2822953,942
,,0,2023-05-13T12:43:20.025536841Z,2023-06-12T12:43:20.025536841Z,2023-06-06T16:49:03.53236083Z,795.609,docker_cpu_usage_pct,bwa (DA71) (942),bwa (DA71) (942),2822953,942
,,0,2023-05-13T12:43:20.025536841Z,2023-06-12T12:43:20.025536841Z,2023-06-06T16:49:05.531653653Z,796.9455,docker_cpu_usage_pct,bwa (DA71) (942),bwa (DA71) (942),2822953,942
,,0,2023-05-13T12:43:20.025536841Z,2023-06-12T12:43:20.025536841Z,2023-06-06T16:49:07.532438715Z,795.493,docker_cpu_usage_pct,bwa (DA71) (942),bwa (DA71) (942),2822953,942
,,0,2023-05-13T12:43:20.025536841Z,2023-06-12T12:43:20.025536841Z,2023-06-06T16:49:09.532445651Z,800.3804,docker_cpu_usage_pct,bwa (DA71) (942),bwa (DA71) (942),2822953,942
,,0,2023-05-13T12:43:20.025536841Z,2023-06-12T12:43:20.025536841Z,2023-06-06T16:49:11.531887797Z,793.7428,docker_cpu_usage_pct,bwa (DA71) (942),bwa (DA71) (942),2822953,942
,,0,2023-05-13T12:43:20.025536841Z,2023-06-12T12:43:20.025536841Z,2023-06-06T16:49:13.531685845Z,796.0026,docker_cpu_usage_pct,bwa (DA71) (942),bwa (DA71) (942),2822953,942
,,0,2023-05-13T12:43:20.025536841Z,2023-06-12T12:43:20.025536841Z,2023-06-06T16:49:15.531659489Z,805.6104,docker_cpu_usage_pct,bwa (DA71) (942),bwa (DA71) (942),2822953,942
,,0,2023-05-13T12:43:20.025536841Z,2023-06-12T12:43:20.025536841Z,2023-06-06T16:49:17.53248283Z,794.7871,docker_cpu_usage_pct,bwa (DA71) (942),bwa (DA71) (942),2822953,942
,,0,2023-05-13T12:43:20.025536841Z,2023-06-12T12:43:20.025536841Z,2023-06-06T16:49:19.531639845Z,799.5936,docker_cpu_usage_pct,bwa (DA71) (942),bwa (DA71) (942),2822953,942
,,0,2023-05-13T12:43:20.025536841Z,2023-06-12T12:43:20.025536841Z,2023-06-06T16:49:21.532362273Z,801.2741,docker_cpu_usage_pct,bwa (DA71) (942),bwa (DA71) (942),2822953,942
,,0,2023-05-13T12:43:20.025536841Z,2023-06-12T12:43:20.025536841Z,2023-06-06T16:49:23.532535081Z,798.735,docker_cpu_usage_pct,bwa (DA71) (942),bwa (DA71) (942),2822953,942
,,0,2023-05-13T12:43:20.025536841Z,2023-06-12T12:43:20.025536841Z,2023-06-06T16:49:25.532273275Z,793.5294,docker_cpu_usage_pct,bwa (DA71) (942),bwa (DA71) (942),2822953,942
,,0,2023-05-13T12:43:20.025536841Z,2023-06-12T12:43:20.025536841Z,2023-06-06T16:49:27.531914475Z,798.9015,docker_cpu_usage_pct,bwa (DA71) (942),bwa (DA71) (942),2822953,942
,,0,2023-05-13T12:43:20.025536841Z,2023-06-12T12:43:20.025536841Z,2023-06-06T16:49:29.531619867Z,799.2882,docker_cpu_usage_pct,bwa (DA71) (942),bwa (DA71) (942),2822953,942
,,0,2023-05-13T12:43:20.025536841Z,2023-06-12T12:43:20.025536841Z,2023-06-06T16:49:31.531634198Z,800.3764,docker_cpu_usage_pct,bwa (DA71) (942),bwa (DA71) (942),2822953,942
,,0,2023-05-13T12:43:20.025536841Z,2023-06-12T12:43:20.025536841Z,2023-06-06T16:49:33.532243629Z,799.3512,docker_cpu_usage_pct,bwa (DA71) (942),bwa (DA71) (942),2822953,942
,,0,2023-05-13T12:43:20.025536841Z,2023-06-12T12:43:20.025536841Z,2023-06-06T16:49:35.531473075Z,796.9526,docker_cpu_usage_pct,bwa (DA71) (942),bwa (DA71) (942),2822953,942
,,0,2023-05-13T12:43:20.025536841Z,2023-06-12T12:43:20.025536841Z,2023-06-06T16:49:37.532269861Z,764.2516,docker_cpu_usage_pct,bwa (DA71) (942),bwa (DA71) (942),2822953,942
,,0,2023-05-13T12:43:20.025536841Z,2023-06-12T12:43:20.025536841Z,2023-06-06T16:49:39.532057064Z,643.798,docker_cpu_usage_pct,bwa (DA71) (942),bwa (DA71) (942),2822953,942
,,0,2023-05-13T12:43:20.025536841Z,2023-06-12T12:43:20.025536841Z,2023-06-06T16:49:41.531838516Z,490.1985,docker_cpu_usage_pct,bwa (DA71) (942),bwa (DA71) (942),2822953,942
,,0,2023-05-13T12:43:20.025536841Z,2023-06-12T12:43:20.025536841Z,2023-06-06T16:49:43.541500515Z,189.6327,docker_cpu_usage_pct,bwa (DA71) (942),bwa (DA71) (942),2822953,942
,,0,2023-05-13T12:43:20.025536841Z,2023-06-12T12:43:20.025536841Z,2023-06-06T16:49:45.532197545Z,589.2021,docker_cpu_usage_pct,bwa (DA71) (942),bwa (DA71) (942),2822953,942
,,0,2023-05-13T12:43:20.025536841Z,2023-06-12T12:43:20.025536841Z,2023-06-06T16:49:48.541091393Z,797.2961,docker_cpu_usage_pct,bwa (DA71) (942),bwa (DA71) (942),2822953,942
,,0,2023-05-13T12:43:20.025536841Z,2023-06-12T12:43:20.025536841Z,2023-06-06T16:49:51.541087134Z,794.8276,docker_cpu_usage_pct,bwa (DA71) (942),bwa (DA71) (942),2822953,942
,,0,2023-05-13T12:43:20.025536841Z,2023-06-12T12:43:20.025536841Z,2023-06-06T16:49:54.537431743Z,796.1759,docker_cpu_usage_pct,bwa (DA71) (942),bwa (DA71) (942),2822953,942
,,0,2023-05-13T12:43:20.025536841Z,2023-06-12T12:43:20.025536841Z,2023-06-06T16:49:57.54517099Z,799.7588,docker_cpu_usage_pct,bwa (DA71) (942),bwa (DA71) (942),2822953,942
,,0,2023-05-13T12:43:20.025536841Z,2023-06-12T12:43:20.025536841Z,2023-06-06T16:50:00.541338841Z,796.0414,docker_cpu_usage_pct,bwa (DA71) (942),bwa (DA71) (942),2822953,942
,,0,2023-05-13T12:43:20.025536841Z,2023-06-12T12:43:20.025536841Z,2023-06-06T16:50:03.54135629Z,786.7237,docker_cpu_usage_pct,bwa (DA71) (942),bwa (DA71) (942),2822953,942
,,0,2023-05-13T12:43:20.025536841Z,2023-06-12T12:43:20.025536841Z,2023-06-06T16:50:06.535460582Z,791.9508,docker_cpu_usage_pct,bwa (DA71) (942),bwa (DA71) (942),2822953,942
,,0,2023-05-13T12:43:20.025536841Z,2023-06-12T12:43:20.025536841Z,2023-06-06T16:50:09.531783276Z,800.2126,docker_cpu_usage_pct,bwa (DA71) (942),bwa (DA71) (942),2822953,942
,,0,2023-05-13T12:43:20.025536841Z,2023-06-12T12:43:20.025536841Z,2023-06-06T16:50:12.5317265Z,800.0165,docker_cpu_usage_pct,bwa (DA71) (942),bwa (DA71) (942),2822953,942
,,0,2023-05-13T12:43:20.025536841Z,2023-06-12T12:43:20.025536841Z,2023-06-06T16:50:14.53253743Z,799.1665,docker_cpu_usage_pct,bwa (DA71) (942),bwa (DA71) (942),2822953,942
,,0,2023-05-13T12:43:20.025536841Z,2023-06-12T12:43:20.025536841Z,2023-06-06T16:50:16.532223202Z,798.9882,docker_cpu_usage_pct,bwa (DA71) (942),bwa (DA71) (942),2822953,942
,,0,2023-05-13T12:43:20.025536841Z,2023-06-12T12:43:20.025536841Z,2023-06-06T16:50:18.531833792Z,798.3737,docker_cpu_usage_pct,bwa (DA71) (942),bwa (DA71) (942),2822953,942
,,0,2023-05-13T12:43:20.025536841Z,2023-06-12T12:43:20.025536841Z,2023-06-06T16:50:20.531495944Z,797.3855,docker_cpu_usage_pct,bwa (DA71) (942),bwa (DA71) (942),2822953,942
,,0,2023-05-13T12:43:20.025536841Z,2023-06-12T12:43:20.025536841Z,2023-06-06T16:50:22.54517593Z,795.3195,docker_cpu_usage_pct,bwa (DA71) (942),bwa (DA71) (942),2822953,942
,,0,2023-05-13T12:43:20.025536841Z,2023-06-12T12:43:20.025536841Z,2023-06-06T16:50:25.541122688Z,794.6105,docker_cpu_usage_pct,bwa (DA71) (942),bwa (DA71) (942),2822953,942
,,0,2023-05-13T12:43:20.025536841Z,2023-06-12T12:43:20.025536841Z,2023-06-06T16:50:28.545131072Z,792.7502,docker_cpu_usage_pct,bwa (DA71) (942),bwa (DA71) (942),2822953,942
,,0,2023-05-13T12:43:20.025536841Z,2023-06-12T12:43:20.025536841Z,2023-06-06T16:50:31.545116113Z,789.4737,docker_cpu_usage_pct,bwa (DA71) (942),bwa (DA71) (942),2822953,942
,,0,2023-05-13T12:43:20.025536841Z,2023-06-12T12:43:20.025536841Z,2023-06-06T16:50:34.531610905Z,798.0317,docker_cpu_usage_pct,bwa (DA71) (942),bwa (DA71) (942),2822953,942
,,0,2023-05-13T12:43:20.025536841Z,2023-06-12T12:43:20.025536841Z,2023-06-06T16:50:36.531729878Z,651.9931,docker_cpu_usage_pct,bwa (DA71) (942),bwa (DA71) (942),2822953,942
,,0,2023-05-13T12:43:20.025536841Z,2023-06-12T12:43:20.025536841Z,2023-06-06T16:50:38.53150625Z,299.9051,docker_cpu_usage_pct,bwa (DA71) (942),bwa (DA71) (942),2822953,942
,,0,2023-05-13T12:43:20.025536841Z,2023-06-12T12:43:20.025536841Z,2023-06-06T16:50:40.532397219Z,177.9399,docker_cpu_usage_pct,bwa (DA71) (942),bwa (DA71) (942),2822953,942
,,0,2023-05-13T12:43:20.025536841Z,2023-06-12T12:43:20.025536841Z,2023-06-06T16:50:43.531820257Z,463.2549,docker_cpu_usage_pct,bwa (DA71) (942),bwa (DA71) (942),2822953,942
,,0,2023-05-13T12:43:20.025536841Z,2023-06-12T12:43:20.025536841Z,2023-06-06T16:50:46.531845345Z,781.2454,docker_cpu_usage_pct,bwa (DA71) (942),bwa (DA71) (942),2822953,942
,,0,2023-05-13T12:43:20.025536841Z,2023-06-12T12:43:20.025536841Z,2023-06-06T16:50:49.545141263Z,758.5834,docker_cpu_usage_pct,bwa (DA71) (942),bwa (DA71) (942),2822953,942
,,0,2023-05-13T12:43:20.025536841Z,2023-06-12T12:43:20.025536841Z,2023-06-06T16:50:52.533344737Z,799.0096,docker_cpu_usage_pct,bwa (DA71) (942),bwa (DA71) (942),2822953,942
,,0,2023-05-13T12:43:20.025536841Z,2023-06-12T12:43:20.025536841Z,2023-06-06T16:50:55.545113623Z,792.0696,docker_cpu_usage_pct,bwa (DA71) (942),bwa (DA71) (942),2822953,942
,,0,2023-05-13T12:43:20.025536841Z,2023-06-12T12:43:20.025536841Z,2023-06-06T16:50:58.541370363Z,792.3951,docker_cpu_usage_pct,bwa (DA71) (942),bwa (DA71) (942),2822953,942
,,0,2023-05-13T12:43:20.025536841Z,2023-06-12T12:43:20.025536841Z,2023-06-06T16:51:01.541270873Z,794.1383,docker_cpu_usage_pct,bwa (DA71) (942),bwa (DA71) (942),2822953,942
,,0,2023-05-13T12:43:20.025536841Z,2023-06-12T12:43:20.025536841Z,2023-06-06T16:51:04.533276401Z,795.203,docker_cpu_usage_pct,bwa (DA71) (942),bwa (DA71) (942),2822953,942
,,0,2023-05-13T12:43:20.025536841Z,2023-06-12T12:43:20.025536841Z,2023-06-06T16:51:07.532330121Z,793.3661,docker_cpu_usage_pct,bwa (DA71) (942),bwa (DA71) (942),2822953,942
,,0,2023-05-13T12:43:20.025536841Z,2023-06-12T12:43:20.025536841Z,2023-06-06T16:51:09.537240338Z,799.8637,docker_cpu_usage_pct,bwa (DA71) (942),bwa (DA71) (942),2822953,942
,,0,2023-05-13T12:43:20.025536841Z,2023-06-12T12:43:20.025536841Z,2023-06-06T16:51:12.537325972Z,798.0138,docker_cpu_usage_pct,bwa (DA71) (942),bwa (DA71) (942),2822953,942
,,0,2023-05-13T12:43:20.025536841Z,2023-06-12T12:43:20.025536841Z,2023-06-06T16:51:15.54537721Z,797.8124,docker_cpu_usage_pct,bwa (DA71) (942),bwa (DA71) (942),2822953,942
,,0,2023-05-13T12:43:20.025536841Z,2023-06-12T12:43:20.025536841Z,2023-06-06T16:51:18.541364586Z,795.5898,docker_cpu_usage_pct,bwa (DA71) (942),bwa (DA71) (942),2822953,942
,,0,2023-05-13T12:43:20.025536841Z,2023-06-12T12:43:20.025536841Z,2023-06-06T16:51:21.532141909Z,797.75,docker_cpu_usage_pct,bwa (DA71) (942),bwa (DA71) (942),2822953,942
,,0,2023-05-13T12:43:20.025536841Z,2023-06-12T12:43:20.025536841Z,2023-06-06T16:51:23.531945965Z,798.1215,docker_cpu_usage_pct,bwa (DA71) (942),bwa (DA71) (942),2822953,942
,,0,2023-05-13T12:43:20.025536841Z,2023-06-12T12:43:20.025536841Z,2023-06-06T16:51:25.531660757Z,797.8459,docker_cpu_usage_pct,bwa (DA71) (942),bwa (DA71) (942),2822953,942
,,0,2023-05-13T12:43:20.025536841Z,2023-06-12T12:43:20.025536841Z,2023-06-06T16:51:27.541295358Z,802.1042,docker_cpu_usage_pct,bwa (DA71) (942),bwa (DA71) (942),2822953,942
,,0,2023-05-13T12:43:20.025536841Z,2023-06-12T12:43:20.025536841Z,2023-06-06T16:51:31.541329542Z,781.8188,docker_cpu_usage_pct,bwa (DA71) (942),bwa (DA71) (942),2822953,942
,,0,2023-05-13T12:43:20.025536841Z,2023-06-12T12:43:20.025536841Z,2023-06-06T16:51:34.532076281Z,796.1506,docker_cpu_usage_pct,bwa (DA71) (942),bwa (DA71) (942),2822953,942
,,0,2023-05-13T12:43:20.025536841Z,2023-06-12T12:43:20.025536841Z,2023-06-06T16:51:36.541037468Z,499.519,docker_cpu_usage_pct,bwa (DA71) (942),bwa (DA71) (942),2822953,942
,,0,2023-05-13T12:43:20.025536841Z,2023-06-12T12:43:20.025536841Z,2023-06-06T16:51:38.532025609Z,364.0889,docker_cpu_usage_pct,bwa (DA71) (942),bwa (DA71) (942),2822953,942
,,0,2023-05-13T12:43:20.025536841Z,2023-06-12T12:43:20.025536841Z,2023-06-06T16:51:40.531744939Z,165.4719,docker_cpu_usage_pct,bwa (DA71) (942),bwa (DA71) (942),2822953,942
,,0,2023-05-13T12:43:20.025536841Z,2023-06-12T12:43:20.025536841Z,2023-06-06T16:51:43.53723921Z,452.448,docker_cpu_usage_pct,bwa (DA71) (942),bwa (DA71) (942),2822953,942
,,0,2023-05-13T12:43:20.025536841Z,2023-06-12T12:43:20.025536841Z,2023-06-06T16:51:46.541341772Z,795.9737,docker_cpu_usage_pct,bwa (DA71) (942),bwa (DA71) (942),2822953,942
,,0,2023-05-13T12:43:20.025536841Z,2023-06-12T12:43:20.025536841Z,2023-06-06T16:51:49.541274066Z,798.6574,docker_cpu_usage_pct,bwa (DA71) (942),bwa (DA71) (942),2822953,942
,,0,2023-05-13T12:43:20.025536841Z,2023-06-12T12:43:20.025536841Z,2023-06-06T16:51:52.531818682Z,799.7265,docker_cpu_usage_pct,bwa (DA71) (942),bwa (DA71) (942),2822953,942
,,0,2023-05-13T12:43:20.025536841Z,2023-06-12T12:43:20.025536841Z,2023-06-06T16:51:53.53242459Z,798.3929,docker_cpu_usage_pct,bwa (DA71) (942),bwa (DA71) (942),2822953,942
,,0,2023-05-13T12:43:20.025536841Z,2023-06-12T12:43:20.025536841Z,2023-06-06T16:51:55.531964242Z,795.8931,docker_cpu_usage_pct,bwa (DA71) (942),bwa (DA71) (942),2822953,942
,,0,2023-05-13T12:43:20.025536841Z,2023-06-12T12:43:20.025536841Z,2023-06-06T16:51:58.533082342Z,785.7094,docker_cpu_usage_pct,bwa (DA71) (942),bwa (DA71) (942),2822953,942
,,0,2023-05-13T12:43:20.025536841Z,2023-06-12T12:43:20.025536841Z,2023-06-06T16:52:01.541401731Z,789.6202,docker_cpu_usage_pct,bwa (DA71) (942),bwa (DA71) (942),2822953,942
,,0,2023-05-13T12:43:20.025536841Z,2023-06-12T12:43:20.025536841Z,2023-06-06T16:52:04.531864168Z,780.1587,docker_cpu_usage_pct,bwa (DA71) (942),bwa (DA71) (942),2822953,942
,,0,2023-05-13T12:43:20.025536841Z,2023-06-12T12:43:20.025536841Z,2023-06-06T16:52:06.545141602Z,801.0357,docker_cpu_usage_pct,bwa (DA71) (942),bwa (DA71) (942),2822953,942
,,0,2023-05-13T12:43:20.025536841Z,2023-06-12T12:43:20.025536841Z,2023-06-06T16:52:08.545067194Z,787.5492,docker_cpu_usage_pct,bwa (DA71) (942),bwa (DA71) (942),2822953,942
,,0,2023-05-13T12:43:20.025536841Z,2023-06-12T12:43:20.025536841Z,2023-06-06T16:52:11.545123476Z,789.5379,docker_cpu_usage_pct,bwa (DA71) (942),bwa (DA71) (942),2822953,942
,,0,2023-05-13T12:43:20.025536841Z,2023-06-12T12:43:20.025536841Z,2023-06-06T16:52:14.541321505Z,799.7015,docker_cpu_usage_pct,bwa (DA71) (942),bwa (DA71) (942),2822953,942
,,0,2023-05-13T12:43:20.025536841Z,2023-06-12T12:43:20.025536841Z,2023-06-06T16:52:17.541308947Z,790.0109,docker_cpu_usage_pct,bwa (DA71) (942),bwa (DA71) (942),2822953,942
,,0,2023-05-13T12:43:20.025536841Z,2023-06-12T12:43:20.025536841Z,2023-06-06T16:52:20.541349251Z,796.9643,docker_cpu_usage_pct,bwa (DA71) (942),bwa (DA71) (942),2822953,942
,,0,2023-05-13T12:43:20.025536841Z,2023-06-12T12:43:20.025536841Z,2023-06-06T16:52:23.532231964Z,801.5072,docker_cpu_usage_pct,bwa (DA71) (942),bwa (DA71) (942),2822953,942
,,0,2023-05-13T12:43:20.025536841Z,2023-06-12T12:43:20.025536841Z,2023-06-06T16:52:26.531558467Z,794.0467,docker_cpu_usage_pct,bwa (DA71) (942),bwa (DA71) (942),2822953,942
,,0,2023-05-13T12:43:20.025536841Z,2023-06-12T12:43:20.025536841Z,2023-06-06T16:52:28.533169695Z,797.3739,docker_cpu_usage_pct,bwa (DA71) (942),bwa (DA71) (942),2822953,942
,,0,2023-05-13T12:43:20.025536841Z,2023-06-12T12:43:20.025536841Z,2023-06-06T16:52:30.536972812Z,801.1065,docker_cpu_usage_pct,bwa (DA71) (942),bwa (DA71) (942),2822953,942
,,0,2023-05-13T12:43:20.025536841Z,2023-06-12T12:43:20.025536841Z,2023-06-06T16:52:32.541282512Z,802.4208,docker_cpu_usage_pct,bwa (DA71) (942),bwa (DA71) (942),2822953,942
,,0,2023-05-13T12:43:20.025536841Z,2023-06-12T12:43:20.025536841Z,2023-06-06T16:52:34.53176219Z,694.1021,docker_cpu_usage_pct,bwa (DA71) (942),bwa (DA71) (942),2822953,942
,,0,2023-05-13T12:43:20.025536841Z,2023-06-12T12:43:20.025536841Z,2023-06-06T16:52:37.531813935Z,692.0492,docker_cpu_usage_pct,bwa (DA71) (942),bwa (DA71) (942),2822953,942
,,0,2023-05-13T12:43:20.025536841Z,2023-06-12T12:43:20.025536841Z,2023-06-06T16:52:39.531719189Z,400.155,docker_cpu_usage_pct,bwa (DA71) (942),bwa (DA71) (942),2822953,942
,,0,2023-05-13T12:43:20.025536841Z,2023-06-12T12:43:20.025536841Z,2023-06-06T16:52:41.532363413Z,222.5963,docker_cpu_usage_pct,bwa (DA71) (942),bwa (DA71) (942),2822953,942
,,0,2023-05-13T12:43:20.025536841Z,2023-06-12T12:43:20.025536841Z,2023-06-06T16:52:43.531605245Z,798.6558,docker_cpu_usage_pct,bwa (DA71) (942),bwa (DA71) (942),2822953,942
,,0,2023-05-13T12:43:20.025536841Z,2023-06-12T12:43:20.025536841Z,2023-06-06T16:52:46.531843063Z,792.6157,docker_cpu_usage_pct,bwa (DA71) (942),bwa (DA71) (942),2822953,942
,,0,2023-05-13T12:43:20.025536841Z,2023-06-12T12:43:20.025536841Z,2023-06-06T16:52:49.537119295Z,797.6005,docker_cpu_usage_pct,bwa (DA71) (942),bwa (DA71) (942),2822953,942
,,0,2023-05-13T12:43:20.025536841Z,2023-06-12T12:43:20.025536841Z,2023-06-06T16:52:51.531990688Z,798.2181,docker_cpu_usage_pct,bwa (DA71) (942),bwa (DA71) (942),2822953,942
,,0,2023-05-13T12:43:20.025536841Z,2023-06-12T12:43:20.025536841Z,2023-06-06T16:52:54.53181987Z,795.9264,docker_cpu_usage_pct,bwa (DA71) (942),bwa (DA71) (942),2822953,942
,,0,2023-05-13T12:43:20.025536841Z,2023-06-12T12:43:20.025536841Z,2023-06-06T16:52:56.541232459Z,796.522,docker_cpu_usage_pct,bwa (DA71) (942),bwa (DA71) (942),2822953,942
,,0,2023-05-13T12:43:20.025536841Z,2023-06-12T12:43:20.025536841Z,2023-06-06T16:52:59.541311039Z,784.0802,docker_cpu_usage_pct,bwa (DA71) (942),bwa (DA71) (942),2822953,942
,,0,2023-05-13T12:43:20.025536841Z,2023-06-12T12:43:20.025536841Z,2023-06-06T16:53:01.531744014Z,775.8908,docker_cpu_usage_pct,bwa (DA71) (942),bwa (DA71) (942),2822953,942
,,0,2023-05-13T12:43:20.025536841Z,2023-06-12T12:43:20.025536841Z,2023-06-06T16:53:04.531855122Z,740.9471,docker_cpu_usage_pct,bwa (DA71) (942),bwa (DA71) (942),2822953,942
,,0,2023-05-13T12:43:20.025536841Z,2023-06-12T12:43:20.025536841Z,2023-06-06T16:53:07.53191122Z,797.7405,docker_cpu_usage_pct,bwa (DA71) (942),bwa (DA71) (942),2822953,942
,,0,2023-05-13T12:43:20.025536841Z,2023-06-12T12:43:20.025536841Z,2023-06-06T16:53:10.535638342Z,790.9237,docker_cpu_usage_pct,bwa (DA71) (942),bwa (DA71) (942),2822953,942
,,0,2023-05-13T12:43:20.025536841Z,2023-06-12T12:43:20.025536841Z,2023-06-06T16:53:13.537352619Z,791.2691,docker_cpu_usage_pct,bwa (DA71) (942),bwa (DA71) (942),2822953,942
,,0,2023-05-13T12:43:20.025536841Z,2023-06-12T12:43:20.025536841Z,2023-06-06T16:53:16.545132997Z,797.9917,docker_cpu_usage_pct,bwa (DA71) (942),bwa (DA71) (942),2822953,942
,,0,2023-05-13T12:43:20.025536841Z,2023-06-12T12:43:20.025536841Z,2023-06-06T16:53:19.545166909Z,798.5216,docker_cpu_usage_pct,bwa (DA71) (942),bwa (DA71) (942),2822953,942
,,0,2023-05-13T12:43:20.025536841Z,2023-06-12T12:43:20.025536841Z,2023-06-06T16:53:22.545089228Z,793.6268,docker_cpu_usage_pct,bwa (DA71) (942),bwa (DA71) (942),2822953,942
,,0,2023-05-13T12:43:20.025536841Z,2023-06-12T12:43:20.025536841Z,2023-06-06T16:53:25.53730108Z,785.9625,docker_cpu_usage_pct,bwa (DA71) (942),bwa (DA71) (942),2822953,942
,,0,2023-05-13T12:43:20.025536841Z,2023-06-12T12:43:20.025536841Z,2023-06-06T16:53:28.541310491Z,797.7269,docker_cpu_usage_pct,bwa (DA71) (942),bwa (DA71) (942),2822953,942
,,0,2023-05-13T12:43:20.025536841Z,2023-06-12T12:43:20.025536841Z,2023-06-06T16:53:31.532088149Z,802.3283,docker_cpu_usage_pct,bwa (DA71) (942),bwa (DA71) (942),2822953,942
,,0,2023-05-13T12:43:20.025536841Z,2023-06-12T12:43:20.025536841Z,2023-06-06T16:53:33.531757401Z,799.4825,docker_cpu_usage_pct,bwa (DA71) (942),bwa (DA71) (942),2822953,942
,,0,2023-05-13T12:43:20.025536841Z,2023-06-12T12:43:20.025536841Z,2023-06-06T16:53:35.531561781Z,566.5254,docker_cpu_usage_pct,bwa (DA71) (942),bwa (DA71) (942),2822953,942
,,0,2023-05-13T12:43:20.025536841Z,2023-06-12T12:43:20.025536841Z,2023-06-06T16:53:37.532491268Z,100.43,docker_cpu_usage_pct,bwa (DA71) (942),bwa (DA71) (942),2822953,942
,,0,2023-05-13T12:43:20.025536841Z,2023-06-12T12:43:20.025536841Z,2023-06-06T16:53:39.531724611Z,795.9006,docker_cpu_usage_pct,bwa (DA71) (942),bwa (DA71) (942),2822953,942
,,0,2023-05-13T12:43:20.025536841Z,2023-06-12T12:43:20.025536841Z,2023-06-06T16:53:41.53316797Z,799.2395,docker_cpu_usage_pct,bwa (DA71) (942),bwa (DA71) (942),2822953,942
,,0,2023-05-13T12:43:20.025536841Z,2023-06-12T12:43:20.025536841Z,2023-06-06T16:53:43.541286761Z,798.6766,docker_cpu_usage_pct,bwa (DA71) (942),bwa (DA71) (942),2822953,942
,,0,2023-05-13T12:43:20.025536841Z,2023-06-12T12:43:20.025536841Z,2023-06-06T16:53:45.533126437Z,721.6596,docker_cpu_usage_pct,bwa (DA71) (942),bwa (DA71) (942),2822953,942
,,0,2023-05-13T12:43:20.025536841Z,2023-06-12T12:43:20.025536841Z,2023-06-06T16:53:48.531813413Z,758.6583,docker_cpu_usage_pct,bwa (DA71) (942),bwa (DA71) (942),2822953,942
,,0,2023-05-13T12:43:20.025536841Z,2023-06-12T12:43:20.025536841Z,2023-06-06T16:53:51.531967745Z,764.2606,docker_cpu_usage_pct,bwa (DA71) (942),bwa (DA71) (942),2822953,942
,,0,2023-05-13T12:43:20.025536841Z,2023-06-12T12:43:20.025536841Z,2023-06-06T16:53:53.538088798Z,793.5101,docker_cpu_usage_pct,bwa (DA71) (942),bwa (DA71) (942),2822953,942
,,0,2023-05-13T12:43:20.025536841Z,2023-06-12T12:43:20.025536841Z,2023-06-06T16:53:55.541142287Z,794.0313,docker_cpu_usage_pct,bwa (DA71) (942),bwa (DA71) (942),2822953,942
,,0,2023-05-13T12:43:20.025536841Z,2023-06-12T12:43:20.025536841Z,2023-06-06T16:53:58.531847478Z,757.3019,docker_cpu_usage_pct,bwa (DA71) (942),bwa (DA71) (942),2822953,942
,,0,2023-05-13T12:43:20.025536841Z,2023-06-12T12:43:20.025536841Z,2023-06-06T16:54:01.531863394Z,744.5624,docker_cpu_usage_pct,bwa (DA71) (942),bwa (DA71) (942),2822953,942
,,0,2023-05-13T12:43:20.025536841Z,2023-06-12T12:43:20.025536841Z,2023-06-06T16:54:04.531877034Z,752.4687,docker_cpu_usage_pct,bwa (DA71) (942),bwa (DA71) (942),2822953,942
,,0,2023-05-13T12:43:20.025536841Z,2023-06-12T12:43:20.025536841Z,2023-06-06T16:54:07.531929508Z,747.663,docker_cpu_usage_pct,bwa (DA71) (942),bwa (DA71) (942),2822953,942
,,0,2023-05-13T12:43:20.025536841Z,2023-06-12T12:43:20.025536841Z,2023-06-06T16:54:10.53181181Z,728.9833,docker_cpu_usage_pct,bwa (DA71) (942),bwa (DA71) (942),2822953,942
,,0,2023-05-13T12:43:20.025536841Z,2023-06-12T12:43:20.025536841Z,2023-06-06T16:54:13.531736895Z,733.7636,docker_cpu_usage_pct,bwa (DA71) (942),bwa (DA71) (942),2822953,942
,,0,2023-05-13T12:43:20.025536841Z,2023-06-12T12:43:20.025536841Z,2023-06-06T16:54:16.531929859Z,788.3132,docker_cpu_usage_pct,bwa (DA71) (942),bwa (DA71) (942),2822953,942
,,0,2023-05-13T12:43:20.025536841Z,2023-06-12T12:43:20.025536841Z,2023-06-06T16:54:19.531952421Z,782.3413,docker_cpu_usage_pct,bwa (DA71) (942),bwa (DA71) (942),2822953,942
,,0,2023-05-13T12:43:20.025536841Z,2023-06-12T12:43:20.025536841Z,2023-06-06T16:54:22.531704876Z,794.6484,docker_cpu_usage_pct,bwa (DA71) (942),bwa (DA71) (942),2822953,942
,,0,2023-05-13T12:43:20.025536841Z,2023-06-12T12:43:20.025536841Z,2023-06-06T16:54:24.532274192Z,798.2586,docker_cpu_usage_pct,bwa (DA71) (942),bwa (DA71) (942),2822953,942
,,0,2023-05-13T12:43:20.025536841Z,2023-06-12T12:43:20.025536841Z,2023-06-06T16:54:26.532047926Z,798.8018,docker_cpu_usage_pct,bwa (DA71) (942),bwa (DA71) (942),2822953,942
,,0,2023-05-13T12:43:20.025536841Z,2023-06-12T12:43:20.025536841Z,2023-06-06T16:54:28.531905735Z,799.4111,docker_cpu_usage_pct,bwa (DA71) (942),bwa (DA71) (942),2822953,942
,,0,2023-05-13T12:43:20.025536841Z,2023-06-12T12:43:20.025536841Z,2023-06-06T16:54:30.531710973Z,797.4611,docker_cpu_usage_pct,bwa (DA71) (942),bwa (DA71) (942),2822953,942
,,0,2023-05-13T12:43:20.025536841Z,2023-06-12T12:43:20.025536841Z,2023-06-06T16:54:32.541230029Z,768.0487,docker_cpu_usage_pct,bwa (DA71) (942),bwa (DA71) (942),2822953,942
,,0,2023-05-13T12:43:20.025536841Z,2023-06-12T12:43:20.025536841Z,2023-06-06T16:54:34.531730783Z,661.1714,docker_cpu_usage_pct,bwa (DA71) (942),bwa (DA71) (942),2822953,942
,,0,2023-05-13T12:43:20.025536841Z,2023-06-12T12:43:20.025536841Z,2023-06-06T16:54:36.531515002Z,399.7412,docker_cpu_usage_pct,bwa (DA71) (942),bwa (DA71) (942),2822953,942
,,0,2023-05-13T12:43:20.025536841Z,2023-06-12T12:43:20.025536841Z,2023-06-06T16:54:38.532308083Z,398.1838,docker_cpu_usage_pct,bwa (DA71) (942),bwa (DA71) (942),2822953,942
,,0,2023-05-13T12:43:20.025536841Z,2023-06-12T12:43:20.025536841Z,2023-06-06T16:54:40.531948679Z,173.3529,docker_cpu_usage_pct,bwa (DA71) (942),bwa (DA71) (942),2822953,942
,,0,2023-05-13T12:43:20.025536841Z,2023-06-12T12:43:20.025536841Z,2023-06-06T16:54:43.531894404Z,100.2597,docker_cpu_usage_pct,bwa (DA71) (942),bwa (DA71) (942),2822953,942
,,0,2023-05-13T12:43:20.025536841Z,2023-06-12T12:43:20.025536841Z,2023-06-06T16:54:46.537347934Z,797.2828,docker_cpu_usage_pct,bwa (DA71) (942),bwa (DA71) (942),2822953,942
,,0,2023-05-13T12:43:20.025536841Z,2023-06-12T12:43:20.025536841Z,2023-06-06T16:54:48.532255676Z,799.8457,docker_cpu_usage_pct,bwa (DA71) (942),bwa (DA71) (942),2822953,942
,,0,2023-05-13T12:43:20.025536841Z,2023-06-12T12:43:20.025536841Z,2023-06-06T16:54:50.53185394Z,794.8785,docker_cpu_usage_pct,bwa (DA71) (942),bwa (DA71) (942),2822953,942
,,0,2023-05-13T12:43:20.025536841Z,2023-06-12T12:43:20.025536841Z,2023-06-06T16:54:52.545081516Z,797.9717,docker_cpu_usage_pct,bwa (DA71) (942),bwa (DA71) (942),2822953,942
,,0,2023-05-13T12:43:20.025536841Z,2023-06-12T12:43:20.025536841Z,2023-06-06T16:54:55.531658136Z,796.0979,docker_cpu_usage_pct,bwa (DA71) (942),bwa (DA71) (942),2822953,942
,,0,2023-05-13T12:43:20.025536841Z,2023-06-12T12:43:20.025536841Z,2023-06-06T16:54:58.542602452Z,780.3265,docker_cpu_usage_pct,bwa (DA71) (942),bwa (DA71) (942),2822953,942
,,0,2023-05-13T12:43:20.025536841Z,2023-06-12T12:43:20.025536841Z,2023-06-06T16:55:01.545140532Z,795.7687,docker_cpu_usage_pct,bwa (DA71) (942),bwa (DA71) (942),2822953,942
,,0,2023-05-13T12:43:20.025536841Z,2023-06-12T12:43:20.025536841Z,2023-06-06T16:55:05.53168726Z,795.0093,docker_cpu_usage_pct,bwa (DA71) (942),bwa (DA71) (942),2822953,942
,,0,2023-05-13T12:43:20.025536841Z,2023-06-12T12:43:20.025536841Z,2023-06-06T16:55:08.531968177Z,787.7622,docker_cpu_usage_pct,bwa (DA71) (942),bwa (DA71) (942),2822953,942
,,0,2023-05-13T12:43:20.025536841Z,2023-06-12T12:43:20.025536841Z,2023-06-06T16:55:10.534653012Z,793.8134,docker_cpu_usage_pct,bwa (DA71) (942),bwa (DA71) (942),2822953,942
,,0,2023-05-13T12:43:20.025536841Z,2023-06-12T12:43:20.025536841Z,2023-06-06T16:55:13.531561759Z,797.337,docker_cpu_usage_pct,bwa (DA71) (942),bwa (DA71) (942),2822953,942
,,0,2023-05-13T12:43:20.025536841Z,2023-06-12T12:43:20.025536841Z,2023-06-06T16:55:16.541285489Z,791.7099,docker_cpu_usage_pct,bwa (DA71) (942),bwa (DA71) (942),2822953,942
,,0,2023-05-13T12:43:20.025536841Z,2023-06-12T12:43:20.025536841Z,2023-06-06T16:55:19.531551011Z,802.7085,docker_cpu_usage_pct,bwa (DA71) (942),bwa (DA71) (942),2822953,942
,,0,2023-05-13T12:43:20.025536841Z,2023-06-12T12:43:20.025536841Z,2023-06-06T16:55:22.531716243Z,801.1588,docker_cpu_usage_pct,bwa (DA71) (942),bwa (DA71) (942),2822953,942
,,0,2023-05-13T12:43:20.025536841Z,2023-06-12T12:43:20.025536841Z,2023-06-06T16:55:24.532554313Z,800.9916,docker_cpu_usage_pct,bwa (DA71) (942),bwa (DA71) (942),2822953,942
,,0,2023-05-13T12:43:20.025536841Z,2023-06-12T12:43:20.025536841Z,2023-06-06T16:55:27.545083566Z,794.4266,docker_cpu_usage_pct,bwa (DA71) (942),bwa (DA71) (942),2822953,942
,,0,2023-05-13T12:43:20.025536841Z,2023-06-12T12:43:20.025536841Z,2023-06-06T16:55:30.545046479Z,793.2716,docker_cpu_usage_pct,bwa (DA71) (942),bwa (DA71) (942),2822953,942
,,0,2023-05-13T12:43:20.025536841Z,2023-06-12T12:43:20.025536841Z,2023-06-06T16:55:33.545063324Z,798.324,docker_cpu_usage_pct,bwa (DA71) (942),bwa (DA71) (942),2822953,942
,,0,2023-05-13T12:43:20.025536841Z,2023-06-12T12:43:20.025536841Z,2023-06-06T16:55:36.545140872Z,791.3075,docker_cpu_usage_pct,bwa (DA71) (942),bwa (DA71) (942),2822953,942
,,0,2023-05-13T12:43:20.025536841Z,2023-06-12T12:43:20.025536841Z,2023-06-06T16:55:39.545041276Z,793.9811,docker_cpu_usage_pct,bwa (DA71) (942),bwa (DA71) (942),2822953,942
,,0,2023-05-13T12:43:20.025536841Z,2023-06-12T12:43:20.025536841Z,2023-06-06T16:55:42.541012667Z,794.8872,docker_cpu_usage_pct,bwa (DA71) (942),bwa (DA71) (942),2822953,942
,,0,2023-05-13T12:43:20.025536841Z,2023-06-12T12:43:20.025536841Z,2023-06-06T16:55:45.541018956Z,789.8988,docker_cpu_usage_pct,bwa (DA71) (942),bwa (DA71) (942),2822953,942
,,0,2023-05-13T12:43:20.025536841Z,2023-06-12T12:43:20.025536841Z,2023-06-06T16:55:48.53675566Z,797.0163,docker_cpu_usage_pct,bwa (DA71) (942),bwa (DA71) (942),2822953,942
,,0,2023-05-13T12:43:20.025536841Z,2023-06-12T12:43:20.025536841Z,2023-06-06T16:55:51.53164736Z,499.7677,docker_cpu_usage_pct,bwa (DA71) (942),bwa (DA71) (942),2822953,942
,,0,2023-05-13T12:43:20.025536841Z,2023-06-12T12:43:20.025536841Z,2023-06-06T16:55:53.532377819Z,410.3261,docker_cpu_usage_pct,bwa (DA71) (942),bwa (DA71) (942),2822953,942
,,0,2023-05-13T12:43:20.025536841Z,2023-06-12T12:43:20.025536841Z,2023-06-06T16:55:55.532042843Z,312.3882,docker_cpu_usage_pct,bwa (DA71) (942),bwa (DA71) (942),2822953,942
,,0,2023-05-13T12:43:20.025536841Z,2023-06-12T12:43:20.025536841Z,2023-06-06T16:55:57.531883609Z,252.5892,docker_cpu_usage_pct,bwa (DA71) (942),bwa (DA71) (942),2822953,942
,,0,2023-05-13T12:43:20.025536841Z,2023-06-12T12:43:20.025536841Z,2023-06-06T16:55:59.531645639Z,525.5412,docker_cpu_usage_pct,bwa (DA71) (942),bwa (DA71) (942),2822953,942
,,0,2023-05-13T12:43:20.025536841Z,2023-06-12T12:43:20.025536841Z,2023-06-06T16:56:01.533043952Z,799.3627,docker_cpu_usage_pct,bwa (DA71) (942),bwa (DA71) (942),2822953,942
,,0,2023-05-13T12:43:20.025536841Z,2023-06-12T12:43:20.025536841Z,2023-06-06T16:56:03.54506168Z,797.1412,docker_cpu_usage_pct,bwa (DA71) (942),bwa (DA71) (942),2822953,942
,,0,2023-05-13T12:43:20.025536841Z,2023-06-12T12:43:20.025536841Z,2023-06-06T16:56:05.531851089Z,769.7547,docker_cpu_usage_pct,bwa (DA71) (942),bwa (DA71) (942),2822953,942
,,0,2023-05-13T12:43:20.025536841Z,2023-06-12T12:43:20.025536841Z,2023-06-06T16:56:08.531649882Z,778.281,docker_cpu_usage_pct,bwa (DA71) (942),bwa (DA71) (942),2822953,942
,,0,2023-05-13T12:43:20.025536841Z,2023-06-12T12:43:20.025536841Z,2023-06-06T16:56:10.531722341Z,800.9599,docker_cpu_usage_pct,bwa (DA71) (942),bwa (DA71) (942),2822953,942
,,0,2023-05-13T12:43:20.025536841Z,2023-06-12T12:43:20.025536841Z,2023-06-06T16:56:12.5315747Z,801.3514,docker_cpu_usage_pct,bwa (DA71) (942),bwa (DA71) (942),2822953,942
,,0,2023-05-13T12:43:20.025536841Z,2023-06-12T12:43:20.025536841Z,2023-06-06T16:56:14.545101975Z,797.8305,docker_cpu_usage_pct,bwa (DA71) (942),bwa (DA71) (942),2822953,942
,,0,2023-05-13T12:43:20.025536841Z,2023-06-12T12:43:20.025536841Z,2023-06-06T16:56:18.53733089Z,765.3053,docker_cpu_usage_pct,bwa (DA71) (942),bwa (DA71) (942),2822953,942
,,0,2023-05-13T12:43:20.025536841Z,2023-06-12T12:43:20.025536841Z,2023-06-06T16:56:21.531714411Z,770.698,docker_cpu_usage_pct,bwa (DA71) (942),bwa (DA71) (942),2822953,942
,,0,2023-05-13T12:43:20.025536841Z,2023-06-12T12:43:20.025536841Z,2023-06-06T16:56:24.531791004Z,794.2776,docker_cpu_usage_pct,bwa (DA71) (942),bwa (DA71) (942),2822953,942
,,0,2023-05-13T12:43:20.025536841Z,2023-06-12T12:43:20.025536841Z,2023-06-06T16:56:27.537322902Z,779.9751,docker_cpu_usage_pct,bwa (DA71) (942),bwa (DA71) (942),2822953,942
,,0,2023-05-13T12:43:20.025536841Z,2023-06-12T12:43:20.025536841Z,2023-06-06T16:56:30.537329574Z,796.1329,docker_cpu_usage_pct,bwa (DA71) (942),bwa (DA71) (942),2822953,942
,,0,2023-05-13T12:43:20.025536841Z,2023-06-12T12:43:20.025536841Z,2023-06-06T16:56:33.537362271Z,796.3225,docker_cpu_usage_pct,bwa (DA71) (942),bwa (DA71) (942),2822953,942
,,0,2023-05-13T12:43:20.025536841Z,2023-06-12T12:43:20.025536841Z,2023-06-06T16:56:36.533553261Z,797.038,docker_cpu_usage_pct,bwa (DA71) (942),bwa (DA71) (942),2822953,942
,,0,2023-05-13T12:43:20.025536841Z,2023-06-12T12:43:20.025536841Z,2023-06-06T16:56:39.541315944Z,790.6862,docker_cpu_usage_pct,bwa (DA71) (942),bwa (DA71) (942),2822953,942
,,0,2023-05-13T12:43:20.025536841Z,2023-06-12T12:43:20.025536841Z,2023-06-06T16:56:42.541326555Z,792.9528,docker_cpu_usage_pct,bwa (DA71) (942),bwa (DA71) (942),2822953,942
,,0,2023-05-13T12:43:20.025536841Z,2023-06-12T12:43:20.025536841Z,2023-06-06T16:56:45.535086214Z,798.4203,docker_cpu_usage_pct,bwa (DA71) (942),bwa (DA71) (942),2822953,942
,,0,2023-05-13T12:43:20.025536841Z,2023-06-12T12:43:20.025536841Z,2023-06-06T16:56:47.54133596Z,784.0639,docker_cpu_usage_pct,bwa (DA71) (942),bwa (DA71) (942),2822953,942
,,0,2023-05-13T12:43:20.025536841Z,2023-06-12T12:43:20.025536841Z,2023-06-06T16:56:49.53334905Z,609.8654,docker_cpu_usage_pct,bwa (DA71) (942),bwa (DA71) (942),2822953,942
,,0,2023-05-13T12:43:20.025536841Z,2023-06-12T12:43:20.025536841Z,2023-06-06T16:56:52.531666168Z,463.1424,docker_cpu_usage_pct,bwa (DA71) (942),bwa (DA71) (942),2822953,942
,,0,2023-05-13T12:43:20.025536841Z,2023-06-12T12:43:20.025536841Z,2023-06-06T16:56:54.532442954Z,283.0771,docker_cpu_usage_pct,bwa (DA71) (942),bwa (DA71) (942),2822953,942
,,0,2023-05-13T12:43:20.025536841Z,2023-06-12T12:43:20.025536841Z,2023-06-06T16:56:56.532191704Z,247.4854,docker_cpu_usage_pct,bwa (DA71) (942),bwa (DA71) (942),2822953,942
,,0,2023-05-13T12:43:20.025536841Z,2023-06-12T12:43:20.025536841Z,2023-06-06T16:56:58.531612667Z,797.7168,docker_cpu_usage_pct,bwa (DA71) (942),bwa (DA71) (942),2822953,942
,,0,2023-05-13T12:43:20.025536841Z,2023-06-12T12:43:20.025536841Z,2023-06-06T16:57:00.532748182Z,796.9333,docker_cpu_usage_pct,bwa (DA71) (942),bwa (DA71) (942),2822953,942
,,0,2023-05-13T12:43:20.025536841Z,2023-06-12T12:43:20.025536841Z,2023-06-06T16:57:02.532186132Z,798.3423,docker_cpu_usage_pct,bwa (DA71) (942),bwa (DA71) (942),2822953,942
,,0,2023-05-13T12:43:20.025536841Z,2023-06-12T12:43:20.025536841Z,2023-06-06T16:57:05.53167126Z,793.9535,docker_cpu_usage_pct,bwa (DA71) (942),bwa (DA71) (942),2822953,942
,,0,2023-05-13T12:43:20.025536841Z,2023-06-12T12:43:20.025536841Z,2023-06-06T16:57:08.537405033Z,769.7751,docker_cpu_usage_pct,bwa (DA71) (942),bwa (DA71) (942),2822953,942
,,0,2023-05-13T12:43:20.025536841Z,2023-06-12T12:43:20.025536841Z,2023-06-06T16:57:11.537136941Z,789.8923,docker_cpu_usage_pct,bwa (DA71) (942),bwa (DA71) (942),2822953,942
,,0,2023-05-13T12:43:20.025536841Z,2023-06-12T12:43:20.025536841Z,2023-06-06T16:57:14.541392603Z,797.2105,docker_cpu_usage_pct,bwa (DA71) (942),bwa (DA71) (942),2822953,942
,,0,2023-05-13T12:43:20.025536841Z,2023-06-12T12:43:20.025536841Z,2023-06-06T16:57:17.541239344Z,795.5733,docker_cpu_usage_pct,bwa (DA71) (942),bwa (DA71) (942),2822953,942
,,0,2023-05-13T12:43:20.025536841Z,2023-06-12T12:43:20.025536841Z,2023-06-06T16:57:20.541335753Z,793.6432,docker_cpu_usage_pct,bwa (DA71) (942),bwa (DA71) (942),2822953,942
,,0,2023-05-13T12:43:20.025536841Z,2023-06-12T12:43:20.025536841Z,2023-06-06T16:57:23.541326289Z,796.9342,docker_cpu_usage_pct,bwa (DA71) (942),bwa (DA71) (942),2822953,942
,,0,2023-05-13T12:43:20.025536841Z,2023-06-12T12:43:20.025536841Z,2023-06-06T16:57:26.537323396Z,791.7449,docker_cpu_usage_pct,bwa (DA71) (942),bwa (DA71) (942),2822953,942
,,0,2023-05-13T12:43:20.025536841Z,2023-06-12T12:43:20.025536841Z,2023-06-06T16:57:29.541326089Z,789.983,docker_cpu_usage_pct,bwa (DA71) (942),bwa (DA71) (942),2822953,942
,,0,2023-05-13T12:43:20.025536841Z,2023-06-12T12:43:20.025536841Z,2023-06-06T16:57:32.541288552Z,797.6569,docker_cpu_usage_pct,bwa (DA71) (942),bwa (DA71) (942),2822953,942
,,0,2023-05-13T12:43:20.025536841Z,2023-06-12T12:43:20.025536841Z,2023-06-06T16:57:35.531705059Z,799.7406,docker_cpu_usage_pct,bwa (DA71) (942),bwa (DA71) (942),2822953,942
,,0,2023-05-13T12:43:20.025536841Z,2023-06-12T12:43:20.025536841Z,2023-06-06T16:57:37.545046951Z,793.103,docker_cpu_usage_pct,bwa (DA71) (942),bwa (DA71) (942),2822953,942
,,0,2023-05-13T12:43:20.025536841Z,2023-06-12T12:43:20.025536841Z,2023-06-06T16:57:39.532245797Z,752.7511,docker_cpu_usage_pct,bwa (DA71) (942),bwa (DA71) (942),2822953,942
,,0,2023-05-13T12:43:20.025536841Z,2023-06-12T12:43:20.025536841Z,2023-06-06T16:57:42.531961394Z,740.6665,docker_cpu_usage_pct,bwa (DA71) (942),bwa (DA71) (942),2822953,942
,,0,2023-05-13T12:43:20.025536841Z,2023-06-12T12:43:20.025536841Z,2023-06-06T16:57:45.531895334Z,630.7528,docker_cpu_usage_pct,bwa (DA71) (942),bwa (DA71) (942),2822953,942
,,0,2023-05-13T12:43:20.025536841Z,2023-06-12T12:43:20.025536841Z,2023-06-06T16:57:47.531549705Z,344.3935,docker_cpu_usage_pct,bwa (DA71) (942),bwa (DA71) (942),2822953,942
,,0,2023-05-13T12:43:20.025536841Z,2023-06-12T12:43:20.025536841Z,2023-06-06T16:57:49.532372602Z,196.2198,docker_cpu_usage_pct,bwa (DA71) (942),bwa (DA71) (942),2822953,942
,,0,2023-05-13T12:43:20.025536841Z,2023-06-12T12:43:20.025536841Z,2023-06-06T16:57:51.532113447Z,100.1001,docker_cpu_usage_pct,bwa (DA71) (942),bwa (DA71) (942),2822953,942
,,0,2023-05-13T12:43:20.025536841Z,2023-06-12T12:43:20.025536841Z,2023-06-06T16:57:53.531966327Z,99.6423,docker_cpu_usage_pct,bwa (DA71) (942),bwa (DA71) (942),2822953,942
,,0,2023-05-13T12:43:20.025536841Z,2023-06-12T12:43:20.025536841Z,2023-06-06T16:57:56.531746946Z,797.593,docker_cpu_usage_pct,bwa (DA71) (942),bwa (DA71) (942),2822953,942
,,0,2023-05-13T12:43:20.025536841Z,2023-06-12T12:43:20.025536841Z,2023-06-06T16:57:58.531555635Z,802.0133,docker_cpu_usage_pct,bwa (DA71) (942),bwa (DA71) (942),2822953,942
,,0,2023-05-13T12:43:20.025536841Z,2023-06-12T12:43:20.025536841Z,2023-06-06T16:58:00.532360445Z,799.5635,docker_cpu_usage_pct,bwa (DA71) (942),bwa (DA71) (942),2822953,942
,,0,2023-05-13T12:43:20.025536841Z,2023-06-12T12:43:20.025536841Z,2023-06-06T16:58:03.545061147Z,797.3728,docker_cpu_usage_pct,bwa (DA71) (942),bwa (DA71) (942),2822953,942
,,0,2023-05-13T12:43:20.025536841Z,2023-06-12T12:43:20.025536841Z,2023-06-06T16:58:06.545093077Z,797.5263,docker_cpu_usage_pct,bwa (DA71) (942),bwa (DA71) (942),2822953,942
,,0,2023-05-13T12:43:20.025536841Z,2023-06-12T12:43:20.025536841Z,2023-06-06T16:58:09.539455183Z,792.336,docker_cpu_usage_pct,bwa (DA71) (942),bwa (DA71) (942),2822953,942
,,0,2023-05-13T12:43:20.025536841Z,2023-06-12T12:43:20.025536841Z,2023-06-06T16:58:12.54504703Z,798.3235,docker_cpu_usage_pct,bwa (DA71) (942),bwa (DA71) (942),2822953,942
,,0,2023-05-13T12:43:20.025536841Z,2023-06-12T12:43:20.025536841Z,2023-06-06T16:58:15.549037464Z,795.94,docker_cpu_usage_pct,bwa (DA71) (942),bwa (DA71) (942),2822953,942
,,0,2023-05-13T12:43:20.025536841Z,2023-06-12T12:43:20.025536841Z,2023-06-06T16:58:18.532318723Z,796.0844,docker_cpu_usage_pct,bwa (DA71) (942),bwa (DA71) (942),2822953,942
,,0,2023-05-13T12:43:20.025536841Z,2023-06-12T12:43:20.025536841Z,2023-06-06T16:58:20.531994831Z,794.1246,docker_cpu_usage_pct,bwa (DA71) (942),bwa (DA71) (942),2822953,942
,,0,2023-05-13T12:43:20.025536841Z,2023-06-12T12:43:20.025536841Z,2023-06-06T16:58:24.532058427Z,796.9747,docker_cpu_usage_pct,bwa (DA71) (942),bwa (DA71) (942),2822953,942
,,0,2023-05-13T12:43:20.025536841Z,2023-06-12T12:43:20.025536841Z,2023-06-06T16:58:27.531769959Z,794.4333,docker_cpu_usage_pct,bwa (DA71) (942),bwa (DA71) (942),2822953,942
,,0,2023-05-13T12:43:20.025536841Z,2023-06-12T12:43:20.025536841Z,2023-06-06T16:58:30.541357832Z,797.8402,docker_cpu_usage_pct,bwa (DA71) (942),bwa (DA71) (942),2822953,942
,,0,2023-05-13T12:43:20.025536841Z,2023-06-12T12:43:20.025536841Z,2023-06-06T16:58:33.54133741Z,796.328,docker_cpu_usage_pct,bwa (DA71) (942),bwa (DA71) (942),2822953,942
,,0,2023-05-13T12:43:20.025536841Z,2023-06-12T12:43:20.025536841Z,2023-06-06T16:58:36.541279961Z,796.1291,docker_cpu_usage_pct,bwa (DA71) (942),bwa (DA71) (942),2822953,942
,,0,2023-05-13T12:43:20.025536841Z,2023-06-12T12:43:20.025536841Z,2023-06-06T16:58:38.537280432Z,795.2977,docker_cpu_usage_pct,bwa (DA71) (942),bwa (DA71) (942),2822953,942
,,0,2023-05-13T12:43:20.025536841Z,2023-06-12T12:43:20.025536841Z,2023-06-06T16:58:41.532250575Z,794.6286,docker_cpu_usage_pct,bwa (DA71) (942),bwa (DA71) (942),2822953,942
,,0,2023-05-13T12:43:20.025536841Z,2023-06-12T12:43:20.025536841Z,2023-06-06T16:58:44.531737586Z,797.0224,docker_cpu_usage_pct,bwa (DA71) (942),bwa (DA71) (942),2822953,942
,,0,2023-05-13T12:43:20.025536841Z,2023-06-12T12:43:20.025536841Z,2023-06-06T16:58:47.531769974Z,794.2375,docker_cpu_usage_pct,bwa (DA71) (942),bwa (DA71) (942),2822953,942
,,0,2023-05-13T12:43:20.025536841Z,2023-06-12T12:43:20.025536841Z,2023-06-06T16:58:50.531456956Z,256.4175,docker_cpu_usage_pct,bwa (DA71) (942),bwa (DA71) (942),2822953,942
,,0,2023-05-13T12:43:20.025536841Z,2023-06-12T12:43:20.025536841Z,2023-06-06T16:58:52.532174161Z,100.3614,docker_cpu_usage_pct,bwa (DA71) (942),bwa (DA71) (942),2822953,942
,,0,2023-05-13T12:43:20.025536841Z,2023-06-12T12:43:20.025536841Z,2023-06-06T16:58:54.531902644Z,99.9612,docker_cpu_usage_pct,bwa (DA71) (942),bwa (DA71) (942),2822953,942
,,0,2023-05-13T12:43:20.025536841Z,2023-06-12T12:43:20.025536841Z,2023-06-06T16:58:56.53174502Z,288.5625,docker_cpu_usage_pct,bwa (DA71) (942),bwa (DA71) (942),2822953,942
,,0,2023-05-13T12:43:20.025536841Z,2023-06-12T12:43:20.025536841Z,2023-06-06T16:58:58.531671276Z,798.0633,docker_cpu_usage_pct,bwa (DA71) (942),bwa (DA71) (942),2822953,942
,,0,2023-05-13T12:43:20.025536841Z,2023-06-12T12:43:20.025536841Z,2023-06-06T16:59:00.532519558Z,800.0569,docker_cpu_usage_pct,bwa (DA71) (942),bwa (DA71) (942),2822953,942
,,0,2023-05-13T12:43:20.025536841Z,2023-06-12T12:43:20.025536841Z,2023-06-06T16:59:02.532096071Z,802.4215,docker_cpu_usage_pct,bwa (DA71) (942),bwa (DA71) (942),2822953,942
,,0,2023-05-13T12:43:20.025536841Z,2023-06-12T12:43:20.025536841Z,2023-06-06T16:59:04.531812006Z,795.8964,docker_cpu_usage_pct,bwa (DA71) (942),bwa (DA71) (942),2822953,942
,,0,2023-05-13T12:43:20.025536841Z,2023-06-12T12:43:20.025536841Z,2023-06-06T16:59:06.560814571Z,800.4994,docker_cpu_usage_pct,bwa (DA71) (942),bwa (DA71) (942),2822953,942
,,0,2023-05-13T12:43:20.025536841Z,2023-06-12T12:43:20.025536841Z,2023-06-06T16:59:08.541163598Z,718.0204,docker_cpu_usage_pct,bwa (DA71) (942),bwa (DA71) (942),2822953,942
,,0,2023-05-13T12:43:20.025536841Z,2023-06-12T12:43:20.025536841Z,2023-06-06T16:59:12.541045976Z,753.5155,docker_cpu_usage_pct,bwa (DA71) (942),bwa (DA71) (942),2822953,942
,,0,2023-05-13T12:43:20.025536841Z,2023-06-12T12:43:20.025536841Z,2023-06-06T16:59:14.541113541Z,773.9244,docker_cpu_usage_pct,bwa (DA71) (942),bwa (DA71) (942),2822953,942
,,0,2023-05-13T12:43:20.025536841Z,2023-06-12T12:43:20.025536841Z,2023-06-06T16:59:18.537231544Z,765.0756,docker_cpu_usage_pct,bwa (DA71) (942),bwa (DA71) (942),2822953,942
,,0,2023-05-13T12:43:20.025536841Z,2023-06-12T12:43:20.025536841Z,2023-06-06T16:59:21.533360937Z,752.9295,docker_cpu_usage_pct,bwa (DA71) (942),bwa (DA71) (942),2822953,942
,,0,2023-05-13T12:43:20.025536841Z,2023-06-12T12:43:20.025536841Z,2023-06-06T16:59:24.531761087Z,775.4758,docker_cpu_usage_pct,bwa (DA71) (942),bwa (DA71) (942),2822953,942
,,0,2023-05-13T12:43:20.025536841Z,2023-06-12T12:43:20.025536841Z,2023-06-06T16:59:26.541116859Z,794.7996,docker_cpu_usage_pct,bwa (DA71) (942),bwa (DA71) (942),2822953,942
,,0,2023-05-13T12:43:20.025536841Z,2023-06-12T12:43:20.025536841Z,2023-06-06T16:59:29.531794992Z,797.8214,docker_cpu_usage_pct,bwa (DA71) (942),bwa (DA71) (942),2822953,942
,,0,2023-05-13T12:43:20.025536841Z,2023-06-12T12:43:20.025536841Z,2023-06-06T16:59:31.532428402Z,800.5507,docker_cpu_usage_pct,bwa (DA71) (942),bwa (DA71) (942),2822953,942
,,0,2023-05-13T12:43:20.025536841Z,2023-06-12T12:43:20.025536841Z,2023-06-06T16:59:34.541119464Z,783.9981,docker_cpu_usage_pct,bwa (DA71) (942),bwa (DA71) (942),2822953,942
,,0,2023-05-13T12:43:20.025536841Z,2023-06-12T12:43:20.025536841Z,2023-06-06T16:59:37.545133293Z,791.8218,docker_cpu_usage_pct,bwa (DA71) (942),bwa (DA71) (942),2822953,942
,,0,2023-05-13T12:43:20.025536841Z,2023-06-12T12:43:20.025536841Z,2023-06-06T16:59:40.537082654Z,797.0816,docker_cpu_usage_pct,bwa (DA71) (942),bwa (DA71) (942),2822953,942
,,0,2023-05-13T12:43:20.025536841Z,2023-06-12T12:43:20.025536841Z,2023-06-06T16:59:43.545058729Z,797.1504,docker_cpu_usage_pct,bwa (DA71) (942),bwa (DA71) (942),2822953,942
,,0,2023-05-13T12:43:20.025536841Z,2023-06-12T12:43:20.025536841Z,2023-06-06T16:59:46.54504415Z,795.9001,docker_cpu_usage_pct,bwa (DA71) (942),bwa (DA71) (942),2822953,942
,,0,2023-05-13T12:43:20.025536841Z,2023-06-12T12:43:20.025536841Z,2023-06-06T16:59:49.532145097Z,731.803,docker_cpu_usage_pct,bwa (DA71) (942),bwa (DA71) (942),2822953,942
,,0,2023-05-13T12:43:20.025536841Z,2023-06-12T12:43:20.025536841Z,2023-06-06T16:59:51.531772245Z,400.3445,docker_cpu_usage_pct,bwa (DA71) (942),bwa (DA71) (942),2822953,942
,,0,2023-05-13T12:43:20.025536841Z,2023-06-12T12:43:20.025536841Z,2023-06-06T16:59:53.531464122Z,339.3931,docker_cpu_usage_pct,bwa (DA71) (942),bwa (DA71) (942),2822953,942
,,0,2023-05-13T12:43:20.025536841Z,2023-06-12T12:43:20.025536841Z,2023-06-06T16:59:55.532430984Z,144.6397,docker_cpu_usage_pct,bwa (DA71) (942),bwa (DA71) (942),2822953,942
,,0,2023-05-13T12:43:20.025536841Z,2023-06-12T12:43:20.025536841Z,2023-06-06T16:59:57.541398394Z,163.2231,docker_cpu_usage_pct,bwa (DA71) (942),bwa (DA71) (942),2822953,942
,,0,2023-05-13T12:43:20.025536841Z,2023-06-12T12:43:20.025536841Z,2023-06-06T17:00:00.541318756Z,796.0901,docker_cpu_usage_pct,bwa (DA71) (942),bwa (DA71) (942),2822953,942
,,0,2023-05-13T12:43:20.025536841Z,2023-06-12T12:43:20.025536841Z,2023-06-06T17:00:03.537361716Z,800.9512,docker_cpu_usage_pct,bwa (DA71) (942),bwa (DA71) (942),2822953,942
,,0,2023-05-13T12:43:20.025536841Z,2023-06-12T12:43:20.025536841Z,2023-06-06T17:00:06.532268668Z,797.7224,docker_cpu_usage_pct,bwa (DA71) (942),bwa (DA71) (942),2822953,942
,,0,2023-05-13T12:43:20.025536841Z,2023-06-12T12:43:20.025536841Z,2023-06-06T17:00:09.545121651Z,794.5594,docker_cpu_usage_pct,bwa (DA71) (942),bwa (DA71) (942),2822953,942
,,0,2023-05-13T12:43:20.025536841Z,2023-06-12T12:43:20.025536841Z,2023-06-06T17:00:11.545149573Z,788.0802,docker_cpu_usage_pct,bwa (DA71) (942),bwa (DA71) (942),2822953,942
,,0,2023-05-13T12:43:20.025536841Z,2023-06-12T12:43:20.025536841Z,2023-06-06T17:00:14.537677768Z,796.7125,docker_cpu_usage_pct,bwa (DA71) (942),bwa (DA71) (942),2822953,942
,,0,2023-05-13T12:43:20.025536841Z,2023-06-12T12:43:20.025536841Z,2023-06-06T17:00:17.531693303Z,796.455,docker_cpu_usage_pct,bwa (DA71) (942),bwa (DA71) (942),2822953,942
,,0,2023-05-13T12:43:20.025536841Z,2023-06-12T12:43:20.025536841Z,2023-06-06T17:00:20.531567981Z,798.0698,docker_cpu_usage_pct,bwa (DA71) (942),bwa (DA71) (942),2822953,942
,,0,2023-05-13T12:43:20.025536841Z,2023-06-12T12:43:20.025536841Z,2023-06-06T17:00:22.53748972Z,794.229,docker_cpu_usage_pct,bwa (DA71) (942),bwa (DA71) (942),2822953,942
,,0,2023-05-13T12:43:20.025536841Z,2023-06-12T12:43:20.025536841Z,2023-06-06T17:00:26.545129815Z,773.4517,docker_cpu_usage_pct,bwa (DA71) (942),bwa (DA71) (942),2822953,942
,,0,2023-05-13T12:43:20.025536841Z,2023-06-12T12:43:20.025536841Z,2023-06-06T17:00:29.541109099Z,800.297,docker_cpu_usage_pct,bwa (DA71) (942),bwa (DA71) (942),2822953,942
,,0,2023-05-13T12:43:20.025536841Z,2023-06-12T12:43:20.025536841Z,2023-06-06T17:00:32.539918174Z,791.1777,docker_cpu_usage_pct,bwa (DA71) (942),bwa (DA71) (942),2822953,942
,,0,2023-05-13T12:43:20.025536841Z,2023-06-12T12:43:20.025536841Z,2023-06-06T17:00:34.534380125Z,797.8564,docker_cpu_usage_pct,bwa (DA71) (942),bwa (DA71) (942),2822953,942
,,0,2023-05-13T12:43:20.025536841Z,2023-06-12T12:43:20.025536841Z,2023-06-06T17:00:36.533148543Z,800.0221,docker_cpu_usage_pct,bwa (DA71) (942),bwa (DA71) (942),2822953,942
,,0,2023-05-13T12:43:20.025536841Z,2023-06-12T12:43:20.025536841Z,2023-06-06T17:00:39.545175491Z,797.1668,docker_cpu_usage_pct,bwa (DA71) (942),bwa (DA71) (942),2822953,942
,,0,2023-05-13T12:43:20.025536841Z,2023-06-12T12:43:20.025536841Z,2023-06-06T17:00:42.541187354Z,787.8722,docker_cpu_usage_pct,bwa (DA71) (942),bwa (DA71) (942),2822953,942
,,0,2023-05-13T12:43:20.025536841Z,2023-06-12T12:43:20.025536841Z,2023-06-06T17:00:45.541151701Z,796.8264,docker_cpu_usage_pct,bwa (DA71) (942),bwa (DA71) (942),2822953,942
,,0,2023-05-13T12:43:20.025536841Z,2023-06-12T12:43:20.025536841Z,2023-06-06T17:00:48.545136975Z,795.2802,docker_cpu_usage_pct,bwa (DA71) (942),bwa (DA71) (942),2822953,942
,,0,2023-05-13T12:43:20.025536841Z,2023-06-12T12:43:20.025536841Z,2023-06-06T17:00:51.532302578Z,635.2705,docker_cpu_usage_pct,bwa (DA71) (942),bwa (DA71) (942),2822953,942
,,0,2023-05-13T12:43:20.025536841Z,2023-06-12T12:43:20.025536841Z,2023-06-06T17:00:54.531536732Z,376.0358,docker_cpu_usage_pct,bwa (DA71) (942),bwa (DA71) (942),2822953,942
,,0,2023-05-13T12:43:20.025536841Z,2023-06-12T12:43:20.025536841Z,2023-06-06T17:00:56.532314629Z,133.3586,docker_cpu_usage_pct,bwa (DA71) (942),bwa (DA71) (942),2822953,942
,,0,2023-05-13T12:43:20.025536841Z,2023-06-12T12:43:20.025536841Z,2023-06-06T17:00:58.541310033Z,333.097,docker_cpu_usage_pct,bwa (DA71) (942),bwa (DA71) (942),2822953,942
,,0,2023-05-13T12:43:20.025536841Z,2023-06-12T12:43:20.025536841Z,2023-06-06T17:01:02.541356483Z,778.1414,docker_cpu_usage_pct,bwa (DA71) (942),bwa (DA71) (942),2822953,942
,,0,2023-05-13T12:43:20.025536841Z,2023-06-12T12:43:20.025536841Z,2023-06-06T17:01:04.533498313Z,799.6128,docker_cpu_usage_pct,bwa (DA71) (942),bwa (DA71) (942),2822953,942
,,0,2023-05-13T12:43:20.025536841Z,2023-06-12T12:43:20.025536841Z,2023-06-06T17:01:07.532380737Z,798.1217,docker_cpu_usage_pct,bwa (DA71) (942),bwa (DA71) (942),2822953,942
,,0,2023-05-13T12:43:20.025536841Z,2023-06-12T12:43:20.025536841Z,2023-06-06T17:01:09.532220869Z,799.499,docker_cpu_usage_pct,bwa (DA71) (942),bwa (DA71) (942),2822953,942
,,0,2023-05-13T12:43:20.025536841Z,2023-06-12T12:43:20.025536841Z,2023-06-06T17:01:11.531919581Z,801.6836,docker_cpu_usage_pct,bwa (DA71) (942),bwa (DA71) (942),2822953,942
,,0,2023-05-13T12:43:20.025536841Z,2023-06-12T12:43:20.025536841Z,2023-06-06T17:01:13.531644867Z,797.5064,docker_cpu_usage_pct,bwa (DA71) (942),bwa (DA71) (942),2822953,942
,,0,2023-05-13T12:43:20.025536841Z,2023-06-12T12:43:20.025536841Z,2023-06-06T17:01:15.533292197Z,795.7555,docker_cpu_usage_pct,bwa (DA71) (942),bwa (DA71) (942),2822953,942
,,0,2023-05-13T12:43:20.025536841Z,2023-06-12T12:43:20.025536841Z,2023-06-06T17:01:17.531865736Z,799.7204,docker_cpu_usage_pct,bwa (DA71) (942),bwa (DA71) (942),2822953,942
,,0,2023-05-13T12:43:20.025536841Z,2023-06-12T12:43:20.025536841Z,2023-06-06T17:01:19.531603755Z,799.2974,docker_cpu_usage_pct,bwa (DA71) (942),bwa (DA71) (942),2822953,942
,,0,2023-05-13T12:43:20.025536841Z,2023-06-12T12:43:20.025536841Z,2023-06-06T17:01:21.53142402Z,797.4967,docker_cpu_usage_pct,bwa (DA71) (942),bwa (DA71) (942),2822953,942
,,0,2023-05-13T12:43:20.025536841Z,2023-06-12T12:43:20.025536841Z,2023-06-06T17:01:24.531694775Z,799.1386,docker_cpu_usage_pct,bwa (DA71) (942),bwa (DA71) (942),2822953,942
,,0,2023-05-13T12:43:20.025536841Z,2023-06-12T12:43:20.025536841Z,2023-06-06T17:01:27.541303478Z,748.2556,docker_cpu_usage_pct,bwa (DA71) (942),bwa (DA71) (942),2822953,942
,,0,2023-05-13T12:43:20.025536841Z,2023-06-12T12:43:20.025536841Z,2023-06-06T17:01:30.537262213Z,782.954,docker_cpu_usage_pct,bwa (DA71) (942),bwa (DA71) (942),2822953,942
,,0,2023-05-13T12:43:20.025536841Z,2023-06-12T12:43:20.025536841Z,2023-06-06T17:01:33.541279155Z,790.4515,docker_cpu_usage_pct,bwa (DA71) (942),bwa (DA71) (942),2822953,942
,,0,2023-05-13T12:43:20.025536841Z,2023-06-12T12:43:20.025536841Z,2023-06-06T17:01:36.541319067Z,780.9997,docker_cpu_usage_pct,bwa (DA71) (942),bwa (DA71) (942),2822953,942
,,0,2023-05-13T12:43:20.025536841Z,2023-06-12T12:43:20.025536841Z,2023-06-06T17:01:40.541097796Z,794.6397,docker_cpu_usage_pct,bwa (DA71) (942),bwa (DA71) (942),2822953,942
,,0,2023-05-13T12:43:20.025536841Z,2023-06-12T12:43:20.025536841Z,2023-06-06T17:01:43.53308492Z,792.1868,docker_cpu_usage_pct,bwa (DA71) (942),bwa (DA71) (942),2822953,942
,,0,2023-05-13T12:43:20.025536841Z,2023-06-12T12:43:20.025536841Z,2023-06-06T17:01:46.544990565Z,797.5961,docker_cpu_usage_pct,bwa (DA71) (942),bwa (DA71) (942),2822953,942
,,0,2023-05-13T12:43:20.025536841Z,2023-06-12T12:43:20.025536841Z,2023-06-06T17:01:49.545071807Z,729.4843,docker_cpu_usage_pct,bwa (DA71) (942),bwa (DA71) (942),2822953,942
,,0,2023-05-13T12:43:20.025536841Z,2023-06-12T12:43:20.025536841Z,2023-06-06T17:01:51.531852602Z,698.958,docker_cpu_usage_pct,bwa (DA71) (942),bwa (DA71) (942),2822953,942
,,0,2023-05-13T12:43:20.025536841Z,2023-06-12T12:43:20.025536841Z,2023-06-06T17:01:53.531645271Z,553.3427,docker_cpu_usage_pct,bwa (DA71) (942),bwa (DA71) (942),2822953,942
,,0,2023-05-13T12:43:20.025536841Z,2023-06-12T12:43:20.025536841Z,2023-06-06T17:01:55.532369932Z,255.7633,docker_cpu_usage_pct,bwa (DA71) (942),bwa (DA71) (942),2822953,942
,,0,2023-05-13T12:43:20.025536841Z,2023-06-12T12:43:20.025536841Z,2023-06-06T17:01:57.532190758Z,140.6714,docker_cpu_usage_pct,bwa (DA71) (942),bwa (DA71) (942),2822953,942
,,0,2023-05-13T12:43:20.025536841Z,2023-06-12T12:43:20.025536841Z,2023-06-06T17:01:59.531981656Z,799.3502,docker_cpu_usage_pct,bwa (DA71) (942),bwa (DA71) (942),2822953,942
,,0,2023-05-13T12:43:20.025536841Z,2023-06-12T12:43:20.025536841Z,2023-06-06T17:02:02.533009493Z,773.1581,docker_cpu_usage_pct,bwa (DA71) (942),bwa (DA71) (942),2822953,942
,,0,2023-05-13T12:43:20.025536841Z,2023-06-12T12:43:20.025536841Z,2023-06-06T17:02:05.532302215Z,799.1079,docker_cpu_usage_pct,bwa (DA71) (942),bwa (DA71) (942),2822953,942
,,0,2023-05-13T12:43:20.025536841Z,2023-06-12T12:43:20.025536841Z,2023-06-06T17:02:08.532140573Z,797.9581,docker_cpu_usage_pct,bwa (DA71) (942),bwa (DA71) (942),2822953,942
,,0,2023-05-13T12:43:20.025536841Z,2023-06-12T12:43:20.025536841Z,2023-06-06T17:02:10.531801297Z,797.7057,docker_cpu_usage_pct,bwa (DA71) (942),bwa (DA71) (942),2822953,942
,,0,2023-05-13T12:43:20.025536841Z,2023-06-12T12:43:20.025536841Z,2023-06-06T17:02:13.531796666Z,757.1586,docker_cpu_usage_pct,bwa (DA71) (942),bwa (DA71) (942),2822953,942
,,0,2023-05-13T12:43:20.025536841Z,2023-06-12T12:43:20.025536841Z,2023-06-06T17:02:16.545123675Z,785.1023,docker_cpu_usage_pct,bwa (DA71) (942),bwa (DA71) (942),2822953,942
,,0,2023-05-13T12:43:20.025536841Z,2023-06-12T12:43:20.025536841Z,2023-06-06T17:02:19.541075726Z,779.7651,docker_cpu_usage_pct,bwa (DA71) (942),bwa (DA71) (942),2822953,942
,,0,2023-05-13T12:43:20.025536841Z,2023-06-12T12:43:20.025536841Z,2023-06-06T17:02:22.537341104Z,798.1272,docker_cpu_usage_pct,bwa (DA71) (942),bwa (DA71) (942),2822953,942
,,0,2023-05-13T12:43:20.025536841Z,2023-06-12T12:43:20.025536841Z,2023-06-06T17:02:24.5316426Z,798.2885,docker_cpu_usage_pct,bwa (DA71) (942),bwa (DA71) (942),2822953,942
,,0,2023-05-13T12:43:20.025536841Z,2023-06-12T12:43:20.025536841Z,2023-06-06T17:02:26.532413966Z,795.6346,docker_cpu_usage_pct,bwa (DA71) (942),bwa (DA71) (942),2822953,942
,,0,2023-05-13T12:43:20.025536841Z,2023-06-12T12:43:20.025536841Z,2023-06-06T17:02:28.53393435Z,794.2821,docker_cpu_usage_pct,bwa (DA71) (942),bwa (DA71) (942),2822953,942
,,0,2023-05-13T12:43:20.025536841Z,2023-06-12T12:43:20.025536841Z,2023-06-06T17:02:30.545095512Z,800.1977,docker_cpu_usage_pct,bwa (DA71) (942),bwa (DA71) (942),2822953,942
,,0,2023-05-13T12:43:20.025536841Z,2023-06-12T12:43:20.025536841Z,2023-06-06T17:02:33.545142278Z,794.4448,docker_cpu_usage_pct,bwa (DA71) (942),bwa (DA71) (942),2822953,942
,,0,2023-05-13T12:43:20.025536841Z,2023-06-12T12:43:20.025536841Z,2023-06-06T17:02:37.531863105Z,791.3214,docker_cpu_usage_pct,bwa (DA71) (942),bwa (DA71) (942),2822953,942
,,0,2023-05-13T12:43:20.025536841Z,2023-06-12T12:43:20.025536841Z,2023-06-06T17:02:40.531849761Z,793.6435,docker_cpu_usage_pct,bwa (DA71) (942),bwa (DA71) (942),2822953,942
,,0,2023-05-13T12:43:20.025536841Z,2023-06-12T12:43:20.025536841Z,2023-06-06T17:02:42.540986763Z,795.8709,docker_cpu_usage_pct,bwa (DA71) (942),bwa (DA71) (942),2822953,942
,,0,2023-05-13T12:43:20.025536841Z,2023-06-12T12:43:20.025536841Z,2023-06-06T17:02:44.531972375Z,798.6553,docker_cpu_usage_pct,bwa (DA71) (942),bwa (DA71) (942),2822953,942
,,0,2023-05-13T12:43:20.025536841Z,2023-06-12T12:43:20.025536841Z,2023-06-06T17:02:46.537063375Z,799.6875,docker_cpu_usage_pct,bwa (DA71) (942),bwa (DA71) (942),2822953,942
,,0,2023-05-13T12:43:20.025536841Z,2023-06-12T12:43:20.025536841Z,2023-06-06T17:02:49.531804319Z,737.1023,docker_cpu_usage_pct,bwa (DA71) (942),bwa (DA71) (942),2822953,942
,,0,2023-05-13T12:43:20.025536841Z,2023-06-12T12:43:20.025536841Z,2023-06-06T17:02:51.531571023Z,567.346,docker_cpu_usage_pct,bwa (DA71) (942),bwa (DA71) (942),2822953,942
,,0,2023-05-13T12:43:20.025536841Z,2023-06-12T12:43:20.025536841Z,2023-06-06T17:02:53.532392412Z,303.45,docker_cpu_usage_pct,bwa (DA71) (942),bwa (DA71) (942),2822953,942
,,0,2023-05-13T12:43:20.025536841Z,2023-06-12T12:43:20.025536841Z,2023-06-06T17:02:55.532004845Z,100.113,docker_cpu_usage_pct,bwa (DA71) (942),bwa (DA71) (942),2822953,942
,,0,2023-05-13T12:43:20.025536841Z,2023-06-12T12:43:20.025536841Z,2023-06-06T17:02:58.541110052Z,329.0737,docker_cpu_usage_pct,bwa (DA71) (942),bwa (DA71) (942),2822953,942
,,0,2023-05-13T12:43:20.025536841Z,2023-06-12T12:43:20.025536841Z,2023-06-06T17:03:01.541080441Z,801.0242,docker_cpu_usage_pct,bwa (DA71) (942),bwa (DA71) (942),2822953,942
,,0,2023-05-13T12:43:20.025536841Z,2023-06-12T12:43:20.025536841Z,2023-06-06T17:03:04.537293179Z,794.7254,docker_cpu_usage_pct,bwa (DA71) (942),bwa (DA71) (942),2822953,942
,,0,2023-05-13T12:43:20.025536841Z,2023-06-12T12:43:20.025536841Z,2023-06-06T17:03:07.53955435Z,797.8312,docker_cpu_usage_pct,bwa (DA71) (942),bwa (DA71) (942),2822953,942
,,0,2023-05-13T12:43:20.025536841Z,2023-06-12T12:43:20.025536841Z,2023-06-06T17:03:10.541362863Z,798.4155,docker_cpu_usage_pct,bwa (DA71) (942),bwa (DA71) (942),2822953,942
,,0,2023-05-13T12:43:20.025536841Z,2023-06-12T12:43:20.025536841Z,2023-06-06T17:03:13.53574371Z,793.8805,docker_cpu_usage_pct,bwa (DA71) (942),bwa (DA71) (942),2822953,942
,,0,2023-05-13T12:43:20.025536841Z,2023-06-12T12:43:20.025536841Z,2023-06-06T17:03:16.537312484Z,795.6437,docker_cpu_usage_pct,bwa (DA71) (942),bwa (DA71) (942),2822953,942
,,0,2023-05-13T12:43:20.025536841Z,2023-06-12T12:43:20.025536841Z,2023-06-06T17:03:19.541263469Z,793.6658,docker_cpu_usage_pct,bwa (DA71) (942),bwa (DA71) (942),2822953,942
,,0,2023-05-13T12:43:20.025536841Z,2023-06-12T12:43:20.025536841Z,2023-06-06T17:03:22.541329976Z,797.5902,docker_cpu_usage_pct,bwa (DA71) (942),bwa (DA71) (942),2822953,942
,,0,2023-05-13T12:43:20.025536841Z,2023-06-12T12:43:20.025536841Z,2023-06-06T17:03:25.541315067Z,796.4027,docker_cpu_usage_pct,bwa (DA71) (942),bwa (DA71) (942),2822953,942
,,0,2023-05-13T12:43:20.025536841Z,2023-06-12T12:43:20.025536841Z,2023-06-06T17:03:28.541284441Z,787.629,docker_cpu_usage_pct,bwa (DA71) (942),bwa (DA71) (942),2822953,942
,,0,2023-05-13T12:43:20.025536841Z,2023-06-12T12:43:20.025536841Z,2023-06-06T17:03:31.531656721Z,795.2235,docker_cpu_usage_pct,bwa (DA71) (942),bwa (DA71) (942),2822953,942
,,0,2023-05-13T12:43:20.025536841Z,2023-06-12T12:43:20.025536841Z,2023-06-06T17:03:32.53222045Z,799.7984,docker_cpu_usage_pct,bwa (DA71) (942),bwa (DA71) (942),2822953,942
,,0,2023-05-13T12:43:20.025536841Z,2023-06-12T12:43:20.025536841Z,2023-06-06T17:03:35.531964754Z,798.5508,docker_cpu_usage_pct,bwa (DA71) (942),bwa (DA71) (942),2822953,942
,,0,2023-05-13T12:43:20.025536841Z,2023-06-12T12:43:20.025536841Z,2023-06-06T17:03:37.531754794Z,799.7163,docker_cpu_usage_pct,bwa (DA71) (942),bwa (DA71) (942),2822953,942
,,0,2023-05-13T12:43:20.025536841Z,2023-06-12T12:43:20.025536841Z,2023-06-06T17:03:39.535065345Z,795.163,docker_cpu_usage_pct,bwa (DA71) (942),bwa (DA71) (942),2822953,942
,,0,2023-05-13T12:43:20.025536841Z,2023-06-12T12:43:20.025536841Z,2023-06-06T17:03:41.533308929Z,797.9113,docker_cpu_usage_pct,bwa (DA71) (942),bwa (DA71) (942),2822953,942
,,0,2023-05-13T12:43:20.025536841Z,2023-06-12T12:43:20.025536841Z,2023-06-06T17:03:43.541167134Z,790.5119,docker_cpu_usage_pct,bwa (DA71) (942),bwa (DA71) (942),2822953,942
,,0,2023-05-13T12:43:20.025536841Z,2023-06-12T12:43:20.025536841Z,2023-06-06T17:03:45.531760231Z,758.2982,docker_cpu_usage_pct,bwa (DA71) (942),bwa (DA71) (942),2822953,942
,,0,2023-05-13T12:43:20.025536841Z,2023-06-12T12:43:20.025536841Z,2023-06-06T17:03:47.532459523Z,311.919,docker_cpu_usage_pct,bwa (DA71) (942),bwa (DA71) (942),2822953,942
,,0,2023-05-13T12:43:20.025536841Z,2023-06-12T12:43:20.025536841Z,2023-06-06T17:03:49.531767561Z,163.6934,docker_cpu_usage_pct,bwa (DA71) (942),bwa (DA71) (942),2822953,942
,,0,2023-05-13T12:43:20.025536841Z,2023-06-12T12:43:20.025536841Z,2023-06-06T17:03:51.541100673Z,559.8269,docker_cpu_usage_pct,bwa (DA71) (942),bwa (DA71) (942),2822953,942
,,0,2023-05-13T12:43:20.025536841Z,2023-06-12T12:43:20.025536841Z,2023-06-06T17:03:55.541122196Z,785.1635,docker_cpu_usage_pct,bwa (DA71) (942),bwa (DA71) (942),2822953,942
,,0,2023-05-13T12:43:20.025536841Z,2023-06-12T12:43:20.025536841Z,2023-06-06T17:03:58.54507596Z,783.2584,docker_cpu_usage_pct,bwa (DA71) (942),bwa (DA71) (942),2822953,942
,,0,2023-05-13T12:43:20.025536841Z,2023-06-12T12:43:20.025536841Z,2023-06-06T17:04:01.545108555Z,791.2494,docker_cpu_usage_pct,bwa (DA71) (942),bwa (DA71) (942),2822953,942
,,0,2023-05-13T12:43:20.025536841Z,2023-06-12T12:43:20.025536841Z,2023-06-06T17:04:04.541138488Z,800.5184,docker_cpu_usage_pct,bwa (DA71) (942),bwa (DA71) (942),2822953,942
,,0,2023-05-13T12:43:20.025536841Z,2023-06-12T12:43:20.025536841Z,2023-06-06T17:04:07.531738544Z,797.7203,docker_cpu_usage_pct,bwa (DA71) (942),bwa (DA71) (942),2822953,942
,,0,2023-05-13T12:43:20.025536841Z,2023-06-12T12:43:20.025536841Z,2023-06-06T17:04:10.531851949Z,758.5949,docker_cpu_usage_pct,bwa (DA71) (942),bwa (DA71) (942),2822953,942
,,0,2023-05-13T12:43:20.025536841Z,2023-06-12T12:43:20.025536841Z,2023-06-06T17:04:13.537187649Z,775.1267,docker_cpu_usage_pct,bwa (DA71) (942),bwa (DA71) (942),2822953,942
,,0,2023-05-13T12:43:20.025536841Z,2023-06-12T12:43:20.025536841Z,2023-06-06T17:04:16.531445157Z,799.2278,docker_cpu_usage_pct,bwa (DA71) (942),bwa (DA71) (942),2822953,942
,,0,2023-05-13T12:43:20.025536841Z,2023-06-12T12:43:20.025536841Z,2023-06-06T17:04:18.533118515Z,794.997,docker_cpu_usage_pct,bwa (DA71) (942),bwa (DA71) (942),2822953,942
,,0,2023-05-13T12:43:20.025536841Z,2023-06-12T12:43:20.025536841Z,2023-06-06T17:04:20.545151147Z,797.0667,docker_cpu_usage_pct,bwa (DA71) (942),bwa (DA71) (942),2822953,942
,,0,2023-05-13T12:43:20.025536841Z,2023-06-12T12:43:20.025536841Z,2023-06-06T17:04:23.541357997Z,793.2326,docker_cpu_usage_pct,bwa (DA71) (942),bwa (DA71) (942),2822953,942
,,0,2023-05-13T12:43:20.025536841Z,2023-06-12T12:43:20.025536841Z,2023-06-06T17:04:26.533654965Z,792.495,docker_cpu_usage_pct,bwa (DA71) (942),bwa (DA71) (942),2822953,942
,,0,2023-05-13T12:43:20.025536841Z,2023-06-12T12:43:20.025536841Z,2023-06-06T17:04:29.532361886Z,796.5229,docker_cpu_usage_pct,bwa (DA71) (942),bwa (DA71) (942),2822953,942
,,0,2023-05-13T12:43:20.025536841Z,2023-06-12T12:43:20.025536841Z,2023-06-06T17:04:31.545103524Z,797.026,docker_cpu_usage_pct,bwa (DA71) (942),bwa (DA71) (942),2822953,942
,,0,2023-05-13T12:43:20.025536841Z,2023-06-12T12:43:20.025536841Z,2023-06-06T17:04:34.537353629Z,796.0522,docker_cpu_usage_pct,bwa (DA71) (942),bwa (DA71) (942),2822953,942
,,0,2023-05-13T12:43:20.025536841Z,2023-06-12T12:43:20.025536841Z,2023-06-06T17:04:37.532275239Z,800.9221,docker_cpu_usage_pct,bwa (DA71) (942),bwa (DA71) (942),2822953,942
,,0,2023-05-13T12:43:20.025536841Z,2023-06-12T12:43:20.025536841Z,2023-06-06T17:04:40.532146904Z,699.8553,docker_cpu_usage_pct,bwa (DA71) (942),bwa (DA71) (942),2822953,942
,,0,2023-05-13T12:43:20.025536841Z,2023-06-12T12:43:20.025536841Z,2023-06-06T17:04:42.532030651Z,499.5208,docker_cpu_usage_pct,bwa (DA71) (942),bwa (DA71) (942),2822953,942
,,0,2023-05-13T12:43:20.025536841Z,2023-06-12T12:43:20.025536841Z,2023-06-06T17:04:44.545139262Z,274.6053,docker_cpu_usage_pct,bwa (DA71) (942),bwa (DA71) (942),2822953,942
,,0,2023-05-13T12:43:20.025536841Z,2023-06-12T12:43:20.025536841Z,2023-06-06T17:04:46.531798665Z,765.3434,docker_cpu_usage_pct,bwa (DA71) (942),bwa (DA71) (942),2822953,942
,,0,2023-05-13T12:43:20.025536841Z,2023-06-12T12:43:20.025536841Z,2023-06-06T17:04:49.531944501Z,749.3823,docker_cpu_usage_pct,bwa (DA71) (942),bwa (DA71) (942),2822953,942
,,0,2023-05-13T12:43:20.025536841Z,2023-06-12T12:43:20.025536841Z,2023-06-06T17:04:52.531772359Z,723.817,docker_cpu_usage_pct,bwa (DA71) (942),bwa (DA71) (942),2822953,942
,,0,2023-05-13T12:43:20.025536841Z,2023-06-12T12:43:20.025536841Z,2023-06-06T17:04:55.531862115Z,734.3367,docker_cpu_usage_pct,bwa (DA71) (942),bwa (DA71) (942),2822953,942
,,0,2023-05-13T12:43:20.025536841Z,2023-06-12T12:43:20.025536841Z,2023-06-06T17:04:58.531819658Z,777.0282,docker_cpu_usage_pct,bwa (DA71) (942),bwa (DA71) (942),2822953,942
,,0,2023-05-13T12:43:20.025536841Z,2023-06-12T12:43:20.025536841Z,2023-06-06T17:05:01.531716369Z,788.9412,docker_cpu_usage_pct,bwa (DA71) (942),bwa (DA71) (942),2822953,942
,,0,2023-05-13T12:43:20.025536841Z,2023-06-12T12:43:20.025536841Z,2023-06-06T17:05:03.531719937Z,799.6798,docker_cpu_usage_pct,bwa (DA71) (942),bwa (DA71) (942),2822953,942
,,0,2023-05-13T12:43:20.025536841Z,2023-06-12T12:43:20.025536841Z,2023-06-06T17:05:05.541321744Z,791.1199,docker_cpu_usage_pct,bwa (DA71) (942),bwa (DA71) (942),2822953,942
,,0,2023-05-13T12:43:20.025536841Z,2023-06-12T12:43:20.025536841Z,2023-06-06T17:05:08.541436949Z,782.6241,docker_cpu_usage_pct,bwa (DA71) (942),bwa (DA71) (942),2822953,942
,,0,2023-05-13T12:43:20.025536841Z,2023-06-12T12:43:20.025536841Z,2023-06-06T17:05:11.537086373Z,796.3236,docker_cpu_usage_pct,bwa (DA71) (942),bwa (DA71) (942),2822953,942
,,0,2023-05-13T12:43:20.025536841Z,2023-06-12T12:43:20.025536841Z,2023-06-06T17:05:13.533342098Z,794.5275,docker_cpu_usage_pct,bwa (DA71) (942),bwa (DA71) (942),2822953,942
,,0,2023-05-13T12:43:20.025536841Z,2023-06-12T12:43:20.025536841Z,2023-06-06T17:05:15.545080496Z,797.6391,docker_cpu_usage_pct,bwa (DA71) (942),bwa (DA71) (942),2822953,942
,,0,2023-05-13T12:43:20.025536841Z,2023-06-12T12:43:20.025536841Z,2023-06-06T17:05:17.532220913Z,760.4224,docker_cpu_usage_pct,bwa (DA71) (942),bwa (DA71) (942),2822953,942
,,0,2023-05-13T12:43:20.025536841Z,2023-06-12T12:43:20.025536841Z,2023-06-06T17:05:20.545118468Z,719.3991,docker_cpu_usage_pct,bwa (DA71) (942),bwa (DA71) (942),2822953,942
,,0,2023-05-13T12:43:20.025536841Z,2023-06-12T12:43:20.025536841Z,2023-06-06T17:05:23.54105292Z,718.86,docker_cpu_usage_pct,bwa (DA71) (942),bwa (DA71) (942),2822953,942
,,0,2023-05-13T12:43:20.025536841Z,2023-06-12T12:43:20.025536841Z,2023-06-06T17:05:26.541150182Z,727.7218,docker_cpu_usage_pct,bwa (DA71) (942),bwa (DA71) (942),2822953,942
,,0,2023-05-13T12:43:20.025536841Z,2023-06-12T12:43:20.025536841Z,2023-06-06T17:05:29.54111461Z,776.7135,docker_cpu_usage_pct,bwa (DA71) (942),bwa (DA71) (942),2822953,942
,,0,2023-05-13T12:43:20.025536841Z,2023-06-12T12:43:20.025536841Z,2023-06-06T17:05:32.541319354Z,571.1569,docker_cpu_usage_pct,bwa (DA71) (942),bwa (DA71) (942),2822953,942
,,0,2023-05-13T12:43:20.025536841Z,2023-06-12T12:43:20.025536841Z,2023-06-06T17:05:34.533533792Z,372.0551,docker_cpu_usage_pct,bwa (DA71) (942),bwa (DA71) (942),2822953,942
,,0,2023-05-13T12:43:20.025536841Z,2023-06-12T12:43:20.025536841Z,2023-06-06T17:05:36.53725854Z,99.9089,docker_cpu_usage_pct,bwa (DA71) (942),bwa (DA71) (942),2822953,942
,,0,2023-05-13T12:43:20.025536841Z,2023-06-12T12:43:20.025536841Z,2023-06-06T17:05:38.537450675Z,793.6483,docker_cpu_usage_pct,bwa (DA71) (942),bwa (DA71) (942),2822953,942
,,0,2023-05-13T12:43:20.025536841Z,2023-06-12T12:43:20.025536841Z,2023-06-06T17:05:40.5319352Z,797.3258,docker_cpu_usage_pct,bwa (DA71) (942),bwa (DA71) (942),2822953,942
,,0,2023-05-13T12:43:20.025536841Z,2023-06-12T12:43:20.025536841Z,2023-06-06T17:05:43.531784122Z,799.3193,docker_cpu_usage_pct,bwa (DA71) (942),bwa (DA71) (942),2822953,942
,,0,2023-05-13T12:43:20.025536841Z,2023-06-12T12:43:20.025536841Z,2023-06-06T17:05:46.531783967Z,795.9038,docker_cpu_usage_pct,bwa (DA71) (942),bwa (DA71) (942),2822953,942
,,0,2023-05-13T12:43:20.025536841Z,2023-06-12T12:43:20.025536841Z,2023-06-06T17:05:49.54510409Z,797.7461,docker_cpu_usage_pct,bwa (DA71) (942),bwa (DA71) (942),2822953,942
,,0,2023-05-13T12:43:20.025536841Z,2023-06-12T12:43:20.025536841Z,2023-06-06T17:05:51.541089217Z,781.0136,docker_cpu_usage_pct,bwa (DA71) (942),bwa (DA71) (942),2822953,942
,,0,2023-05-13T12:43:20.025536841Z,2023-06-12T12:43:20.025536841Z,2023-06-06T17:05:54.545079797Z,796.2688,docker_cpu_usage_pct,bwa (DA71) (942),bwa (DA71) (942),2822953,942
,,0,2023-05-13T12:43:20.025536841Z,2023-06-12T12:43:20.025536841Z,2023-06-06T17:05:57.533128814Z,798.8341,docker_cpu_usage_pct,bwa (DA71) (942),bwa (DA71) (942),2822953,942
,,0,2023-05-13T12:43:20.025536841Z,2023-06-12T12:43:20.025536841Z,2023-06-06T17:05:59.541381999Z,798.735,docker_cpu_usage_pct,bwa (DA71) (942),bwa (DA71) (942),2822953,942
,,0,2023-05-13T12:43:20.025536841Z,2023-06-12T12:43:20.025536841Z,2023-06-06T17:06:01.532163663Z,757.6198,docker_cpu_usage_pct,bwa (DA71) (942),bwa (DA71) (942),2822953,942
,,0,2023-05-13T12:43:20.025536841Z,2023-06-12T12:43:20.025536841Z,2023-06-06T17:06:04.545158906Z,796.5132,docker_cpu_usage_pct,bwa (DA71) (942),bwa (DA71) (942),2822953,942
,,0,2023-05-13T12:43:20.025536841Z,2023-06-12T12:43:20.025536841Z,2023-06-06T17:06:07.545103418Z,794.9292,docker_cpu_usage_pct,bwa (DA71) (942),bwa (DA71) (942),2822953,942
,,0,2023-05-13T12:43:20.025536841Z,2023-06-12T12:43:20.025536841Z,2023-06-06T17:06:10.545097278Z,788.901,docker_cpu_usage_pct,bwa (DA71) (942),bwa (DA71) (942),2822953,942
,,0,2023-05-13T12:43:20.025536841Z,2023-06-12T12:43:20.025536841Z,2023-06-06T17:06:13.53311445Z,787.475,docker_cpu_usage_pct,bwa (DA71) (942),bwa (DA71) (942),2822953,942
,,0,2023-05-13T12:43:20.025536841Z,2023-06-12T12:43:20.025536841Z,2023-06-06T17:06:16.545190566Z,797.3831,docker_cpu_usage_pct,bwa (DA71) (942),bwa (DA71) (942),2822953,942
,,0,2023-05-13T12:43:20.025536841Z,2023-06-12T12:43:20.025536841Z,2023-06-06T17:06:19.541113921Z,792.7823,docker_cpu_usage_pct,bwa (DA71) (942),bwa (DA71) (942),2822953,942
,,0,2023-05-13T12:43:20.025536841Z,2023-06-12T12:43:20.025536841Z,2023-06-06T17:06:22.533623536Z,797.1247,docker_cpu_usage_pct,bwa (DA71) (942),bwa (DA71) (942),2822953,942
,,0,2023-05-13T12:43:20.025536841Z,2023-06-12T12:43:20.025536841Z,2023-06-06T17:06:25.531810407Z,556.9327,docker_cpu_usage_pct,bwa (DA71) (942),bwa (DA71) (942),2822953,942
,,0,2023-05-13T12:43:20.025536841Z,2023-06-12T12:43:20.025536841Z,2023-06-06T17:06:27.531642997Z,470.7502,docker_cpu_usage_pct,bwa (DA71) (942),bwa (DA71) (942),2822953,942
,,0,2023-05-13T12:43:20.025536841Z,2023-06-12T12:43:20.025536841Z,2023-06-06T17:06:29.531462333Z,365.3559,docker_cpu_usage_pct,bwa (DA71) (942),bwa (DA71) (942),2822953,942
,,0,2023-05-13T12:43:20.025536841Z,2023-06-12T12:43:20.025536841Z,2023-06-06T17:06:31.532232007Z,199.974,docker_cpu_usage_pct,bwa (DA71) (942),bwa (DA71) (942),2822953,942
,,0,2023-05-13T12:43:20.025536841Z,2023-06-12T12:43:20.025536841Z,2023-06-06T17:06:33.531728189Z,100.1526,docker_cpu_usage_pct,bwa (DA71) (942),bwa (DA71) (942),2822953,942
,,0,2023-05-13T12:43:20.025536841Z,2023-06-12T12:43:20.025536841Z,2023-06-06T17:06:35.545119986Z,100.0784,docker_cpu_usage_pct,bwa (DA71) (942),bwa (DA71) (942),2822953,942
,,0,2023-05-13T12:43:20.025536841Z,2023-06-12T12:43:20.025536841Z,2023-06-06T17:06:37.531739437Z,797.5732,docker_cpu_usage_pct,bwa (DA71) (942),bwa (DA71) (942),2822953,942
,,0,2023-05-13T12:43:20.025536841Z,2023-06-12T12:43:20.025536841Z,2023-06-06T17:06:39.537396045Z,798.1696,docker_cpu_usage_pct,bwa (DA71) (942),bwa (DA71) (942),2822953,942
,,0,2023-05-13T12:43:20.025536841Z,2023-06-12T12:43:20.025536841Z,2023-06-06T17:06:41.53190719Z,802.5336,docker_cpu_usage_pct,bwa (DA71) (942),bwa (DA71) (942),2822953,942
,,0,2023-05-13T12:43:20.025536841Z,2023-06-12T12:43:20.025536841Z,2023-06-06T17:06:43.531776151Z,803.9443,docker_cpu_usage_pct,bwa (DA71) (942),bwa (DA71) (942),2822953,942
,,0,2023-05-13T12:43:20.025536841Z,2023-06-12T12:43:20.025536841Z,2023-06-06T17:06:45.541181549Z,800.5891,docker_cpu_usage_pct,bwa (DA71) (942),bwa (DA71) (942),2822953,942
,,0,2023-05-13T12:43:20.025536841Z,2023-06-12T12:43:20.025536841Z,2023-06-06T17:06:49.545190062Z,762.3169,docker_cpu_usage_pct,bwa (DA71) (942),bwa (DA71) (942),2822953,942
,,0,2023-05-13T12:43:20.025536841Z,2023-06-12T12:43:20.025536841Z,2023-06-06T17:06:51.545045641Z,750.9001,docker_cpu_usage_pct,bwa (DA71) (942),bwa (DA71) (942),2822953,942
,,0,2023-05-13T12:43:20.025536841Z,2023-06-12T12:43:20.025536841Z,2023-06-06T17:06:55.541049875Z,751.6757,docker_cpu_usage_pct,bwa (DA71) (942),bwa (DA71) (942),2822953,942
,,0,2023-05-13T12:43:20.025536841Z,2023-06-12T12:43:20.025536841Z,2023-06-06T17:06:58.545071144Z,776.6409,docker_cpu_usage_pct,bwa (DA71) (942),bwa (DA71) (942),2822953,942
,,0,2023-05-13T12:43:20.025536841Z,2023-06-12T12:43:20.025536841Z,2023-06-06T17:07:01.532116612Z,758.4257,docker_cpu_usage_pct,bwa (DA71) (942),bwa (DA71) (942),2822953,942
,,0,2023-05-13T12:43:20.025536841Z,2023-06-12T12:43:20.025536841Z,2023-06-06T17:07:04.531735624Z,771.7831,docker_cpu_usage_pct,bwa (DA71) (942),bwa (DA71) (942),2822953,942
,,0,2023-05-13T12:43:20.025536841Z,2023-06-12T12:43:20.025536841Z,2023-06-06T17:07:07.540427128Z,770.2879,docker_cpu_usage_pct,bwa (DA71) (942),bwa (DA71) (942),2822953,942
,,0,2023-05-13T12:43:20.025536841Z,2023-06-12T12:43:20.025536841Z,2023-06-06T17:07:10.531953256Z,764.6762,docker_cpu_usage_pct,bwa (DA71) (942),bwa (DA71) (942),2822953,942
,,0,2023-05-13T12:43:20.025536841Z,2023-06-12T12:43:20.025536841Z,2023-06-06T17:07:13.531753049Z,736.9973,docker_cpu_usage_pct,bwa (DA71) (942),bwa (DA71) (942),2822953,942
,,0,2023-05-13T12:43:20.025536841Z,2023-06-12T12:43:20.025536841Z,2023-06-06T17:07:16.531760567Z,775.3249,docker_cpu_usage_pct,bwa (DA71) (942),bwa (DA71) (942),2822953,942
,,0,2023-05-13T12:43:20.025536841Z,2023-06-12T12:43:20.025536841Z,2023-06-06T17:07:19.531761139Z,756.8704,docker_cpu_usage_pct,bwa (DA71) (942),bwa (DA71) (942),2822953,942
,,0,2023-05-13T12:43:20.025536841Z,2023-06-12T12:43:20.025536841Z,2023-06-06T17:07:22.531775367Z,775.7378,docker_cpu_usage_pct,bwa (DA71) (942),bwa (DA71) (942),2822953,942
,,0,2023-05-13T12:43:20.025536841Z,2023-06-12T12:43:20.025536841Z,2023-06-06T17:07:25.531732258Z,798.732,docker_cpu_usage_pct,bwa (DA71) (942),bwa (DA71) (942),2822953,942
,,0,2023-05-13T12:43:20.025536841Z,2023-06-12T12:43:20.025536841Z,2023-06-06T17:07:27.532318237Z,768.9387,docker_cpu_usage_pct,bwa (DA71) (942),bwa (DA71) (942),2822953,942
,,0,2023-05-13T12:43:20.025536841Z,2023-06-12T12:43:20.025536841Z,2023-06-06T17:07:29.533298855Z,364.8651,docker_cpu_usage_pct,bwa (DA71) (942),bwa (DA71) (942),2822953,942
,,0,2023-05-13T12:43:20.025536841Z,2023-06-12T12:43:20.025536841Z,2023-06-06T17:07:31.545103282Z,444.2558,docker_cpu_usage_pct,bwa (DA71) (942),bwa (DA71) (942),2822953,942
,,0,2023-05-13T12:43:20.025536841Z,2023-06-12T12:43:20.025536841Z,2023-06-06T17:07:33.531798132Z,737.9639,docker_cpu_usage_pct,bwa (DA71) (942),bwa (DA71) (942),2822953,942
,,0,2023-05-13T12:43:20.025536841Z,2023-06-12T12:43:20.025536841Z,2023-06-06T17:07:36.531796341Z,769.3268,docker_cpu_usage_pct,bwa (DA71) (942),bwa (DA71) (942),2822953,942
,,0,2023-05-13T12:43:20.025536841Z,2023-06-12T12:43:20.025536841Z,2023-06-06T17:07:39.531783893Z,734.9925,docker_cpu_usage_pct,bwa (DA71) (942),bwa (DA71) (942),2822953,942
,,0,2023-05-13T12:43:20.025536841Z,2023-06-12T12:43:20.025536841Z,2023-06-06T17:07:42.53174674Z,751.4557,docker_cpu_usage_pct,bwa (DA71) (942),bwa (DA71) (942),2822953,942
,,0,2023-05-13T12:43:20.025536841Z,2023-06-12T12:43:20.025536841Z,2023-06-06T17:07:45.532026762Z,795.4118,docker_cpu_usage_pct,bwa (DA71) (942),bwa (DA71) (942),2822953,942
,,0,2023-05-13T12:43:20.025536841Z,2023-06-12T12:43:20.025536841Z,2023-06-06T17:07:48.531785032Z,793.5234,docker_cpu_usage_pct,bwa (DA71) (942),bwa (DA71) (942),2822953,942
,,0,2023-05-13T12:43:20.025536841Z,2023-06-12T12:43:20.025536841Z,2023-06-06T17:07:50.531431357Z,798.0414,docker_cpu_usage_pct,bwa (DA71) (942),bwa (DA71) (942),2822953,942
,,0,2023-05-13T12:43:20.025536841Z,2023-06-12T12:43:20.025536841Z,2023-06-06T17:07:52.532335749Z,796.6709,docker_cpu_usage_pct,bwa (DA71) (942),bwa (DA71) (942),2822953,942
,,0,2023-05-13T12:43:20.025536841Z,2023-06-12T12:43:20.025536841Z,2023-06-06T17:07:54.545101302Z,798.3236,docker_cpu_usage_pct,bwa (DA71) (942),bwa (DA71) (942),2822953,942
,,0,2023-05-13T12:43:20.025536841Z,2023-06-12T12:43:20.025536841Z,2023-06-06T17:07:58.545084519Z,767.6791,docker_cpu_usage_pct,bwa (DA71) (942),bwa (DA71) (942),2822953,942
,,0,2023-05-13T12:43:20.025536841Z,2023-06-12T12:43:20.025536841Z,2023-06-06T17:08:01.541139445Z,798.7626,docker_cpu_usage_pct,bwa (DA71) (942),bwa (DA71) (942),2822953,942
,,0,2023-05-13T12:43:20.025536841Z,2023-06-12T12:43:20.025536841Z,2023-06-06T17:08:04.531859674Z,798.1714,docker_cpu_usage_pct,bwa (DA71) (942),bwa (DA71) (942),2822953,942
,,0,2023-05-13T12:43:20.025536841Z,2023-06-12T12:43:20.025536841Z,2023-06-06T17:08:07.545085902Z,788.9254,docker_cpu_usage_pct,bwa (DA71) (942),bwa (DA71) (942),2822953,942
,,0,2023-05-13T12:43:20.025536841Z,2023-06-12T12:43:20.025536841Z,2023-06-06T17:08:10.545023032Z,796.6809,docker_cpu_usage_pct,bwa (DA71) (942),bwa (DA71) (942),2822953,942
,,0,2023-05-13T12:43:20.025536841Z,2023-06-12T12:43:20.025536841Z,2023-06-06T17:08:13.531597714Z,797.8694,docker_cpu_usage_pct,bwa (DA71) (942),bwa (DA71) (942),2822953,942
,,0,2023-05-13T12:43:20.025536841Z,2023-06-12T12:43:20.025536841Z,2023-06-06T17:08:15.532355343Z,799.9115,docker_cpu_usage_pct,bwa (DA71) (942),bwa (DA71) (942),2822953,942
,,0,2023-05-13T12:43:20.025536841Z,2023-06-12T12:43:20.025536841Z,2023-06-06T17:08:17.532331204Z,799.5323,docker_cpu_usage_pct,bwa (DA71) (942),bwa (DA71) (942),2822953,942
,,0,2023-05-13T12:43:20.025536841Z,2023-06-12T12:43:20.025536841Z,2023-06-06T17:08:19.531946169Z,697.1389,docker_cpu_usage_pct,bwa (DA71) (942),bwa (DA71) (942),2822953,942
,,0,2023-05-13T12:43:20.025536841Z,2023-06-12T12:43:20.025536841Z,2023-06-06T17:08:22.531861964Z,355.462,docker_cpu_usage_pct,bwa (DA71) (942),bwa (DA71) (942),2822953,942
,,0,2023-05-13T12:43:20.025536841Z,2023-06-12T12:43:20.025536841Z,2023-06-06T17:08:24.53162538Z,99.4902,docker_cpu_usage_pct,bwa (DA71) (942),bwa (DA71) (942),2822953,942
,,0,2023-05-13T12:43:20.025536841Z,2023-06-12T12:43:20.025536841Z,2023-06-06T17:08:28.537262942Z,785.5469,docker_cpu_usage_pct,bwa (DA71) (942),bwa (DA71) (942),2822953,942
,,0,2023-05-13T12:43:20.025536841Z,2023-06-12T12:43:20.025536841Z,2023-06-06T17:08:31.531777028Z,792.5997,docker_cpu_usage_pct,bwa (DA71) (942),bwa (DA71) (942),2822953,942
,,0,2023-05-13T12:43:20.025536841Z,2023-06-12T12:43:20.025536841Z,2023-06-06T17:08:34.531842302Z,796.9849,docker_cpu_usage_pct,bwa (DA71) (942),bwa (DA71) (942),2822953,942
,,0,2023-05-13T12:43:20.025536841Z,2023-06-12T12:43:20.025536841Z,2023-06-06T17:08:36.54130764Z,798.0046,docker_cpu_usage_pct,bwa (DA71) (942),bwa (DA71) (942),2822953,942
,,0,2023-05-13T12:43:20.025536841Z,2023-06-12T12:43:20.025536841Z,2023-06-06T17:08:38.531651159Z,751.9484,docker_cpu_usage_pct,bwa (DA71) (942),bwa (DA71) (942),2822953,942
,,0,2023-05-13T12:43:20.025536841Z,2023-06-12T12:43:20.025536841Z,2023-06-06T17:08:41.531761006Z,776.6881,docker_cpu_usage_pct,bwa (DA71) (942),bwa (DA71) (942),2822953,942
,,0,2023-05-13T12:43:20.025536841Z,2023-06-12T12:43:20.025536841Z,2023-06-06T17:08:44.531673089Z,780.2822,docker_cpu_usage_pct,bwa (DA71) (942),bwa (DA71) (942),2822953,942
,,0,2023-05-13T12:43:20.025536841Z,2023-06-12T12:43:20.025536841Z,2023-06-06T17:08:47.53172661Z,766.9138,docker_cpu_usage_pct,bwa (DA71) (942),bwa (DA71) (942),2822953,942
,,0,2023-05-13T12:43:20.025536841Z,2023-06-12T12:43:20.025536841Z,2023-06-06T17:08:50.531852836Z,780.6279,docker_cpu_usage_pct,bwa (DA71) (942),bwa (DA71) (942),2822953,942
,,0,2023-05-13T12:43:20.025536841Z,2023-06-12T12:43:20.025536841Z,2023-06-06T17:08:52.531735538Z,796.4758,docker_cpu_usage_pct,bwa (DA71) (942),bwa (DA71) (942),2822953,942
,,0,2023-05-13T12:43:20.025536841Z,2023-06-12T12:43:20.025536841Z,2023-06-06T17:08:54.533243957Z,797.6966,docker_cpu_usage_pct,bwa (DA71) (942),bwa (DA71) (942),2822953,942
,,0,2023-05-13T12:43:20.025536841Z,2023-06-12T12:43:20.025536841Z,2023-06-06T17:08:56.531835669Z,798.1512,docker_cpu_usage_pct,bwa (DA71) (942),bwa (DA71) (942),2822953,942
,,0,2023-05-13T12:43:20.025536841Z,2023-06-12T12:43:20.025536841Z,2023-06-06T17:08:58.531608574Z,769.1509,docker_cpu_usage_pct,bwa (DA71) (942),bwa (DA71) (942),2822953,942
,,0,2023-05-13T12:43:20.025536841Z,2023-06-12T12:43:20.025536841Z,2023-06-06T17:09:00.531427607Z,798.4438,docker_cpu_usage_pct,bwa (DA71) (942),bwa (DA71) (942),2822953,942
,,0,2023-05-13T12:43:20.025536841Z,2023-06-12T12:43:20.025536841Z,2023-06-06T17:09:02.532211656Z,798.5606,docker_cpu_usage_pct,bwa (DA71) (942),bwa (DA71) (942),2822953,942
,,0,2023-05-13T12:43:20.025536841Z,2023-06-12T12:43:20.025536841Z,2023-06-06T17:09:04.531992408Z,801.1538,docker_cpu_usage_pct,bwa (DA71) (942),bwa (DA71) (942),2822953,942
,,0,2023-05-13T12:43:20.025536841Z,2023-06-12T12:43:20.025536841Z,2023-06-06T17:09:07.531698354Z,798.849,docker_cpu_usage_pct,bwa (DA71) (942),bwa (DA71) (942),2822953,942
,,0,2023-05-13T12:43:20.025536841Z,2023-06-12T12:43:20.025536841Z,2023-06-06T17:09:09.541390375Z,794.6958,docker_cpu_usage_pct,bwa (DA71) (942),bwa (DA71) (942),2822953,942
,,0,2023-05-13T12:43:20.025536841Z,2023-06-12T12:43:20.025536841Z,2023-06-06T17:09:11.531636044Z,710.1573,docker_cpu_usage_pct,bwa (DA71) (942),bwa (DA71) (942),2822953,942
,,0,2023-05-13T12:43:20.025536841Z,2023-06-12T12:43:20.025536841Z,2023-06-06T17:09:14.531762152Z,764.3075,docker_cpu_usage_pct,bwa (DA71) (942),bwa (DA71) (942),2822953,942
,,0,2023-05-13T12:43:20.025536841Z,2023-06-12T12:43:20.025536841Z,2023-06-06T17:09:17.531802539Z,752.9609,docker_cpu_usage_pct,bwa (DA71) (942),bwa (DA71) (942),2822953,942
,,0,2023-05-13T12:43:20.025536841Z,2023-06-12T12:43:20.025536841Z,2023-06-06T17:09:20.531676803Z,751.2985,docker_cpu_usage_pct,bwa (DA71) (942),bwa (DA71) (942),2822953,942
,,0,2023-05-13T12:43:20.025536841Z,2023-06-12T12:43:20.025536841Z,2023-06-06T17:09:23.531679424Z,736.3461,docker_cpu_usage_pct,bwa (DA71) (942),bwa (DA71) (942),2822953,942
,,0,2023-05-13T12:43:20.025536841Z,2023-06-12T12:43:20.025536841Z,2023-06-06T17:09:26.53150267Z,681.5697,docker_cpu_usage_pct,bwa (DA71) (942),bwa (DA71) (942),2822953,942
,,0,2023-05-13T12:43:20.025536841Z,2023-06-12T12:43:20.025536841Z,2023-06-06T17:09:28.532416735Z,545.9718,docker_cpu_usage_pct,bwa (DA71) (942),bwa (DA71) (942),2822953,942
,,0,2023-05-13T12:43:20.025536841Z,2023-06-12T12:43:20.025536841Z,2023-06-06T17:09:30.53164403Z,282.6995,docker_cpu_usage_pct,bwa (DA71) (942),bwa (DA71) (942),2822953,942
,,0,2023-05-13T12:43:20.025536841Z,2023-06-12T12:43:20.025536841Z,2023-06-06T17:09:32.531653586Z,312.532,docker_cpu_usage_pct,bwa (DA71) (942),bwa (DA71) (942),2822953,942
,,0,2023-05-13T12:43:20.025536841Z,2023-06-12T12:43:20.025536841Z,2023-06-06T17:09:36.541098824Z,781.0212,docker_cpu_usage_pct,bwa (DA71) (942),bwa (DA71) (942),2822953,942
,,0,2023-05-13T12:43:20.025536841Z,2023-06-12T12:43:20.025536841Z,2023-06-06T17:09:39.533029631Z,796.2803,docker_cpu_usage_pct,bwa (DA71) (942),bwa (DA71) (942),2822953,942
,,0,2023-05-13T12:43:20.025536841Z,2023-06-12T12:43:20.025536841Z,2023-06-06T17:09:41.541086277Z,799.6078,docker_cpu_usage_pct,bwa (DA71) (942),bwa (DA71) (942),2822953,942
,,0,2023-05-13T12:43:20.025536841Z,2023-06-12T12:43:20.025536841Z,2023-06-06T17:09:45.545164131Z,796.1756,docker_cpu_usage_pct,bwa (DA71) (942),bwa (DA71) (942),2822953,942
,,0,2023-05-13T12:43:20.025536841Z,2023-06-12T12:43:20.025536841Z,2023-06-06T17:09:48.531661351Z,793.5587,docker_cpu_usage_pct,bwa (DA71) (942),bwa (DA71) (942),2822953,942
,,0,2023-05-13T12:43:20.025536841Z,2023-06-12T12:43:20.025536841Z,2023-06-06T17:09:50.531522459Z,796.243,docker_cpu_usage_pct,bwa (DA71) (942),bwa (DA71) (942),2822953,942
,,0,2023-05-13T12:43:20.025536841Z,2023-06-12T12:43:20.025536841Z,2023-06-06T17:09:52.532052773Z,800.9262,docker_cpu_usage_pct,bwa (DA71) (942),bwa (DA71) (942),2822953,942
,,0,2023-05-13T12:43:20.025536841Z,2023-06-12T12:43:20.025536841Z,2023-06-06T17:09:54.531956963Z,799.554,docker_cpu_usage_pct,bwa (DA71) (942),bwa (DA71) (942),2822953,942
,,0,2023-05-13T12:43:20.025536841Z,2023-06-12T12:43:20.025536841Z,2023-06-06T17:09:56.531676082Z,798.2505,docker_cpu_usage_pct,bwa (DA71) (942),bwa (DA71) (942),2822953,942
,,0,2023-05-13T12:43:20.025536841Z,2023-06-12T12:43:20.025536841Z,2023-06-06T17:09:58.539031589Z,795.6662,docker_cpu_usage_pct,bwa (DA71) (942),bwa (DA71) (942),2822953,942
,,0,2023-05-13T12:43:20.025536841Z,2023-06-12T12:43:20.025536841Z,2023-06-06T17:10:00.54510415Z,792.3435,docker_cpu_usage_pct,bwa (DA71) (942),bwa (DA71) (942),2822953,942
,,0,2023-05-13T12:43:20.025536841Z,2023-06-12T12:43:20.025536841Z,2023-06-06T17:10:03.531770132Z,727.8582,docker_cpu_usage_pct,bwa (DA71) (942),bwa (DA71) (942),2822953,942
,,0,2023-05-13T12:43:20.025536841Z,2023-06-12T12:43:20.025536841Z,2023-06-06T17:10:06.532016587Z,725.3898,docker_cpu_usage_pct,bwa (DA71) (942),bwa (DA71) (942),2822953,942
,,0,2023-05-13T12:43:20.025536841Z,2023-06-12T12:43:20.025536841Z,2023-06-06T17:10:09.531790439Z,735.0055,docker_cpu_usage_pct,bwa (DA71) (942),bwa (DA71) (942),2822953,942
,,0,2023-05-13T12:43:20.025536841Z,2023-06-12T12:43:20.025536841Z,2023-06-06T17:10:12.531859401Z,786.0404,docker_cpu_usage_pct,bwa (DA71) (942),bwa (DA71) (942),2822953,942
,,0,2023-05-13T12:43:20.025536841Z,2023-06-12T12:43:20.025536841Z,2023-06-06T17:10:15.531832732Z,755.2357,docker_cpu_usage_pct,bwa (DA71) (942),bwa (DA71) (942),2822953,942
,,0,2023-05-13T12:43:20.025536841Z,2023-06-12T12:43:20.025536841Z,2023-06-06T17:10:18.531783822Z,752.4719,docker_cpu_usage_pct,bwa (DA71) (942),bwa (DA71) (942),2822953,942
,,0,2023-05-13T12:43:20.025536841Z,2023-06-12T12:43:20.025536841Z,2023-06-06T17:10:20.541133897Z,624.8204,docker_cpu_usage_pct,bwa (DA71) (942),bwa (DA71) (942),2822953,942
,,0,2023-05-13T12:43:20.025536841Z,2023-06-12T12:43:20.025536841Z,2023-06-06T17:10:23.531731698Z,599.1427,docker_cpu_usage_pct,bwa (DA71) (942),bwa (DA71) (942),2822953,942
,,0,2023-05-13T12:43:20.025536841Z,2023-06-12T12:43:20.025536841Z,2023-06-06T17:10:26.53180048Z,340.6788,docker_cpu_usage_pct,bwa (DA71) (942),bwa (DA71) (942),2822953,942
,,0,2023-05-13T12:43:20.025536841Z,2023-06-12T12:43:20.025536841Z,2023-06-06T17:10:28.53160848Z,194.4249,docker_cpu_usage_pct,bwa (DA71) (942),bwa (DA71) (942),2822953,942
,,0,2023-05-13T12:43:20.025536841Z,2023-06-12T12:43:20.025536841Z,2023-06-06T17:10:30.545018309Z,100.0839,docker_cpu_usage_pct,bwa (DA71) (942),bwa (DA71) (942),2822953,942
,,0,2023-05-13T12:43:20.025536841Z,2023-06-12T12:43:20.025536841Z,2023-06-06T17:10:32.545163569Z,643.7487,docker_cpu_usage_pct,bwa (DA71) (942),bwa (DA71) (942),2822953,942
,,0,2023-05-13T12:43:20.025536841Z,2023-06-12T12:43:20.025536841Z,2023-06-06T17:10:35.541114142Z,793.3334,docker_cpu_usage_pct,bwa (DA71) (942),bwa (DA71) (942),2822953,942
,,0,2023-05-13T12:43:20.025536841Z,2023-06-12T12:43:20.025536841Z,2023-06-06T17:10:38.537370796Z,794.8074,docker_cpu_usage_pct,bwa (DA71) (942),bwa (DA71) (942),2822953,942
,,0,2023-05-13T12:43:20.025536841Z,2023-06-12T12:43:20.025536841Z,2023-06-06T17:10:41.531882404Z,797.1719,docker_cpu_usage_pct,bwa (DA71) (942),bwa (DA71) (942),2822953,942
,,0,2023-05-13T12:43:20.025536841Z,2023-06-12T12:43:20.025536841Z,2023-06-06T17:10:44.541170685Z,797.5905,docker_cpu_usage_pct,bwa (DA71) (942),bwa (DA71) (942),2822953,942
,,0,2023-05-13T12:43:20.025536841Z,2023-06-12T12:43:20.025536841Z,2023-06-06T17:10:47.539104493Z,798.8549,docker_cpu_usage_pct,bwa (DA71) (942),bwa (DA71) (942),2822953,942
,,0,2023-05-13T12:43:20.025536841Z,2023-06-12T12:43:20.025536841Z,2023-06-06T17:10:50.531725732Z,797.3196,docker_cpu_usage_pct,bwa (DA71) (942),bwa (DA71) (942),2822953,942
,,0,2023-05-13T12:43:20.025536841Z,2023-06-12T12:43:20.025536841Z,2023-06-06T17:10:52.533324825Z,794.3192,docker_cpu_usage_pct,bwa (DA71) (942),bwa (DA71) (942),2822953,942
,,0,2023-05-13T12:43:20.025536841Z,2023-06-12T12:43:20.025536841Z,2023-06-06T17:10:54.531875956Z,798.1852,docker_cpu_usage_pct,bwa (DA71) (942),bwa (DA71) (942),2822953,942
,,0,2023-05-13T12:43:20.025536841Z,2023-06-12T12:43:20.025536841Z,2023-06-06T17:10:56.531643599Z,804.0226,docker_cpu_usage_pct,bwa (DA71) (942),bwa (DA71) (942),2822953,942
,,0,2023-05-13T12:43:20.025536841Z,2023-06-12T12:43:20.025536841Z,2023-06-06T17:10:59.531803779Z,781.7763,docker_cpu_usage_pct,bwa (DA71) (942),bwa (DA71) (942),2822953,942
,,0,2023-05-13T12:43:20.025536841Z,2023-06-12T12:43:20.025536841Z,2023-06-06T17:11:02.531902587Z,736.3624,docker_cpu_usage_pct,bwa (DA71) (942),bwa (DA71) (942),2822953,942
,,0,2023-05-13T12:43:20.025536841Z,2023-06-12T12:43:20.025536841Z,2023-06-06T17:11:05.532260533Z,728.1608,docker_cpu_usage_pct,bwa (DA71) (942),bwa (DA71) (942),2822953,942
,,0,2023-05-13T12:43:20.025536841Z,2023-06-12T12:43:20.025536841Z,2023-06-06T17:11:08.531832215Z,746.0905,docker_cpu_usage_pct,bwa (DA71) (942),bwa (DA71) (942),2822953,942
,,0,2023-05-13T12:43:20.025536841Z,2023-06-12T12:43:20.025536841Z,2023-06-06T17:11:11.531607902Z,777.1597,docker_cpu_usage_pct,bwa (DA71) (942),bwa (DA71) (942),2822953,942
,,0,2023-05-13T12:43:20.025536841Z,2023-06-12T12:43:20.025536841Z,2023-06-06T17:11:14.531579776Z,744.1667,docker_cpu_usage_pct,bwa (DA71) (942),bwa (DA71) (942),2822953,942
,,0,2023-05-13T12:43:20.025536841Z,2023-06-12T12:43:20.025536841Z,2023-06-06T17:11:17.531619672Z,732.1254,docker_cpu_usage_pct,bwa (DA71) (942),bwa (DA71) (942),2822953,942
,,0,2023-05-13T12:43:20.025536841Z,2023-06-12T12:43:20.025536841Z,2023-06-06T17:11:20.531747251Z,757.7624,docker_cpu_usage_pct,bwa (DA71) (942),bwa (DA71) (942),2822953,942
,,0,2023-05-13T12:43:20.025536841Z,2023-06-12T12:43:20.025536841Z,2023-06-06T17:11:23.531706693Z,658.9883,docker_cpu_usage_pct,bwa (DA71) (942),bwa (DA71) (942),2822953,942
,,0,2023-05-13T12:43:20.025536841Z,2023-06-12T12:43:20.025536841Z,2023-06-06T17:11:25.531672296Z,599.1648,docker_cpu_usage_pct,bwa (DA71) (942),bwa (DA71) (942),2822953,942
,,0,2023-05-13T12:43:20.025536841Z,2023-06-12T12:43:20.025536841Z,2023-06-06T17:11:27.531357895Z,276.5875,docker_cpu_usage_pct,bwa (DA71) (942),bwa (DA71) (942),2822953,942
,,0,2023-05-13T12:43:20.025536841Z,2023-06-12T12:43:20.025536841Z,2023-06-06T17:11:29.532191345Z,112.6059,docker_cpu_usage_pct,bwa (DA71) (942),bwa (DA71) (942),2822953,942
,,0,2023-05-13T12:43:20.025536841Z,2023-06-12T12:43:20.025536841Z,2023-06-06T17:11:31.545078933Z,795.6291,docker_cpu_usage_pct,bwa (DA71) (942),bwa (DA71) (942),2822953,942
,,0,2023-05-13T12:43:20.025536841Z,2023-06-12T12:43:20.025536841Z,2023-06-06T17:11:34.54128208Z,792.4883,docker_cpu_usage_pct,bwa (DA71) (942),bwa (DA71) (942),2822953,942
,,0,2023-05-13T12:43:20.025536841Z,2023-06-12T12:43:20.025536841Z,2023-06-06T17:11:36.531697522Z,772.3454,docker_cpu_usage_pct,bwa (DA71) (942),bwa (DA71) (942),2822953,942
,,0,2023-05-13T12:43:20.025536841Z,2023-06-12T12:43:20.025536841Z,2023-06-06T17:11:38.531817937Z,800.9654,docker_cpu_usage_pct,bwa (DA71) (942),bwa (DA71) (942),2822953,942
,,0,2023-05-13T12:43:20.025536841Z,2023-06-12T12:43:20.025536841Z,2023-06-06T17:11:40.545202471Z,797.8464,docker_cpu_usage_pct,bwa (DA71) (942),bwa (DA71) (942),2822953,942
,,0,2023-05-13T12:43:20.025536841Z,2023-06-12T12:43:20.025536841Z,2023-06-06T17:11:44.54505946Z,769.4129,docker_cpu_usage_pct,bwa (DA71) (942),bwa (DA71) (942),2822953,942
,,0,2023-05-13T12:43:20.025536841Z,2023-06-12T12:43:20.025536841Z,2023-06-06T17:11:47.531868788Z,794.2332,docker_cpu_usage_pct,bwa (DA71) (942),bwa (DA71) (942),2822953,942
,,0,2023-05-13T12:43:20.025536841Z,2023-06-12T12:43:20.025536841Z,2023-06-06T17:11:50.545048917Z,797.8766,docker_cpu_usage_pct,bwa (DA71) (942),bwa (DA71) (942),2822953,942
,,0,2023-05-13T12:43:20.025536841Z,2023-06-12T12:43:20.025536841Z,2023-06-06T17:11:53.541250222Z,792.7353,docker_cpu_usage_pct,bwa (DA71) (942),bwa (DA71) (942),2822953,942
,,0,2023-05-13T12:43:20.025536841Z,2023-06-12T12:43:20.025536841Z,2023-06-06T17:11:56.531650592Z,797.8939,docker_cpu_usage_pct,bwa (DA71) (942),bwa (DA71) (942),2822953,942
,,0,2023-05-13T12:43:20.025536841Z,2023-06-12T12:43:20.025536841Z,2023-06-06T17:11:58.531373425Z,799.5241,docker_cpu_usage_pct,bwa (DA71) (942),bwa (DA71) (942),2822953,942
,,0,2023-05-13T12:43:20.025536841Z,2023-06-12T12:43:20.025536841Z,2023-06-06T17:12:00.532227669Z,797.1394,docker_cpu_usage_pct,bwa (DA71) (942),bwa (DA71) (942),2822953,942
,,0,2023-05-13T12:43:20.025536841Z,2023-06-12T12:43:20.025536841Z,2023-06-06T17:12:03.53173207Z,798.5744,docker_cpu_usage_pct,bwa (DA71) (942),bwa (DA71) (942),2822953,942
,,0,2023-05-13T12:43:20.025536841Z,2023-06-12T12:43:20.025536841Z,2023-06-06T17:12:05.545056392Z,785.0271,docker_cpu_usage_pct,bwa (DA71) (942),bwa (DA71) (942),2822953,942
,,0,2023-05-13T12:43:20.025536841Z,2023-06-12T12:43:20.025536841Z,2023-06-06T17:12:07.53183381Z,773.3437,docker_cpu_usage_pct,bwa (DA71) (942),bwa (DA71) (942),2822953,942
,,0,2023-05-13T12:43:20.025536841Z,2023-06-12T12:43:20.025536841Z,2023-06-06T17:12:10.531588139Z,701.8716,docker_cpu_usage_pct,bwa (DA71) (942),bwa (DA71) (942),2822953,942
,,0,2023-05-13T12:43:20.025536841Z,2023-06-12T12:43:20.025536841Z,2023-06-06T17:12:12.541093473Z,797.6325,docker_cpu_usage_pct,bwa (DA71) (942),bwa (DA71) (942),2822953,942
,,0,2023-05-13T12:43:20.025536841Z,2023-06-12T12:43:20.025536841Z,2023-06-06T17:12:15.541144056Z,798.3163,docker_cpu_usage_pct,bwa (DA71) (942),bwa (DA71) (942),2822953,942
,,0,2023-05-13T12:43:20.025536841Z,2023-06-12T12:43:20.025536841Z,2023-06-06T17:12:17.531828789Z,688.0218,docker_cpu_usage_pct,bwa (DA71) (942),bwa (DA71) (942),2822953,942
,,0,2023-05-13T12:43:20.025536841Z,2023-06-12T12:43:20.025536841Z,2023-06-06T17:12:20.531789084Z,701.1452,docker_cpu_usage_pct,bwa (DA71) (942),bwa (DA71) (942),2822953,942
,,0,2023-05-13T12:43:20.025536841Z,2023-06-12T12:43:20.025536841Z,2023-06-06T17:12:23.531926083Z,752.2386,docker_cpu_usage_pct,bwa (DA71) (942),bwa (DA71) (942),2822953,942
,,0,2023-05-13T12:43:20.025536841Z,2023-06-12T12:43:20.025536841Z,2023-06-06T17:12:26.531869525Z,775.2827,docker_cpu_usage_pct,bwa (DA71) (942),bwa (DA71) (942),2822953,942
,,0,2023-05-13T12:43:20.025536841Z,2023-06-12T12:43:20.025536841Z,2023-06-06T17:12:28.531570115Z,698.7533,docker_cpu_usage_pct,bwa (DA71) (942),bwa (DA71) (942),2822953,942
,,0,2023-05-13T12:43:20.025536841Z,2023-06-12T12:43:20.025536841Z,2023-06-06T17:12:30.532500729Z,497.6904,docker_cpu_usage_pct,bwa (DA71) (942),bwa (DA71) (942),2822953,942
,,0,2023-05-13T12:43:20.025536841Z,2023-06-12T12:43:20.025536841Z,2023-06-06T17:12:32.532200247Z,281.5537,docker_cpu_usage_pct,bwa (DA71) (942),bwa (DA71) (942),2822953,942
,,0,2023-05-13T12:43:20.025536841Z,2023-06-12T12:43:20.025536841Z,2023-06-06T17:12:34.531761905Z,105.6544,docker_cpu_usage_pct,bwa (DA71) (942),bwa (DA71) (942),2822953,942
,,0,2023-05-13T12:43:20.025536841Z,2023-06-12T12:43:20.025536841Z,2023-06-06T17:12:37.537334608Z,776.8976,docker_cpu_usage_pct,bwa (DA71) (942),bwa (DA71) (942),2822953,942
,,0,2023-05-13T12:43:20.025536841Z,2023-06-12T12:43:20.025536841Z,2023-06-06T17:12:41.545159293Z,794.9847,docker_cpu_usage_pct,bwa (DA71) (942),bwa (DA71) (942),2822953,942
,,0,2023-05-13T12:43:20.025536841Z,2023-06-12T12:43:20.025536841Z,2023-06-06T17:12:44.545085905Z,794.2978,docker_cpu_usage_pct,bwa (DA71) (942),bwa (DA71) (942),2822953,942
,,0,2023-05-13T12:43:20.025536841Z,2023-06-12T12:43:20.025536841Z,2023-06-06T17:12:47.531939256Z,789.7614,docker_cpu_usage_pct,bwa (DA71) (942),bwa (DA71) (942),2822953,942
,,0,2023-05-13T12:43:20.025536841Z,2023-06-12T12:43:20.025536841Z,2023-06-06T17:12:50.533176596Z,793.9517,docker_cpu_usage_pct,bwa (DA71) (942),bwa (DA71) (942),2822953,942
,,0,2023-05-13T12:43:20.025536841Z,2023-06-12T12:43:20.025536841Z,2023-06-06T17:12:53.545125816Z,797.0207,docker_cpu_usage_pct,bwa (DA71) (942),bwa (DA71) (942),2822953,942
,,0,2023-05-13T12:43:20.025536841Z,2023-06-12T12:43:20.025536841Z,2023-06-06T17:12:56.531758215Z,794.5835,docker_cpu_usage_pct,bwa (DA71) (942),bwa (DA71) (942),2822953,942
,,0,2023-05-13T12:43:20.025536841Z,2023-06-12T12:43:20.025536841Z,2023-06-06T17:12:58.532492223Z,797.2233,docker_cpu_usage_pct,bwa (DA71) (942),bwa (DA71) (942),2822953,942
,,0,2023-05-13T12:43:20.025536841Z,2023-06-12T12:43:20.025536841Z,2023-06-06T17:13:01.531911964Z,797.0369,docker_cpu_usage_pct,bwa (DA71) (942),bwa (DA71) (942),2822953,942
,,0,2023-05-13T12:43:20.025536841Z,2023-06-12T12:43:20.025536841Z,2023-06-06T17:13:03.533250171Z,803.6845,docker_cpu_usage_pct,bwa (DA71) (942),bwa (DA71) (942),2822953,942
,,0,2023-05-13T12:43:20.025536841Z,2023-06-12T12:43:20.025536841Z,2023-06-06T17:13:05.532210565Z,795.8292,docker_cpu_usage_pct,bwa (DA71) (942),bwa (DA71) (942),2822953,942
,,0,2023-05-13T12:43:20.025536841Z,2023-06-12T12:43:20.025536841Z,2023-06-06T17:13:07.531674279Z,802.9146,docker_cpu_usage_pct,bwa (DA71) (942),bwa (DA71) (942),2822953,942
,,0,2023-05-13T12:43:20.025536841Z,2023-06-12T12:43:20.025536841Z,2023-06-06T17:13:10.545157744Z,779.1611,docker_cpu_usage_pct,bwa (DA71) (942),bwa (DA71) (942),2822953,942
,,0,2023-05-13T12:43:20.025536841Z,2023-06-12T12:43:20.025536841Z,2023-06-06T17:13:13.537349794Z,797.5916,docker_cpu_usage_pct,bwa (DA71) (942),bwa (DA71) (942),2822953,942
,,0,2023-05-13T12:43:20.025536841Z,2023-06-12T12:43:20.025536841Z,2023-06-06T17:13:16.537355153Z,793.4071,docker_cpu_usage_pct,bwa (DA71) (942),bwa (DA71) (942),2822953,942
,,0,2023-05-13T12:43:20.025536841Z,2023-06-12T12:43:20.025536841Z,2023-06-06T17:13:18.532104035Z,798.2524,docker_cpu_usage_pct,bwa (DA71) (942),bwa (DA71) (942),2822953,942
,,0,2023-05-13T12:43:20.025536841Z,2023-06-12T12:43:20.025536841Z,2023-06-06T17:13:21.531720694Z,800.4171,docker_cpu_usage_pct,bwa (DA71) (942),bwa (DA71) (942),2822953,942
,,0,2023-05-13T12:43:20.025536841Z,2023-06-12T12:43:20.025536841Z,2023-06-06T17:13:23.545006887Z,795.1785,docker_cpu_usage_pct,bwa (DA71) (942),bwa (DA71) (942),2822953,942
,,0,2023-05-13T12:43:20.025536841Z,2023-06-12T12:43:20.025536841Z,2023-06-06T17:13:26.545037142Z,787.9819,docker_cpu_usage_pct,bwa (DA71) (942),bwa (DA71) (942),2822953,942
,,0,2023-05-13T12:43:20.025536841Z,2023-06-12T12:43:20.025536841Z,2023-06-06T17:13:29.541237702Z,786.8588,docker_cpu_usage_pct,bwa (DA71) (942),bwa (DA71) (942),2822953,942
,,0,2023-05-13T12:43:20.025536841Z,2023-06-12T12:43:20.025536841Z,2023-06-06T17:13:31.531573964Z,737.6112,docker_cpu_usage_pct,bwa (DA71) (942),bwa (DA71) (942),2822953,942
,,0,2023-05-13T12:43:20.025536841Z,2023-06-12T12:43:20.025536841Z,2023-06-06T17:13:33.531490577Z,561.3178,docker_cpu_usage_pct,bwa (DA71) (942),bwa (DA71) (942),2822953,942
,,0,2023-05-13T12:43:20.025536841Z,2023-06-12T12:43:20.025536841Z,2023-06-06T17:13:35.532317822Z,210.5459,docker_cpu_usage_pct,bwa (DA71) (942),bwa (DA71) (942),2822953,942
,,0,2023-05-13T12:43:20.025536841Z,2023-06-12T12:43:20.025536841Z,2023-06-06T17:13:37.532294723Z,100.0275,docker_cpu_usage_pct,bwa (DA71) (942),bwa (DA71) (942),2822953,942
,,0,2023-05-13T12:43:20.025536841Z,2023-06-12T12:43:20.025536841Z,2023-06-06T17:13:39.545115689Z,797.7131,docker_cpu_usage_pct,bwa (DA71) (942),bwa (DA71) (942),2822953,942
,,0,2023-05-13T12:43:20.025536841Z,2023-06-12T12:43:20.025536841Z,2023-06-06T17:13:42.532178968Z,795.1243,docker_cpu_usage_pct,bwa (DA71) (942),bwa (DA71) (942),2822953,942
,,0,2023-05-13T12:43:20.025536841Z,2023-06-12T12:43:20.025536841Z,2023-06-06T17:13:44.541119467Z,797.773,docker_cpu_usage_pct,bwa (DA71) (942),bwa (DA71) (942),2822953,942
,,0,2023-05-13T12:43:20.025536841Z,2023-06-12T12:43:20.025536841Z,2023-06-06T17:13:47.545145062Z,781.5313,docker_cpu_usage_pct,bwa (DA71) (942),bwa (DA71) (942),2822953,942
,,0,2023-05-13T12:43:20.025536841Z,2023-06-12T12:43:20.025536841Z,2023-06-06T17:13:50.541105686Z,796.4413,docker_cpu_usage_pct,bwa (DA71) (942),bwa (DA71) (942),2822953,942
,,0,2023-05-13T12:43:20.025536841Z,2023-06-12T12:43:20.025536841Z,2023-06-06T17:13:53.545116424Z,797.435,docker_cpu_usage_pct,bwa (DA71) (942),bwa (DA71) (942),2822953,942
,,0,2023-05-13T12:43:20.025536841Z,2023-06-12T12:43:20.025536841Z,2023-06-06T17:13:56.54506386Z,792.2772,docker_cpu_usage_pct,bwa (DA71) (942),bwa (DA71) (942),2822953,942
,,0,2023-05-13T12:43:20.025536841Z,2023-06-12T12:43:20.025536841Z,2023-06-06T17:13:59.541325355Z,796.3467,docker_cpu_usage_pct,bwa (DA71) (942),bwa (DA71) (942),2822953,942
,,0,2023-05-13T12:43:20.025536841Z,2023-06-12T12:43:20.025536841Z,2023-06-06T17:14:02.533141354Z,795.3653,docker_cpu_usage_pct,bwa (DA71) (942),bwa (DA71) (942),2822953,942
,,0,2023-05-13T12:43:20.025536841Z,2023-06-12T12:43:20.025536841Z,2023-06-06T17:14:05.531736828Z,799.3953,docker_cpu_usage_pct,bwa (DA71) (942),bwa (DA71) (942),2822953,942
,,0,2023-05-13T12:43:20.025536841Z,2023-06-12T12:43:20.025536841Z,2023-06-06T17:14:08.531510336Z,797.8409,docker_cpu_usage_pct,bwa (DA71) (942),bwa (DA71) (942),2822953,942
,,0,2023-05-13T12:43:20.025536841Z,2023-06-12T12:43:20.025536841Z,2023-06-06T17:14:10.532502871Z,800.3301,docker_cpu_usage_pct,bwa (DA71) (942),bwa (DA71) (942),2822953,942
,,0,2023-05-13T12:43:20.025536841Z,2023-06-12T12:43:20.025536841Z,2023-06-06T17:14:12.53161962Z,795.5094,docker_cpu_usage_pct,bwa (DA71) (942),bwa (DA71) (942),2822953,942
,,0,2023-05-13T12:43:20.025536841Z,2023-06-12T12:43:20.025536841Z,2023-06-06T17:14:14.531857698Z,802.6298,docker_cpu_usage_pct,bwa (DA71) (942),bwa (DA71) (942),2822953,942
,,0,2023-05-13T12:43:20.025536841Z,2023-06-12T12:43:20.025536841Z,2023-06-06T17:14:17.531873085Z,777.0873,docker_cpu_usage_pct,bwa (DA71) (942),bwa (DA71) (942),2822953,942
,,0,2023-05-13T12:43:20.025536841Z,2023-06-12T12:43:20.025536841Z,2023-06-06T17:14:20.541086253Z,791.2684,docker_cpu_usage_pct,bwa (DA71) (942),bwa (DA71) (942),2822953,942
,,0,2023-05-13T12:43:20.025536841Z,2023-06-12T12:43:20.025536841Z,2023-06-06T17:14:23.545176065Z,796.1753,docker_cpu_usage_pct,bwa (DA71) (942),bwa (DA71) (942),2822953,942
,,0,2023-05-13T12:43:20.025536841Z,2023-06-12T12:43:20.025536841Z,2023-06-06T17:14:26.54511189Z,796.2905,docker_cpu_usage_pct,bwa (DA71) (942),bwa (DA71) (942),2822953,942
,,0,2023-05-13T12:43:20.025536841Z,2023-06-12T12:43:20.025536841Z,2023-06-06T17:14:29.533325185Z,793.566,docker_cpu_usage_pct,bwa (DA71) (942),bwa (DA71) (942),2822953,942
,,0,2023-05-13T12:43:20.025536841Z,2023-06-12T12:43:20.025536841Z,2023-06-06T17:14:31.531818172Z,699.3889,docker_cpu_usage_pct,bwa (DA71) (942),bwa (DA71) (942),2822953,942
,,0,2023-05-13T12:43:20.025536841Z,2023-06-12T12:43:20.025536841Z,2023-06-06T17:14:33.531733728Z,702.7803,docker_cpu_usage_pct,bwa (DA71) (942),bwa (DA71) (942),2822953,942
,,0,2023-05-13T12:43:20.025536841Z,2023-06-12T12:43:20.025536841Z,2023-06-06T17:14:36.531771358Z,456.7584,docker_cpu_usage_pct,bwa (DA71) (942),bwa (DA71) (942),2822953,942
,,0,2023-05-13T12:43:20.025536841Z,2023-06-12T12:43:20.025536841Z,2023-06-06T17:14:38.531504636Z,258.6564,docker_cpu_usage_pct,bwa (DA71) (942),bwa (DA71) (942),2822953,942
,,0,2023-05-13T12:43:20.025536841Z,2023-06-12T12:43:20.025536841Z,2023-06-06T17:14:40.541390732Z,794.6351,docker_cpu_usage_pct,bwa (DA71) (942),bwa (DA71) (942),2822953,942
,,0,2023-05-13T12:43:20.025536841Z,2023-06-12T12:43:20.025536841Z,2023-06-06T17:14:44.531776421Z,763.5659,docker_cpu_usage_pct,bwa (DA71) (942),bwa (DA71) (942),2822953,942
,,0,2023-05-13T12:43:20.025536841Z,2023-06-12T12:43:20.025536841Z,2023-06-06T17:14:47.541306099Z,757.9309,docker_cpu_usage_pct,bwa (DA71) (942),bwa (DA71) (942),2822953,942
,,0,2023-05-13T12:43:20.025536841Z,2023-06-12T12:43:20.025536841Z,2023-06-06T17:14:50.54136922Z,798.6527,docker_cpu_usage_pct,bwa (DA71) (942),bwa (DA71) (942),2822953,942
,,0,2023-05-13T12:43:20.025536841Z,2023-06-12T12:43:20.025536841Z,2023-06-06T17:14:52.531893812Z,799.0669,docker_cpu_usage_pct,bwa (DA71) (942),bwa (DA71) (942),2822953,942
,,0,2023-05-13T12:43:20.025536841Z,2023-06-12T12:43:20.025536841Z,2023-06-06T17:14:54.531746787Z,802.136,docker_cpu_usage_pct,bwa (DA71) (942),bwa (DA71) (942),2822953,942
,,0,2023-05-13T12:43:20.025536841Z,2023-06-12T12:43:20.025536841Z,2023-06-06T17:14:57.54510833Z,800.5656,docker_cpu_usage_pct,bwa (DA71) (942),bwa (DA71) (942),2822953,942
,,0,2023-05-13T12:43:20.025536841Z,2023-06-12T12:43:20.025536841Z,2023-06-06T17:15:00.545067869Z,762.2844,docker_cpu_usage_pct,bwa (DA71) (942),bwa (DA71) (942),2822953,942
,,0,2023-05-13T12:43:20.025536841Z,2023-06-12T12:43:20.025536841Z,2023-06-06T17:15:03.545135957Z,795.7544,docker_cpu_usage_pct,bwa (DA71) (942),bwa (DA71) (942),2822953,942
,,0,2023-05-13T12:43:20.025536841Z,2023-06-12T12:43:20.025536841Z,2023-06-06T17:15:06.545096449Z,777.5932,docker_cpu_usage_pct,bwa (DA71) (942),bwa (DA71) (942),2822953,942
,,0,2023-05-13T12:43:20.025536841Z,2023-06-12T12:43:20.025536841Z,2023-06-06T17:15:09.541042407Z,800.2881,docker_cpu_usage_pct,bwa (DA71) (942),bwa (DA71) (942),2822953,942
,,0,2023-05-13T12:43:20.025536841Z,2023-06-12T12:43:20.025536841Z,2023-06-06T17:15:11.533232729Z,798.5617,docker_cpu_usage_pct,bwa (DA71) (942),bwa (DA71) (942),2822953,942
,,0,2023-05-13T12:43:20.025536841Z,2023-06-12T12:43:20.025536841Z,2023-06-06T17:15:13.541251432Z,796.1654,docker_cpu_usage_pct,bwa (DA71) (942),bwa (DA71) (942),2822953,942
,,0,2023-05-13T12:43:20.025536841Z,2023-06-12T12:43:20.025536841Z,2023-06-06T17:15:15.531694074Z,792.21,docker_cpu_usage_pct,bwa (DA71) (942),bwa (DA71) (942),2822953,942
,,0,2023-05-13T12:43:20.025536841Z,2023-06-12T12:43:20.025536841Z,2023-06-06T17:15:18.537309661Z,790.9311,docker_cpu_usage_pct,bwa (DA71) (942),bwa (DA71) (942),2822953,942
,,0,2023-05-13T12:43:20.025536841Z,2023-06-12T12:43:20.025536841Z,2023-06-06T17:15:20.541280313Z,789.4799,docker_cpu_usage_pct,bwa (DA71) (942),bwa (DA71) (942),2822953,942
,,0,2023-05-13T12:43:20.025536841Z,2023-06-12T12:43:20.025536841Z,2023-06-06T17:15:22.531782796Z,769.2473,docker_cpu_usage_pct,bwa (DA71) (942),bwa (DA71) (942),2822953,942
,,0,2023-05-13T12:43:20.025536841Z,2023-06-12T12:43:20.025536841Z,2023-06-06T17:15:25.531741326Z,725.4196,docker_cpu_usage_pct,bwa (DA71) (942),bwa (DA71) (942),2822953,942
,,0,2023-05-13T12:43:20.025536841Z,2023-06-12T12:43:20.025536841Z,2023-06-06T17:15:28.53193582Z,762.5639,docker_cpu_usage_pct,bwa (DA71) (942),bwa (DA71) (942),2822953,942
,,0,2023-05-13T12:43:20.025536841Z,2023-06-12T12:43:20.025536841Z,2023-06-06T17:15:31.531757607Z,781.4105,docker_cpu_usage_pct,bwa (DA71) (942),bwa (DA71) (942),2822953,942
,,0,2023-05-13T12:43:20.025536841Z,2023-06-12T12:43:20.025536841Z,2023-06-06T17:15:34.531744126Z,770.7246,docker_cpu_usage_pct,bwa (DA71) (942),bwa (DA71) (942),2822953,942
,,0,2023-05-13T12:43:20.025536841Z,2023-06-12T12:43:20.025536841Z,2023-06-06T17:15:37.537273229Z,764.0043,docker_cpu_usage_pct,bwa (DA71) (942),bwa (DA71) (942),2822953,942
,,0,2023-05-13T12:43:20.025536841Z,2023-06-12T12:43:20.025536841Z,2023-06-06T17:15:40.541282498Z,738.3356,docker_cpu_usage_pct,bwa (DA71) (942),bwa (DA71) (942),2822953,942
,,0,2023-05-13T12:43:20.025536841Z,2023-06-12T12:43:20.025536841Z,2023-06-06T17:15:43.531927144Z,753.9008,docker_cpu_usage_pct,bwa (DA71) (942),bwa (DA71) (942),2822953,942
,,0,2023-05-13T12:43:20.025536841Z,2023-06-12T12:43:20.025536841Z,2023-06-06T17:15:46.537081092Z,686.1715,docker_cpu_usage_pct,bwa (DA71) (942),bwa (DA71) (942),2822953,942
,,0,2023-05-13T12:43:20.025536841Z,2023-06-12T12:43:20.025536841Z,2023-06-06T17:15:49.531681947Z,616.885,docker_cpu_usage_pct,bwa (DA71) (942),bwa (DA71) (942),2822953,942
,,0,2023-05-13T12:43:20.025536841Z,2023-06-12T12:43:20.025536841Z,2023-06-06T17:15:51.536987753Z,402.0274,docker_cpu_usage_pct,bwa (DA71) (942),bwa (DA71) (942),2822953,942
,,0,2023-05-13T12:43:20.025536841Z,2023-06-12T12:43:20.025536841Z,2023-06-06T17:15:53.537039462Z,161.0753,docker_cpu_usage_pct,bwa (DA71) (942),bwa (DA71) (942),2822953,942
,,0,2023-05-13T12:43:20.025536841Z,2023-06-12T12:43:20.025536841Z,2023-06-06T17:15:55.545141333Z,771.9983,docker_cpu_usage_pct,bwa (DA71) (942),bwa (DA71) (942),2822953,942
,,0,2023-05-13T12:43:20.025536841Z,2023-06-12T12:43:20.025536841Z,2023-06-06T17:15:59.544997406Z,764.5333,docker_cpu_usage_pct,bwa (DA71) (942),bwa (DA71) (942),2822953,942
,,0,2023-05-13T12:43:20.025536841Z,2023-06-12T12:43:20.025536841Z,2023-06-06T17:16:02.533383696Z,764.5076,docker_cpu_usage_pct,bwa (DA71) (942),bwa (DA71) (942),2822953,942
,,0,2023-05-13T12:43:20.025536841Z,2023-06-12T12:43:20.025536841Z,2023-06-06T17:16:04.531992893Z,799.6346,docker_cpu_usage_pct,bwa (DA71) (942),bwa (DA71) (942),2822953,942
,,0,2023-05-13T12:43:20.025536841Z,2023-06-12T12:43:20.025536841Z,2023-06-06T17:16:07.541337135Z,785.7272,docker_cpu_usage_pct,bwa (DA71) (942),bwa (DA71) (942),2822953,942
,,0,2023-05-13T12:43:20.025536841Z,2023-06-12T12:43:20.025536841Z,2023-06-06T17:16:10.531730493Z,793.3168,docker_cpu_usage_pct,bwa (DA71) (942),bwa (DA71) (942),2822953,942
,,0,2023-05-13T12:43:20.025536841Z,2023-06-12T12:43:20.025536841Z,2023-06-06T17:16:12.53157565Z,798.555,docker_cpu_usage_pct,bwa (DA71) (942),bwa (DA71) (942),2822953,942
,,0,2023-05-13T12:43:20.025536841Z,2023-06-12T12:43:20.025536841Z,2023-06-06T17:16:14.531701297Z,799.5585,docker_cpu_usage_pct,bwa (DA71) (942),bwa (DA71) (942),2822953,942
,,0,2023-05-13T12:43:20.025536841Z,2023-06-12T12:43:20.025536841Z,2023-06-06T17:16:16.532427266Z,802.8051,docker_cpu_usage_pct,bwa (DA71) (942),bwa (DA71) (942),2822953,942
,,0,2023-05-13T12:43:20.025536841Z,2023-06-12T12:43:20.025536841Z,2023-06-06T17:16:18.532102305Z,799.9142,docker_cpu_usage_pct,bwa (DA71) (942),bwa (DA71) (942),2822953,942
,,0,2023-05-13T12:43:20.025536841Z,2023-06-12T12:43:20.025536841Z,2023-06-06T17:16:21.53205415Z,795.2562,docker_cpu_usage_pct,bwa (DA71) (942),bwa (DA71) (942),2822953,942
,,0,2023-05-13T12:43:20.025536841Z,2023-06-12T12:43:20.025536841Z,2023-06-06T17:16:23.545094084Z,794.2469,docker_cpu_usage_pct,bwa (DA71) (942),bwa (DA71) (942),2822953,942
,,0,2023-05-13T12:43:20.025536841Z,2023-06-12T12:43:20.025536841Z,2023-06-06T17:16:26.531813703Z,788.8063,docker_cpu_usage_pct,bwa (DA71) (942),bwa (DA71) (942),2822953,942
,,0,2023-05-13T12:43:20.025536841Z,2023-06-12T12:43:20.025536841Z,2023-06-06T17:16:28.531600427Z,745.5011,docker_cpu_usage_pct,bwa (DA71) (942),bwa (DA71) (942),2822953,942
,,0,2023-05-13T12:43:20.025536841Z,2023-06-12T12:43:20.025536841Z,2023-06-06T17:16:31.53185182Z,736.189,docker_cpu_usage_pct,bwa (DA71) (942),bwa (DA71) (942),2822953,942
,,0,2023-05-13T12:43:20.025536841Z,2023-06-12T12:43:20.025536841Z,2023-06-06T17:16:33.532550309Z,794.2273,docker_cpu_usage_pct,bwa (DA71) (942),bwa (DA71) (942),2822953,942
,,0,2023-05-13T12:43:20.025536841Z,2023-06-12T12:43:20.025536841Z,2023-06-06T17:16:35.541140463Z,796.9653,docker_cpu_usage_pct,bwa (DA71) (942),bwa (DA71) (942),2822953,942
,,0,2023-05-13T12:43:20.025536841Z,2023-06-12T12:43:20.025536841Z,2023-06-06T17:16:37.54510025Z,794.6854,docker_cpu_usage_pct,bwa (DA71) (942),bwa (DA71) (942),2822953,942
,,0,2023-05-13T12:43:20.025536841Z,2023-06-12T12:43:20.025536841Z,2023-06-06T17:16:39.532300152Z,800.1353,docker_cpu_usage_pct,bwa (DA71) (942),bwa (DA71) (942),2822953,942
,,0,2023-05-13T12:43:20.025536841Z,2023-06-12T12:43:20.025536841Z,2023-06-06T17:16:41.537427602Z,803.7443,docker_cpu_usage_pct,bwa (DA71) (942),bwa (DA71) (942),2822953,942
,,0,2023-05-13T12:43:20.025536841Z,2023-06-12T12:43:20.025536841Z,2023-06-06T17:16:43.531806989Z,751.8335,docker_cpu_usage_pct,bwa (DA71) (942),bwa (DA71) (942),2822953,942
,,0,2023-05-13T12:43:20.025536841Z,2023-06-12T12:43:20.025536841Z,2023-06-06T17:16:46.53180976Z,766.7066,docker_cpu_usage_pct,bwa (DA71) (942),bwa (DA71) (942),2822953,942
,,0,2023-05-13T12:43:20.025536841Z,2023-06-12T12:43:20.025536841Z,2023-06-06T17:16:48.532369921Z,701.4457,docker_cpu_usage_pct,bwa (DA71) (942),bwa (DA71) (942),2822953,942
,,0,2023-05-13T12:43:20.025536841Z,2023-06-12T12:43:20.025536841Z,2023-06-06T17:16:50.532273574Z,409.5712,docker_cpu_usage_pct,bwa (DA71) (942),bwa (DA71) (942),2822953,942
,,0,2023-05-13T12:43:20.025536841Z,2023-06-12T12:43:20.025536841Z,2023-06-06T17:16:52.531880919Z,365.5524,docker_cpu_usage_pct,bwa (DA71) (942),bwa (DA71) (942),2822953,942
,,0,2023-05-13T12:43:20.025536841Z,2023-06-12T12:43:20.025536841Z,2023-06-06T17:16:55.532399612Z,464.633,docker_cpu_usage_pct,bwa (DA71) (942),bwa (DA71) (942),2822953,942
,,0,2023-05-13T12:43:20.025536841Z,2023-06-12T12:43:20.025536841Z,2023-06-06T17:16:57.545176527Z,792.9056,docker_cpu_usage_pct,bwa (DA71) (942),bwa (DA71) (942),2822953,942
,,0,2023-05-13T12:43:20.025536841Z,2023-06-12T12:43:20.025536841Z,2023-06-06T17:16:59.531796862Z,730.8768,docker_cpu_usage_pct,bwa (DA71) (942),bwa (DA71) (942),2822953,942
,,0,2023-05-13T12:43:20.025536841Z,2023-06-12T12:43:20.025536841Z,2023-06-06T17:17:02.531697057Z,738.8684,docker_cpu_usage_pct,bwa (DA71) (942),bwa (DA71) (942),2822953,942
,,0,2023-05-13T12:43:20.025536841Z,2023-06-12T12:43:20.025536841Z,2023-06-06T17:17:05.531809673Z,771.98,docker_cpu_usage_pct,bwa (DA71) (942),bwa (DA71) (942),2822953,942
,,0,2023-05-13T12:43:20.025536841Z,2023-06-12T12:43:20.025536841Z,2023-06-06T17:17:08.531921154Z,709.2814,docker_cpu_usage_pct,bwa (DA71) (942),bwa (DA71) (942),2822953,942
,,0,2023-05-13T12:43:20.025536841Z,2023-06-12T12:43:20.025536841Z,2023-06-06T17:17:11.531835184Z,720.2483,docker_cpu_usage_pct,bwa (DA71) (942),bwa (DA71) (942),2822953,942
,,0,2023-05-13T12:43:20.025536841Z,2023-06-12T12:43:20.025536841Z,2023-06-06T17:17:14.531859822Z,771.0527,docker_cpu_usage_pct,bwa (DA71) (942),bwa (DA71) (942),2822953,942
,,0,2023-05-13T12:43:20.025536841Z,2023-06-12T12:43:20.025536841Z,2023-06-06T17:17:17.531846674Z,709.3794,docker_cpu_usage_pct,bwa (DA71) (942),bwa (DA71) (942),2822953,942
,,0,2023-05-13T12:43:20.025536841Z,2023-06-12T12:43:20.025536841Z,2023-06-06T17:17:20.531725366Z,755.9728,docker_cpu_usage_pct,bwa (DA71) (942),bwa (DA71) (942),2822953,942
,,0,2023-05-13T12:43:20.025536841Z,2023-06-12T12:43:20.025536841Z,2023-06-06T17:17:22.541414239Z,794.3789,docker_cpu_usage_pct,bwa (DA71) (942),bwa (DA71) (942),2822953,942
,,0,2023-05-13T12:43:20.025536841Z,2023-06-12T12:43:20.025536841Z,2023-06-06T17:17:25.541316461Z,798.6973,docker_cpu_usage_pct,bwa (DA71) (942),bwa (DA71) (942),2822953,942
,,0,2023-05-13T12:43:20.025536841Z,2023-06-12T12:43:20.025536841Z,2023-06-06T17:17:28.532103174Z,798.6286,docker_cpu_usage_pct,bwa (DA71) (942),bwa (DA71) (942),2822953,942
,,0,2023-05-13T12:43:20.025536841Z,2023-06-12T12:43:20.025536841Z,2023-06-06T17:17:30.531911717Z,799.1004,docker_cpu_usage_pct,bwa (DA71) (942),bwa (DA71) (942),2822953,942
,,0,2023-05-13T12:43:20.025536841Z,2023-06-12T12:43:20.025536841Z,2023-06-06T17:17:32.531517105Z,794.7263,docker_cpu_usage_pct,bwa (DA71) (942),bwa (DA71) (942),2822953,942
,,0,2023-05-13T12:43:20.025536841Z,2023-06-12T12:43:20.025536841Z,2023-06-06T17:17:35.531849066Z,796.815,docker_cpu_usage_pct,bwa (DA71) (942),bwa (DA71) (942),2822953,942
,,0,2023-05-13T12:43:20.025536841Z,2023-06-12T12:43:20.025536841Z,2023-06-06T17:17:38.531832761Z,776.0931,docker_cpu_usage_pct,bwa (DA71) (942),bwa (DA71) (942),2822953,942
,,0,2023-05-13T12:43:20.025536841Z,2023-06-12T12:43:20.025536841Z,2023-06-06T17:17:41.537321897Z,795.0361,docker_cpu_usage_pct,bwa (DA71) (942),bwa (DA71) (942),2822953,942
,,0,2023-05-13T12:43:20.025536841Z,2023-06-12T12:43:20.025536841Z,2023-06-06T17:17:44.537333662Z,794.5767,docker_cpu_usage_pct,bwa (DA71) (942),bwa (DA71) (942),2822953,942
,,0,2023-05-13T12:43:20.025536841Z,2023-06-12T12:43:20.025536841Z,2023-06-06T17:17:47.532193865Z,506.7615,docker_cpu_usage_pct,bwa (DA71) (942),bwa (DA71) (942),2822953,942
,,0,2023-05-13T12:43:20.025536841Z,2023-06-12T12:43:20.025536841Z,2023-06-06T17:17:49.545151751Z,141.2991,docker_cpu_usage_pct,bwa (DA71) (942),bwa (DA71) (942),2822953,942
,,0,2023-05-13T12:43:20.025536841Z,2023-06-12T12:43:20.025536841Z,2023-06-06T17:17:51.541037699Z,496.3826,docker_cpu_usage_pct,bwa (DA71) (942),bwa (DA71) (942),2822953,942
,,0,2023-05-13T12:43:20.025536841Z,2023-06-12T12:43:20.025536841Z,2023-06-06T17:17:54.541342828Z,798.5291,docker_cpu_usage_pct,bwa (DA71) (942),bwa (DA71) (942),2822953,942
,,0,2023-05-13T12:43:20.025536841Z,2023-06-12T12:43:20.025536841Z,2023-06-06T17:17:57.541307841Z,793.5721,docker_cpu_usage_pct,bwa (DA71) (942),bwa (DA71) (942),2822953,942
,,0,2023-05-13T12:43:20.025536841Z,2023-06-12T12:43:20.025536841Z,2023-06-06T17:18:00.532197065Z,790.3639,docker_cpu_usage_pct,bwa (DA71) (942),bwa (DA71) (942),2822953,942
,,0,2023-05-13T12:43:20.025536841Z,2023-06-12T12:43:20.025536841Z,2023-06-06T17:18:03.545033072Z,797.2737,docker_cpu_usage_pct,bwa (DA71) (942),bwa (DA71) (942),2822953,942
,,0,2023-05-13T12:43:20.025536841Z,2023-06-12T12:43:20.025536841Z,2023-06-06T17:18:07.541445807Z,782.3827,docker_cpu_usage_pct,bwa (DA71) (942),bwa (DA71) (942),2822953,942
,,0,2023-05-13T12:43:20.025536841Z,2023-06-12T12:43:20.025536841Z,2023-06-06T17:18:10.541412988Z,795.205,docker_cpu_usage_pct,bwa (DA71) (942),bwa (DA71) (942),2822953,942
,,0,2023-05-13T12:43:20.025536841Z,2023-06-12T12:43:20.025536841Z,2023-06-06T17:18:12.541406749Z,798.152,docker_cpu_usage_pct,bwa (DA71) (942),bwa (DA71) (942),2822953,942
,,0,2023-05-13T12:43:20.025536841Z,2023-06-12T12:43:20.025536841Z,2023-06-06T17:18:14.532063451Z,800.0718,docker_cpu_usage_pct,bwa (DA71) (942),bwa (DA71) (942),2822953,942
,,0,2023-05-13T12:43:20.025536841Z,2023-06-12T12:43:20.025536841Z,2023-06-06T17:18:16.531688004Z,795.4251,docker_cpu_usage_pct,bwa (DA71) (942),bwa (DA71) (942),2822953,942
,,0,2023-05-13T12:43:20.025536841Z,2023-06-12T12:43:20.025536841Z,2023-06-06T17:18:18.531434482Z,800.4767,docker_cpu_usage_pct,bwa (DA71) (942),bwa (DA71) (942),2822953,942
,,0,2023-05-13T12:43:20.025536841Z,2023-06-12T12:43:20.025536841Z,2023-06-06T17:18:21.54133331Z,790.4015,docker_cpu_usage_pct,bwa (DA71) (942),bwa (DA71) (942),2822953,942
,,0,2023-05-13T12:43:20.025536841Z,2023-06-12T12:43:20.025536841Z,2023-06-06T17:18:24.541423316Z,794.2679,docker_cpu_usage_pct,bwa (DA71) (942),bwa (DA71) (942),2822953,942
,,0,2023-05-13T12:43:20.025536841Z,2023-06-12T12:43:20.025536841Z,2023-06-06T17:18:27.54136251Z,795.2508,docker_cpu_usage_pct,bwa (DA71) (942),bwa (DA71) (942),2822953,942
,,0,2023-05-13T12:43:20.025536841Z,2023-06-12T12:43:20.025536841Z,2023-06-06T17:18:29.531667115Z,798.6213,docker_cpu_usage_pct,bwa (DA71) (942),bwa (DA71) (942),2822953,942
,,0,2023-05-13T12:43:20.025536841Z,2023-06-12T12:43:20.025536841Z,2023-06-06T17:18:31.532487641Z,802.5563,docker_cpu_usage_pct,bwa (DA71) (942),bwa (DA71) (942),2822953,942
,,0,2023-05-13T12:43:20.025536841Z,2023-06-12T12:43:20.025536841Z,2023-06-06T17:18:33.532264234Z,797.7261,docker_cpu_usage_pct,bwa (DA71) (942),bwa (DA71) (942),2822953,942
,,0,2023-05-13T12:43:20.025536841Z,2023-06-12T12:43:20.025536841Z,2023-06-06T17:18:35.531675908Z,794.4137,docker_cpu_usage_pct,bwa (DA71) (942),bwa (DA71) (942),2822953,942
,,0,2023-05-13T12:43:20.025536841Z,2023-06-12T12:43:20.025536841Z,2023-06-06T17:18:37.532189949Z,798.1382,docker_cpu_usage_pct,bwa (DA71) (942),bwa (DA71) (942),2822953,942
,,0,2023-05-13T12:43:20.025536841Z,2023-06-12T12:43:20.025536841Z,2023-06-06T17:18:39.545125392Z,799.1302,docker_cpu_usage_pct,bwa (DA71) (942),bwa (DA71) (942),2822953,942
,,0,2023-05-13T12:43:20.025536841Z,2023-06-12T12:43:20.025536841Z,2023-06-06T17:18:42.531702197Z,698.5417,docker_cpu_usage_pct,bwa (DA71) (942),bwa (DA71) (942),2822953,942
,,0,2023-05-13T12:43:20.025536841Z,2023-06-12T12:43:20.025536841Z,2023-06-06T17:18:45.533401713Z,500.3523,docker_cpu_usage_pct,bwa (DA71) (942),bwa (DA71) (942),2822953,942
,,0,2023-05-13T12:43:20.025536841Z,2023-06-12T12:43:20.025536841Z,2023-06-06T17:18:47.532290871Z,400.0699,docker_cpu_usage_pct,bwa (DA71) (942),bwa (DA71) (942),2822953,942
,,0,2023-05-13T12:43:20.025536841Z,2023-06-12T12:43:20.025536841Z,2023-06-06T17:18:49.531824541Z,242.1023,docker_cpu_usage_pct,bwa (DA71) (942),bwa (DA71) (942),2822953,942
,,0,2023-05-13T12:43:20.025536841Z,2023-06-12T12:43:20.025536841Z,2023-06-06T17:18:52.545122601Z,376.6804,docker_cpu_usage_pct,bwa (DA71) (942),bwa (DA71) (942),2822953,942
,,0,2023-05-13T12:43:20.025536841Z,2023-06-12T12:43:20.025536841Z,2023-06-06T17:18:55.545057464Z,796.283,docker_cpu_usage_pct,bwa (DA71) (942),bwa (DA71) (942),2822953,942
,,0,2023-05-13T12:43:20.025536841Z,2023-06-12T12:43:20.025536841Z,2023-06-06T17:18:58.537255522Z,792.5923,docker_cpu_usage_pct,bwa (DA71) (942),bwa (DA71) (942),2822953,942
,,0,2023-05-13T12:43:20.025536841Z,2023-06-12T12:43:20.025536841Z,2023-06-06T17:19:00.532038329Z,796.6364,docker_cpu_usage_pct,bwa (DA71) (942),bwa (DA71) (942),2822953,942
,,0,2023-05-13T12:43:20.025536841Z,2023-06-12T12:43:20.025536841Z,2023-06-06T17:19:02.531853619Z,801.8133,docker_cpu_usage_pct,bwa (DA71) (942),bwa (DA71) (942),2822953,942
,,0,2023-05-13T12:43:20.025536841Z,2023-06-12T12:43:20.025536841Z,2023-06-06T17:19:04.531592379Z,794.9261,docker_cpu_usage_pct,bwa (DA71) (942),bwa (DA71) (942),2822953,942
,,0,2023-05-13T12:43:20.025536841Z,2023-06-12T12:43:20.025536841Z,2023-06-06T17:19:07.531541018Z,799.9302,docker_cpu_usage_pct,bwa (DA71) (942),bwa (DA71) (942),2822953,942
,,0,2023-05-13T12:43:20.025536841Z,2023-06-12T12:43:20.025536841Z,2023-06-06T17:19:09.545083277Z,794.7574,docker_cpu_usage_pct,bwa (DA71) (942),bwa (DA71) (942),2822953,942
,,0,2023-05-13T12:43:20.025536841Z,2023-06-12T12:43:20.025536841Z,2023-06-06T17:19:11.532183466Z,713.2344,docker_cpu_usage_pct,bwa (DA71) (942),bwa (DA71) (942),2822953,942
,,0,2023-05-13T12:43:20.025536841Z,2023-06-12T12:43:20.025536841Z,2023-06-06T17:19:14.532179327Z,769.0234,docker_cpu_usage_pct,bwa (DA71) (942),bwa (DA71) (942),2822953,942
,,0,2023-05-13T12:43:20.025536841Z,2023-06-12T12:43:20.025536841Z,2023-06-06T17:19:17.531636413Z,759.5827,docker_cpu_usage_pct,bwa (DA71) (942),bwa (DA71) (942),2822953,942
,,0,2023-05-13T12:43:20.025536841Z,2023-06-12T12:43:20.025536841Z,2023-06-06T17:19:20.531663691Z,737.7478,docker_cpu_usage_pct,bwa (DA71) (942),bwa (DA71) (942),2822953,942
,,0,2023-05-13T12:43:20.025536841Z,2023-06-12T12:43:20.025536841Z,2023-06-06T17:19:23.531765086Z,757.2053,docker_cpu_usage_pct,bwa (DA71) (942),bwa (DA71) (942),2822953,942
,,0,2023-05-13T12:43:20.025536841Z,2023-06-12T12:43:20.025536841Z,2023-06-06T17:19:26.531709079Z,752.9529,docker_cpu_usage_pct,bwa (DA71) (942),bwa (DA71) (942),2822953,942
,,0,2023-05-13T12:43:20.025536841Z,2023-06-12T12:43:20.025536841Z,2023-06-06T17:19:29.531713508Z,733.1105,docker_cpu_usage_pct,bwa (DA71) (942),bwa (DA71) (942),2822953,942
,,0,2023-05-13T12:43:20.025536841Z,2023-06-12T12:43:20.025536841Z,2023-06-06T17:19:31.541085201Z,799.6874,docker_cpu_usage_pct,bwa (DA71) (942),bwa (DA71) (942),2822953,942
,,0,2023-05-13T12:43:20.025536841Z,2023-06-12T12:43:20.025536841Z,2023-06-06T17:19:35.545079127Z,793.603,docker_cpu_usage_pct,bwa (DA71) (942),bwa (DA71) (942),2822953,942
,,0,2023-05-13T12:43:20.025536841Z,2023-06-12T12:43:20.025536841Z,2023-06-06T17:19:38.531895781Z,792.5537,docker_cpu_usage_pct,bwa (DA71) (942),bwa (DA71) (942),2822953,942
,,0,2023-05-13T12:43:20.025536841Z,2023-06-12T12:43:20.025536841Z,2023-06-06T17:19:40.53159108Z,799.3143,docker_cpu_usage_pct,bwa (DA71) (942),bwa (DA71) (942),2822953,942
,,0,2023-05-13T12:43:20.025536841Z,2023-06-12T12:43:20.025536841Z,2023-06-06T17:19:42.531836948Z,681.138,docker_cpu_usage_pct,bwa (DA71) (942),bwa (DA71) (942),2822953,942
,,0,2023-05-13T12:43:20.025536841Z,2023-06-12T12:43:20.025536841Z,2023-06-06T17:19:44.531734326Z,299.5133,docker_cpu_usage_pct,bwa (DA71) (942),bwa (DA71) (942),2822953,942
,,0,2023-05-13T12:43:20.025536841Z,2023-06-12T12:43:20.025536841Z,2023-06-06T17:19:47.531720917Z,801.1945,docker_cpu_usage_pct,bwa (DA71) (942),bwa (DA71) (942),2822953,942
,,0,2023-05-13T12:43:20.025536841Z,2023-06-12T12:43:20.025536841Z,2023-06-06T17:19:48.532348265Z,800.0698,docker_cpu_usage_pct,bwa (DA71) (942),bwa (DA71) (942),2822953,942
,,0,2023-05-13T12:43:20.025536841Z,2023-06-12T12:43:20.025536841Z,2023-06-06T17:19:50.533336313Z,801.148,docker_cpu_usage_pct,bwa (DA71) (942),bwa (DA71) (942),2822953,942
,,0,2023-05-13T12:43:20.025536841Z,2023-06-12T12:43:20.025536841Z,2023-06-06T17:19:52.532028649Z,800.8692,docker_cpu_usage_pct,bwa (DA71) (942),bwa (DA71) (942),2822953,942
,,0,2023-05-13T12:43:20.025536841Z,2023-06-12T12:43:20.025536841Z,2023-06-06T17:19:55.54507856Z,794.8535,docker_cpu_usage_pct,bwa (DA71) (942),bwa (DA71) (942),2822953,942
,,0,2023-05-13T12:43:20.025536841Z,2023-06-12T12:43:20.025536841Z,2023-06-06T17:19:58.545061133Z,784.8779,docker_cpu_usage_pct,bwa (DA71) (942),bwa (DA71) (942),2822953,942
,,0,2023-05-13T12:43:20.025536841Z,2023-06-12T12:43:20.025536841Z,2023-06-06T17:20:00.531845581Z,765.728,docker_cpu_usage_pct,bwa (DA71) (942),bwa (DA71) (942),2822953,942
,,0,2023-05-13T12:43:20.025536841Z,2023-06-12T12:43:20.025536841Z,2023-06-06T17:20:03.531755427Z,785.7225,docker_cpu_usage_pct,bwa (DA71) (942),bwa (DA71) (942),2822953,942
,,0,2023-05-13T12:43:20.025536841Z,2023-06-12T12:43:20.025536841Z,2023-06-06T17:20:06.531817892Z,731.0873,docker_cpu_usage_pct,bwa (DA71) (942),bwa (DA71) (942),2822953,942
,,0,2023-05-13T12:43:20.025536841Z,2023-06-12T12:43:20.025536841Z,2023-06-06T17:20:09.531802279Z,769.7055,docker_cpu_usage_pct,bwa (DA71) (942),bwa (DA71) (942),2822953,942
,,0,2023-05-13T12:43:20.025536841Z,2023-06-12T12:43:20.025536841Z,2023-06-06T17:20:12.531812429Z,756.6459,docker_cpu_usage_pct,bwa (DA71) (942),bwa (DA71) (942),2822953,942
,,0,2023-05-13T12:43:20.025536841Z,2023-06-12T12:43:20.025536841Z,2023-06-06T17:20:15.531819462Z,760.9566,docker_cpu_usage_pct,bwa (DA71) (942),bwa (DA71) (942),2822953,942
,,0,2023-05-13T12:43:20.025536841Z,2023-06-12T12:43:20.025536841Z,2023-06-06T17:20:18.531709915Z,774.0478,docker_cpu_usage_pct,bwa (DA71) (942),bwa (DA71) (942),2822953,942
,,0,2023-05-13T12:43:20.025536841Z,2023-06-12T12:43:20.025536841Z,2023-06-06T17:20:21.531648223Z,763.9412,docker_cpu_usage_pct,bwa (DA71) (942),bwa (DA71) (942),2822953,942
,,0,2023-05-13T12:43:20.025536841Z,2023-06-12T12:43:20.025536841Z,2023-06-06T17:20:24.531940386Z,777.0623,docker_cpu_usage_pct,bwa (DA71) (942),bwa (DA71) (942),2822953,942
,,0,2023-05-13T12:43:20.025536841Z,2023-06-12T12:43:20.025536841Z,2023-06-06T17:20:27.531897741Z,737.9371,docker_cpu_usage_pct,bwa (DA71) (942),bwa (DA71) (942),2822953,942
,,0,2023-05-13T12:43:20.025536841Z,2023-06-12T12:43:20.025536841Z,2023-06-06T17:20:30.531937332Z,792.4485,docker_cpu_usage_pct,bwa (DA71) (942),bwa (DA71) (942),2822953,942
,,0,2023-05-13T12:43:20.025536841Z,2023-06-12T12:43:20.025536841Z,2023-06-06T17:20:33.53175043Z,779.9632,docker_cpu_usage_pct,bwa (DA71) (942),bwa (DA71) (942),2822953,942
,,0,2023-05-13T12:43:20.025536841Z,2023-06-12T12:43:20.025536841Z,2023-06-06T17:20:35.537071922Z,770.6365,docker_cpu_usage_pct,bwa (DA71) (942),bwa (DA71) (942),2822953,942
,,0,2023-05-13T12:43:20.025536841Z,2023-06-12T12:43:20.025536841Z,2023-06-06T17:20:38.532285946Z,569.8582,docker_cpu_usage_pct,bwa (DA71) (942),bwa (DA71) (942),2822953,942
,,0,2023-05-13T12:43:20.025536841Z,2023-06-12T12:43:20.025536841Z,2023-06-06T17:20:40.531819535Z,441.3394,docker_cpu_usage_pct,bwa (DA71) (942),bwa (DA71) (942),2822953,942
,,0,2023-05-13T12:43:20.025536841Z,2023-06-12T12:43:20.025536841Z,2023-06-06T17:20:42.531542642Z,201.0167,docker_cpu_usage_pct,bwa (DA71) (942),bwa (DA71) (942),2822953,942
,,0,2023-05-13T12:43:20.025536841Z,2023-06-12T12:43:20.025536841Z,2023-06-06T17:20:44.532308353Z,147.9042,docker_cpu_usage_pct,bwa (DA71) (942),bwa (DA71) (942),2822953,942
,,0,2023-05-13T12:43:20.025536841Z,2023-06-12T12:43:20.025536841Z,2023-06-06T17:20:47.537238781Z,124.6739,docker_cpu_usage_pct,bwa (DA71) (942),bwa (DA71) (942),2822953,942
,,0,2023-05-13T12:43:20.025536841Z,2023-06-12T12:43:20.025536841Z,2023-06-06T17:20:50.541321774Z,794.8184,docker_cpu_usage_pct,bwa (DA71) (942),bwa (DA71) (942),2822953,942
,,0,2023-05-13T12:43:20.025536841Z,2023-06-12T12:43:20.025536841Z,2023-06-06T17:20:53.541449913Z,791.8856,docker_cpu_usage_pct,bwa (DA71) (942),bwa (DA71) (942),2822953,942
,,0,2023-05-13T12:43:20.025536841Z,2023-06-12T12:43:20.025536841Z,2023-06-06T17:20:56.532250254Z,800.7822,docker_cpu_usage_pct,bwa (DA71) (942),bwa (DA71) (942),2822953,942
,,0,2023-05-13T12:43:20.025536841Z,2023-06-12T12:43:20.025536841Z,2023-06-06T17:20:58.537294634Z,799.854,docker_cpu_usage_pct,bwa (DA71) (942),bwa (DA71) (942),2822953,942
,,0,2023-05-13T12:43:20.025536841Z,2023-06-12T12:43:20.025536841Z,2023-06-06T17:21:00.532088624Z,799.5878,docker_cpu_usage_pct,bwa (DA71) (942),bwa (DA71) (942),2822953,942
,,0,2023-05-13T12:43:20.025536841Z,2023-06-12T12:43:20.025536841Z,2023-06-06T17:21:02.533336084Z,798.8587,docker_cpu_usage_pct,bwa (DA71) (942),bwa (DA71) (942),2822953,942
,,0,2023-05-13T12:43:20.025536841Z,2023-06-12T12:43:20.025536841Z,2023-06-06T17:21:05.531694848Z,799.0382,docker_cpu_usage_pct,bwa (DA71) (942),bwa (DA71) (942),2822953,942
,,0,2023-05-13T12:43:20.025536841Z,2023-06-12T12:43:20.025536841Z,2023-06-06T17:21:08.54508434Z,765.6711,docker_cpu_usage_pct,bwa (DA71) (942),bwa (DA71) (942),2822953,942
,,0,2023-05-13T12:43:20.025536841Z,2023-06-12T12:43:20.025536841Z,2023-06-06T17:21:11.541109655Z,797.6557,docker_cpu_usage_pct,bwa (DA71) (942),bwa (DA71) (942),2822953,942
,,0,2023-05-13T12:43:20.025536841Z,2023-06-12T12:43:20.025536841Z,2023-06-06T17:21:14.545155932Z,797.4681,docker_cpu_usage_pct,bwa (DA71) (942),bwa (DA71) (942),2822953,942
,,0,2023-05-13T12:43:20.025536841Z,2023-06-12T12:43:20.025536841Z,2023-06-06T17:21:17.532122721Z,796.2288,docker_cpu_usage_pct,bwa (DA71) (942),bwa (DA71) (942),2822953,942
,,0,2023-05-13T12:43:20.025536841Z,2023-06-12T12:43:20.025536841Z,2023-06-06T17:21:19.541258507Z,797.8098,docker_cpu_usage_pct,bwa (DA71) (942),bwa (DA71) (942),2822953,942
,,0,2023-05-13T12:43:20.025536841Z,2023-06-12T12:43:20.025536841Z,2023-06-06T17:21:22.533272343Z,786.1208,docker_cpu_usage_pct,bwa (DA71) (942),bwa (DA71) (942),2822953,942
,,0,2023-05-13T12:43:20.025536841Z,2023-06-12T12:43:20.025536841Z,2023-06-06T17:21:24.531690196Z,771.1504,docker_cpu_usage_pct,bwa (DA71) (942),bwa (DA71) (942),2822953,942
,,0,2023-05-13T12:43:20.025536841Z,2023-06-12T12:43:20.025536841Z,2023-06-06T17:21:26.531526788Z,798.8028,docker_cpu_usage_pct,bwa (DA71) (942),bwa (DA71) (942),2822953,942
,,0,2023-05-13T12:43:20.025536841Z,2023-06-12T12:43:20.025536841Z,2023-06-06T17:21:29.537336136Z,782.5057,docker_cpu_usage_pct,bwa (DA71) (942),bwa (DA71) (942),2822953,942
,,0,2023-05-13T12:43:20.025536841Z,2023-06-12T12:43:20.025536841Z,2023-06-06T17:21:32.531692458Z,791.1595,docker_cpu_usage_pct,bwa (DA71) (942),bwa (DA71) (942),2822953,942
,,0,2023-05-13T12:43:20.025536841Z,2023-06-12T12:43:20.025536841Z,2023-06-06T17:21:35.531778888Z,799.8076,docker_cpu_usage_pct,bwa (DA71) (942),bwa (DA71) (942),2822953,942
,,0,2023-05-13T12:43:20.025536841Z,2023-06-12T12:43:20.025536841Z,2023-06-06T17:21:37.531513332Z,498.2108,docker_cpu_usage_pct,bwa (DA71) (942),bwa (DA71) (942),2822953,942
,,0,2023-05-13T12:43:20.025536841Z,2023-06-12T12:43:20.025536841Z,2023-06-06T17:21:39.531592729Z,242.8796,docker_cpu_usage_pct,bwa (DA71) (942),bwa (DA71) (942),2822953,942
,,0,2023-05-13T12:43:20.025536841Z,2023-06-12T12:43:20.025536841Z,2023-06-06T17:21:41.532397421Z,200.1426,docker_cpu_usage_pct,bwa (DA71) (942),bwa (DA71) (942),2822953,942
,,0,2023-05-13T12:43:20.025536841Z,2023-06-12T12:43:20.025536841Z,2023-06-06T17:21:43.532099828Z,148.0804,docker_cpu_usage_pct,bwa (DA71) (942),bwa (DA71) (942),2822953,942
,,0,2023-05-13T12:43:20.025536841Z,2023-06-12T12:43:20.025536841Z,2023-06-06T17:21:45.531825447Z,100.0537,docker_cpu_usage_pct,bwa (DA71) (942),bwa (DA71) (942),2822953,942
,,0,2023-05-13T12:43:20.025536841Z,2023-06-12T12:43:20.025536841Z,2023-06-06T17:21:48.537072366Z,94.0018,docker_cpu_usage_pct,bwa (DA71) (942),bwa (DA71) (942),2822953,942
,,0,2023-05-13T12:43:20.025536841Z,2023-06-12T12:43:20.025536841Z,2023-06-06T17:21:51.545124508Z,797.2077,docker_cpu_usage_pct,bwa (DA71) (942),bwa (DA71) (942),2822953,942
,,0,2023-05-13T12:43:20.025536841Z,2023-06-12T12:43:20.025536841Z,2023-06-06T17:21:54.545081832Z,793.3091,docker_cpu_usage_pct,bwa (DA71) (942),bwa (DA71) (942),2822953,942
,,0,2023-05-13T12:43:20.025536841Z,2023-06-12T12:43:20.025536841Z,2023-06-06T17:21:57.54508536Z,796.1975,docker_cpu_usage_pct,bwa (DA71) (942),bwa (DA71) (942),2822953,942
,,0,2023-05-13T12:43:20.025536841Z,2023-06-12T12:43:20.025536841Z,2023-06-06T17:22:00.531603955Z,798.7941,docker_cpu_usage_pct,bwa (DA71) (942),bwa (DA71) (942),2822953,942
,,0,2023-05-13T12:43:20.025536841Z,2023-06-12T12:43:20.025536841Z,2023-06-06T17:22:01.532168767Z,803.5211,docker_cpu_usage_pct,bwa (DA71) (942),bwa (DA71) (942),2822953,942
,,0,2023-05-13T12:43:20.025536841Z,2023-06-12T12:43:20.025536841Z,2023-06-06T17:22:03.532060574Z,801.1045,docker_cpu_usage_pct,bwa (DA71) (942),bwa (DA71) (942),2822953,942
,,0,2023-05-13T12:43:20.025536841Z,2023-06-12T12:43:20.025536841Z,2023-06-06T17:22:06.531921415Z,798.9045,docker_cpu_usage_pct,bwa (DA71) (942),bwa (DA71) (942),2822953,942
,,0,2023-05-13T12:43:20.025536841Z,2023-06-12T12:43:20.025536841Z,2023-06-06T17:22:08.531610587Z,802.8254,docker_cpu_usage_pct,bwa (DA71) (942),bwa (DA71) (942),2822953,942
,,0,2023-05-13T12:43:20.025536841Z,2023-06-12T12:43:20.025536841Z,2023-06-06T17:22:10.553236179Z,798.1151,docker_cpu_usage_pct,bwa (DA71) (942),bwa (DA71) (942),2822953,942
,,0,2023-05-13T12:43:20.025536841Z,2023-06-12T12:43:20.025536841Z,2023-06-06T17:22:12.545087871Z,790.5261,docker_cpu_usage_pct,bwa (DA71) (942),bwa (DA71) (942),2822953,942
,,0,2023-05-13T12:43:20.025536841Z,2023-06-12T12:43:20.025536841Z,2023-06-06T17:22:15.545176828Z,796.1155,docker_cpu_usage_pct,bwa (DA71) (942),bwa (DA71) (942),2822953,942
,,0,2023-05-13T12:43:20.025536841Z,2023-06-12T12:43:20.025536841Z,2023-06-06T17:22:18.533018482Z,792.2721,docker_cpu_usage_pct,bwa (DA71) (942),bwa (DA71) (942),2822953,942
,,0,2023-05-13T12:43:20.025536841Z,2023-06-12T12:43:20.025536841Z,2023-06-06T17:22:21.545084012Z,793.8543,docker_cpu_usage_pct,bwa (DA71) (942),bwa (DA71) (942),2822953,942
,,0,2023-05-13T12:43:20.025536841Z,2023-06-12T12:43:20.025536841Z,2023-06-06T17:22:24.541178918Z,796.6046,docker_cpu_usage_pct,bwa (DA71) (942),bwa (DA71) (942),2822953,942
,,0,2023-05-13T12:43:20.025536841Z,2023-06-12T12:43:20.025536841Z,2023-06-06T17:22:27.537113861Z,798.3155,docker_cpu_usage_pct,bwa (DA71) (942),bwa (DA71) (942),2822953,942
,,0,2023-05-13T12:43:20.025536841Z,2023-06-12T12:43:20.025536841Z,2023-06-06T17:22:30.545131658Z,791.6493,docker_cpu_usage_pct,bwa (DA71) (942),bwa (DA71) (942),2822953,942
,,0,2023-05-13T12:43:20.025536841Z,2023-06-12T12:43:20.025536841Z,2023-06-06T17:22:33.541144059Z,797.5119,docker_cpu_usage_pct,bwa (DA71) (942),bwa (DA71) (942),2822953,942
,,0,2023-05-13T12:43:20.025536841Z,2023-06-12T12:43:20.025536841Z,2023-06-06T17:22:36.545091169Z,797.2893,docker_cpu_usage_pct,bwa (DA71) (942),bwa (DA71) (942),2822953,942
,,0,2023-05-13T12:43:20.025536841Z,2023-06-12T12:43:20.025536841Z,2023-06-06T17:22:39.537163669Z,796.2702,docker_cpu_usage_pct,bwa (DA71) (942),bwa (DA71) (942),2822953,942
,,0,2023-05-13T12:43:20.025536841Z,2023-06-12T12:43:20.025536841Z,2023-06-06T17:22:42.541344061Z,790.8803,docker_cpu_usage_pct,bwa (DA71) (942),bwa (DA71) (942),2822953,942
,,0,2023-05-13T12:43:20.025536841Z,2023-06-12T12:43:20.025536841Z,2023-06-06T17:22:45.541324941Z,797.336,docker_cpu_usage_pct,bwa (DA71) (942),bwa (DA71) (942),2822953,942
,,0,2023-05-13T12:43:20.025536841Z,2023-06-12T12:43:20.025536841Z,2023-06-06T17:22:48.537084117Z,796.1283,docker_cpu_usage_pct,bwa (DA71) (942),bwa (DA71) (942),2822953,942
,,0,2023-05-13T12:43:20.025536841Z,2023-06-12T12:43:20.025536841Z,2023-06-06T17:22:51.531996088Z,483.6134,docker_cpu_usage_pct,bwa (DA71) (942),bwa (DA71) (942),2822953,942
,,0,2023-05-13T12:43:20.025536841Z,2023-06-12T12:43:20.025536841Z,2023-06-06T17:22:53.531762349Z,142.1081,docker_cpu_usage_pct,bwa (DA71) (942),bwa (DA71) (942),2822953,942
,,0,2023-05-13T12:43:20.025536841Z,2023-06-12T12:43:20.025536841Z,2023-06-06T17:22:55.531678526Z,99.5373,docker_cpu_usage_pct,bwa (DA71) (942),bwa (DA71) (942),2822953,942
,,0,2023-05-13T12:43:20.025536841Z,2023-06-12T12:43:20.025536841Z,2023-06-06T17:22:57.54112344Z,794.1604,docker_cpu_usage_pct,bwa (DA71) (942),bwa (DA71) (942),2822953,942
,,0,2023-05-13T12:43:20.025536841Z,2023-06-12T12:43:20.025536841Z,2023-06-06T17:23:00.545125513Z,784.8103,docker_cpu_usage_pct,bwa (DA71) (942),bwa (DA71) (942),2822953,942
,,0,2023-05-13T12:43:20.025536841Z,2023-06-12T12:43:20.025536841Z,2023-06-06T17:23:03.545068486Z,787.953,docker_cpu_usage_pct,bwa (DA71) (942),bwa (DA71) (942),2822953,942
,,0,2023-05-13T12:43:20.025536841Z,2023-06-12T12:43:20.025536841Z,2023-06-06T17:23:07.53710834Z,795.8558,docker_cpu_usage_pct,bwa (DA71) (942),bwa (DA71) (942),2822953,942
,,0,2023-05-13T12:43:20.025536841Z,2023-06-12T12:43:20.025536841Z,2023-06-06T17:23:09.532470467Z,789.6018,docker_cpu_usage_pct,bwa (DA71) (942),bwa (DA71) (942),2822953,942
,,0,2023-05-13T12:43:20.025536841Z,2023-06-12T12:43:20.025536841Z,2023-06-06T17:23:11.532050531Z,799.9865,docker_cpu_usage_pct,bwa (DA71) (942),bwa (DA71) (942),2822953,942
,,0,2023-05-13T12:43:20.025536841Z,2023-06-12T12:43:20.025536841Z,2023-06-06T17:23:14.545157289Z,795.2984,docker_cpu_usage_pct,bwa (DA71) (942),bwa (DA71) (942),2822953,942
,,0,2023-05-13T12:43:20.025536841Z,2023-06-12T12:43:20.025536841Z,2023-06-06T17:23:17.545075963Z,790.9704,docker_cpu_usage_pct,bwa (DA71) (942),bwa (DA71) (942),2822953,942
,,0,2023-05-13T12:43:20.025536841Z,2023-06-12T12:43:20.025536841Z,2023-06-06T17:23:20.545136384Z,792.7479,docker_cpu_usage_pct,bwa (DA71) (942),bwa (DA71) (942),2822953,942
,,0,2023-05-13T12:43:20.025536841Z,2023-06-12T12:43:20.025536841Z,2023-06-06T17:23:23.545180857Z,791.4831,docker_cpu_usage_pct,bwa (DA71) (942),bwa (DA71) (942),2822953,942
,,0,2023-05-13T12:43:20.025536841Z,2023-06-12T12:43:20.025536841Z,2023-06-06T17:23:26.545089538Z,779.8325,docker_cpu_usage_pct,bwa (DA71) (942),bwa (DA71) (942),2822953,942
,,0,2023-05-13T12:43:20.025536841Z,2023-06-12T12:43:20.025536841Z,2023-06-06T17:23:29.533585892Z,793.0011,docker_cpu_usage_pct,bwa (DA71) (942),bwa (DA71) (942),2822953,942
,,0,2023-05-13T12:43:20.025536841Z,2023-06-12T12:43:20.025536841Z,2023-06-06T17:23:32.533555939Z,781.4902,docker_cpu_usage_pct,bwa (DA71) (942),bwa (DA71) (942),2822953,942
,,0,2023-05-13T12:43:20.025536841Z,2023-06-12T12:43:20.025536841Z,2023-06-06T17:23:35.533017462Z,793.3483,docker_cpu_usage_pct,bwa (DA71) (942),bwa (DA71) (942),2822953,942
,,0,2023-05-13T12:43:20.025536841Z,2023-06-12T12:43:20.025536841Z,2023-06-06T17:23:37.53164664Z,793.1577,docker_cpu_usage_pct,bwa (DA71) (942),bwa (DA71) (942),2822953,942
,,0,2023-05-13T12:43:20.025536841Z,2023-06-12T12:43:20.025536841Z,2023-06-06T17:23:39.531441026Z,797.6483,docker_cpu_usage_pct,bwa (DA71) (942),bwa (DA71) (942),2822953,942
,,0,2023-05-13T12:43:20.025536841Z,2023-06-12T12:43:20.025536841Z,2023-06-06T17:23:41.532293637Z,796.2612,docker_cpu_usage_pct,bwa (DA71) (942),bwa (DA71) (942),2822953,942
,,0,2023-05-13T12:43:20.025536841Z,2023-06-12T12:43:20.025536841Z,2023-06-06T17:23:44.545066767Z,800.0094,docker_cpu_usage_pct,bwa (DA71) (942),bwa (DA71) (942),2822953,942
,,0,2023-05-13T12:43:20.025536841Z,2023-06-12T12:43:20.025536841Z,2023-06-06T17:23:47.541145181Z,783.4647,docker_cpu_usage_pct,bwa (DA71) (942),bwa (DA71) (942),2822953,942
,,0,2023-05-13T12:43:20.025536841Z,2023-06-12T12:43:20.025536841Z,2023-06-06T17:23:50.541363359Z,783.5549,docker_cpu_usage_pct,bwa (DA71) (942),bwa (DA71) (942),2822953,942
,,0,2023-05-13T12:43:20.025536841Z,2023-06-12T12:43:20.025536841Z,2023-06-06T17:23:53.537168428Z,701.6396,docker_cpu_usage_pct,bwa (DA71) (942),bwa (DA71) (942),2822953,942
,,0,2023-05-13T12:43:20.025536841Z,2023-06-12T12:43:20.025536841Z,2023-06-06T17:23:55.531862037Z,517.911,docker_cpu_usage_pct,bwa (DA71) (942),bwa (DA71) (942),2822953,942
,,0,2023-05-13T12:43:20.025536841Z,2023-06-12T12:43:20.025536841Z,2023-06-06T17:23:57.533246363Z,199.4183,docker_cpu_usage_pct,bwa (DA71) (942),bwa (DA71) (942),2822953,942
,,0,2023-05-13T12:43:20.025536841Z,2023-06-12T12:43:20.025536841Z,2023-06-06T17:23:59.531994976Z,180.1522,docker_cpu_usage_pct,bwa (DA71) (942),bwa (DA71) (942),2822953,942
,,0,2023-05-13T12:43:20.025536841Z,2023-06-12T12:43:20.025536841Z,2023-06-06T17:24:01.537261719Z,99.1629,docker_cpu_usage_pct,bwa (DA71) (942),bwa (DA71) (942),2822953,942
,,0,2023-05-13T12:43:20.025536841Z,2023-06-12T12:43:20.025536841Z,2023-06-06T17:24:03.537310185Z,779.7165,docker_cpu_usage_pct,bwa (DA71) (942),bwa (DA71) (942),2822953,942
,,0,2023-05-13T12:43:20.025536841Z,2023-06-12T12:43:20.025536841Z,2023-06-06T17:24:05.541215167Z,797.3403,docker_cpu_usage_pct,bwa (DA71) (942),bwa (DA71) (942),2822953,942
,,0,2023-05-13T12:43:20.025536841Z,2023-06-12T12:43:20.025536841Z,2023-06-06T17:24:07.532217543Z,803.1949,docker_cpu_usage_pct,bwa (DA71) (942),bwa (DA71) (942),2822953,942
,,0,2023-05-13T12:43:20.025536841Z,2023-06-12T12:43:20.025536841Z,2023-06-06T17:24:09.53189278Z,796.8658,docker_cpu_usage_pct,bwa (DA71) (942),bwa (DA71) (942),2822953,942
,,0,2023-05-13T12:43:20.025536841Z,2023-06-12T12:43:20.025536841Z,2023-06-06T17:24:11.531553267Z,799.5238,docker_cpu_usage_pct,bwa (DA71) (942),bwa (DA71) (942),2822953,942
,,0,2023-05-13T12:43:20.025536841Z,2023-06-12T12:43:20.025536841Z,2023-06-06T17:24:13.541100555Z,799.4986,docker_cpu_usage_pct,bwa (DA71) (942),bwa (DA71) (942),2822953,942
,,0,2023-05-13T12:43:20.025536841Z,2023-06-12T12:43:20.025536841Z,2023-06-06T17:24:16.533259093Z,794.0143,docker_cpu_usage_pct,bwa (DA71) (942),bwa (DA71) (942),2822953,942
,,0,2023-05-13T12:43:20.025536841Z,2023-06-12T12:43:20.025536841Z,2023-06-06T17:24:19.541413769Z,797.5603,docker_cpu_usage_pct,bwa (DA71) (942),bwa (DA71) (942),2822953,942
,,0,2023-05-13T12:43:20.025536841Z,2023-06-12T12:43:20.025536841Z,2023-06-06T17:24:22.531684079Z,796.2685,docker_cpu_usage_pct,bwa (DA71) (942),bwa (DA71) (942),2822953,942
,,0,2023-05-13T12:43:20.025536841Z,2023-06-12T12:43:20.025536841Z,2023-06-06T17:24:25.541048999Z,802.9914,docker_cpu_usage_pct,bwa (DA71) (942),bwa (DA71) (942),2822953,942
,,0,2023-05-13T12:43:20.025536841Z,2023-06-12T12:43:20.025536841Z,2023-06-06T17:24:28.531708437Z,797.0674,docker_cpu_usage_pct,bwa (DA71) (942),bwa (DA71) (942),2822953,942
,,0,2023-05-13T12:43:20.025536841Z,2023-06-12T12:43:20.025536841Z,2023-06-06T17:24:30.531465836Z,796.9416,docker_cpu_usage_pct,bwa (DA71) (942),bwa (DA71) (942),2822953,942
,,0,2023-05-13T12:43:20.025536841Z,2023-06-12T12:43:20.025536841Z,2023-06-06T17:24:32.537240581Z,797.8671,docker_cpu_usage_pct,bwa (DA71) (942),bwa (DA71) (942),2822953,942
,,0,2023-05-13T12:43:20.025536841Z,2023-06-12T12:43:20.025536841Z,2023-06-06T17:24:34.532102294Z,793.402,docker_cpu_usage_pct,bwa (DA71) (942),bwa (DA71) (942),2822953,942
,,0,2023-05-13T12:43:20.025536841Z,2023-06-12T12:43:20.025536841Z,2023-06-06T17:24:36.531834585Z,799.0889,docker_cpu_usage_pct,bwa (DA71) (942),bwa (DA71) (942),2822953,942
,,0,2023-05-13T12:43:20.025536841Z,2023-06-12T12:43:20.025536841Z,2023-06-06T17:24:39.545143372Z,771.4282,docker_cpu_usage_pct,bwa (DA71) (942),bwa (DA71) (942),2822953,942
,,0,2023-05-13T12:43:20.025536841Z,2023-06-12T12:43:20.025536841Z,2023-06-06T17:24:42.545023667Z,783.7486,docker_cpu_usage_pct,bwa (DA71) (942),bwa (DA71) (942),2822953,942
,,0,2023-05-13T12:43:20.025536841Z,2023-06-12T12:43:20.025536841Z,2023-06-06T17:24:45.543200829Z,790.733,docker_cpu_usage_pct,bwa (DA71) (942),bwa (DA71) (942),2822953,942
,,0,2023-05-13T12:43:20.025536841Z,2023-06-12T12:43:20.025536841Z,2023-06-06T17:24:48.531915586Z,794.2221,docker_cpu_usage_pct,bwa (DA71) (942),bwa (DA71) (942),2822953,942
,,0,2023-05-13T12:43:20.025536841Z,2023-06-12T12:43:20.025536841Z,2023-06-06T17:24:51.533256595Z,599.7575,docker_cpu_usage_pct,bwa (DA71) (942),bwa (DA71) (942),2822953,942
,,0,2023-05-13T12:43:20.025536841Z,2023-06-12T12:43:20.025536841Z,2023-06-06T17:24:54.53166039Z,461.2181,docker_cpu_usage_pct,bwa (DA71) (942),bwa (DA71) (942),2822953,942
,,0,2023-05-13T12:43:20.025536841Z,2023-06-12T12:43:20.025536841Z,2023-06-06T17:24:56.531746441Z,212.1653,docker_cpu_usage_pct,bwa (DA71) (942),bwa (DA71) (942),2822953,942
,,0,2023-05-13T12:43:20.025536841Z,2023-06-12T12:43:20.025536841Z,2023-06-06T17:24:58.541255259Z,446.97,docker_cpu_usage_pct,bwa (DA71) (942),bwa (DA71) (942),2822953,942
,,0,2023-05-13T12:43:20.025536841Z,2023-06-12T12:43:20.025536841Z,2023-06-06T17:25:00.533363914Z,792.656,docker_cpu_usage_pct,bwa (DA71) (942),bwa (DA71) (942),2822953,942
,,0,2023-05-13T12:43:20.025536841Z,2023-06-12T12:43:20.025536841Z,2023-06-06T17:25:03.541320374Z,787.7131,docker_cpu_usage_pct,bwa (DA71) (942),bwa (DA71) (942),2822953,942
,,0,2023-05-13T12:43:20.025536841Z,2023-06-12T12:43:20.025536841Z,2023-06-06T17:25:05.541058268Z,729.2815,docker_cpu_usage_pct,bwa (DA71) (942),bwa (DA71) (942),2822953,942
,,0,2023-05-13T12:43:20.025536841Z,2023-06-12T12:43:20.025536841Z,2023-06-06T17:25:08.531614448Z,793.8591,docker_cpu_usage_pct,bwa (DA71) (942),bwa (DA71) (942),2822953,942
,,0,2023-05-13T12:43:20.025536841Z,2023-06-12T12:43:20.025536841Z,2023-06-06T17:25:10.533280507Z,795.0963,docker_cpu_usage_pct,bwa (DA71) (942),bwa (DA71) (942),2822953,942
,,0,2023-05-13T12:43:20.025536841Z,2023-06-12T12:43:20.025536841Z,2023-06-06T17:25:13.532238322Z,795.948,docker_cpu_usage_pct,bwa (DA71) (942),bwa (DA71) (942),2822953,942
,,0,2023-05-13T12:43:20.025536841Z,2023-06-12T12:43:20.025536841Z,2023-06-06T17:25:15.532056743Z,796.2067,docker_cpu_usage_pct,bwa (DA71) (942),bwa (DA71) (942),2822953,942
,,0,2023-05-13T12:43:20.025536841Z,2023-06-12T12:43:20.025536841Z,2023-06-06T17:25:17.531817313Z,799.1316,docker_cpu_usage_pct,bwa (DA71) (942),bwa (DA71) (942),2822953,942
,,0,2023-05-13T12:43:20.025536841Z,2023-06-12T12:43:20.025536841Z,2023-06-06T17:25:20.537290924Z,786.3301,docker_cpu_usage_pct,bwa (DA71) (942),bwa (DA71) (942),2822953,942
,,0,2023-05-13T12:43:20.025536841Z,2023-06-12T12:43:20.025536841Z,2023-06-06T17:25:23.541296358Z,792.2243,docker_cpu_usage_pct,bwa (DA71) (942),bwa (DA71) (942),2822953,942
,,0,2023-05-13T12:43:20.025536841Z,2023-06-12T12:43:20.025536841Z,2023-06-06T17:25:25.536955009Z,796.8902,docker_cpu_usage_pct,bwa (DA71) (942),bwa (DA71) (942),2822953,942
,,0,2023-05-13T12:43:20.025536841Z,2023-06-12T12:43:20.025536841Z,2023-06-06T17:25:27.531889007Z,797.0788,docker_cpu_usage_pct,bwa (DA71) (942),bwa (DA71) (942),2822953,942
,,0,2023-05-13T12:43:20.025536841Z,2023-06-12T12:43:20.025536841Z,2023-06-06T17:25:29.531638712Z,799.2457,docker_cpu_usage_pct,bwa (DA71) (942),bwa (DA71) (942),2822953,942
,,0,2023-05-13T12:43:20.025536841Z,2023-06-12T12:43:20.025536841Z,2023-06-06T17:25:32.541266564Z,792.1463,docker_cpu_usage_pct,bwa (DA71) (942),bwa (DA71) (942),2822953,942
,,0,2023-05-13T12:43:20.025536841Z,2023-06-12T12:43:20.025536841Z,2023-06-06T17:25:35.541316308Z,801.215,docker_cpu_usage_pct,bwa (DA71) (942),bwa (DA71) (942),2822953,942
,,0,2023-05-13T12:43:20.025536841Z,2023-06-12T12:43:20.025536841Z,2023-06-06T17:25:38.54123624Z,794.8979,docker_cpu_usage_pct,bwa (DA71) (942),bwa (DA71) (942),2822953,942
,,0,2023-05-13T12:43:20.025536841Z,2023-06-12T12:43:20.025536841Z,2023-06-06T17:25:41.541271577Z,799.441,docker_cpu_usage_pct,bwa (DA71) (942),bwa (DA71) (942),2822953,942
,,0,2023-05-13T12:43:20.025536841Z,2023-06-12T12:43:20.025536841Z,2023-06-06T17:25:44.541281656Z,796.2792,docker_cpu_usage_pct,bwa (DA71) (942),bwa (DA71) (942),2822953,942
,,0,2023-05-13T12:43:20.025536841Z,2023-06-12T12:43:20.025536841Z,2023-06-06T17:25:47.537294036Z,797.8798,docker_cpu_usage_pct,bwa (DA71) (942),bwa (DA71) (942),2822953,942
,,0,2023-05-13T12:43:20.025536841Z,2023-06-12T12:43:20.025536841Z,2023-06-06T17:25:50.53166328Z,641.8107,docker_cpu_usage_pct,bwa (DA71) (942),bwa (DA71) (942),2822953,942
,,0,2023-05-13T12:43:20.025536841Z,2023-06-12T12:43:20.025536841Z,2023-06-06T17:25:53.53141941Z,455.5357,docker_cpu_usage_pct,bwa (DA71) (942),bwa (DA71) (942),2822953,942
,,0,2023-05-13T12:43:20.025536841Z,2023-06-12T12:43:20.025536841Z,2023-06-06T17:25:55.545073141Z,99.0124,docker_cpu_usage_pct,bwa (DA71) (942),bwa (DA71) (942),2822953,942
,,0,2023-05-13T12:43:20.025536841Z,2023-06-12T12:43:20.025536841Z,2023-06-06T17:25:57.545166992Z,787.3618,docker_cpu_usage_pct,bwa (DA71) (942),bwa (DA71) (942),2822953,942
,,0,2023-05-13T12:43:20.025536841Z,2023-06-12T12:43:20.025536841Z,2023-06-06T17:26:00.541109041Z,793.4783,docker_cpu_usage_pct,bwa (DA71) (942),bwa (DA71) (942),2822953,942
,,0,2023-05-13T12:43:20.025536841Z,2023-06-12T12:43:20.025536841Z,2023-06-06T17:26:03.532070119Z,797.8386,docker_cpu_usage_pct,bwa (DA71) (942),bwa (DA71) (942),2822953,942
,,0,2023-05-13T12:43:20.025536841Z,2023-06-12T12:43:20.025536841Z,2023-06-06T17:26:05.531995543Z,793.7252,docker_cpu_usage_pct,bwa (DA71) (942),bwa (DA71) (942),2822953,942
,,0,2023-05-13T12:43:20.025536841Z,2023-06-12T12:43:20.025536841Z,2023-06-06T17:26:08.531856713Z,790.2537,docker_cpu_usage_pct,bwa (DA71) (942),bwa (DA71) (942),2822953,942
,,0,2023-05-13T12:43:20.025536841Z,2023-06-12T12:43:20.025536841Z,2023-06-06T17:26:11.538161329Z,785.1289,docker_cpu_usage_pct,bwa (DA71) (942),bwa (DA71) (942),2822953,942
,,0,2023-05-13T12:43:20.025536841Z,2023-06-12T12:43:20.025536841Z,2023-06-06T17:26:14.531640046Z,797.6354,docker_cpu_usage_pct,bwa (DA71) (942),bwa (DA71) (942),2822953,942
,,0,2023-05-13T12:43:20.025536841Z,2023-06-12T12:43:20.025536841Z,2023-06-06T17:26:15.532139398Z,801.3481,docker_cpu_usage_pct,bwa (DA71) (942),bwa (DA71) (942),2822953,942
,,0,2023-05-13T12:43:20.025536841Z,2023-06-12T12:43:20.025536841Z,2023-06-06T17:26:18.532047328Z,801.0875,docker_cpu_usage_pct,bwa (DA71) (942),bwa (DA71) (942),2822953,942
,,0,2023-05-13T12:43:20.025536841Z,2023-06-12T12:43:20.025536841Z,2023-06-06T17:26:20.531908199Z,796.8162,docker_cpu_usage_pct,bwa (DA71) (942),bwa (DA71) (942),2822953,942
,,0,2023-05-13T12:43:20.025536841Z,2023-06-12T12:43:20.025536841Z,2023-06-06T17:26:23.545098444Z,776.3519,docker_cpu_usage_pct,bwa (DA71) (942),bwa (DA71) (942),2822953,942
,,0,2023-05-13T12:43:20.025536841Z,2023-06-12T12:43:20.025536841Z,2023-06-06T17:26:27.531673446Z,794.6687,docker_cpu_usage_pct,bwa (DA71) (942),bwa (DA71) (942),2822953,942
,,0,2023-05-13T12:43:20.025536841Z,2023-06-12T12:43:20.025536841Z,2023-06-06T17:26:30.531706325Z,786.8594,docker_cpu_usage_pct,bwa (DA71) (942),bwa (DA71) (942),2822953,942
,,0,2023-05-13T12:43:20.025536841Z,2023-06-12T12:43:20.025536841Z,2023-06-06T17:26:32.541164324Z,797.866,docker_cpu_usage_pct,bwa (DA71) (942),bwa (DA71) (942),2822953,942
,,0,2023-05-13T12:43:20.025536841Z,2023-06-12T12:43:20.025536841Z,2023-06-06T17:26:36.533032685Z,796.5105,docker_cpu_usage_pct,bwa (DA71) (942),bwa (DA71) (942),2822953,942
,,0,2023-05-13T12:43:20.025536841Z,2023-06-12T12:43:20.025536841Z,2023-06-06T17:26:39.541089879Z,793.6293,docker_cpu_usage_pct,bwa (DA71) (942),bwa (DA71) (942),2822953,942
,,0,2023-05-13T12:43:20.025536841Z,2023-06-12T12:43:20.025536841Z,2023-06-06T17:26:42.541154443Z,795.6078,docker_cpu_usage_pct,bwa (DA71) (942),bwa (DA71) (942),2822953,942
,,0,2023-05-13T12:43:20.025536841Z,2023-06-12T12:43:20.025536841Z,2023-06-06T17:26:45.54908876Z,795.4732,docker_cpu_usage_pct,bwa (DA71) (942),bwa (DA71) (942),2822953,942
,,0,2023-05-13T12:43:20.025536841Z,2023-06-12T12:43:20.025536841Z,2023-06-06T17:26:47.531687146Z,619.2919,docker_cpu_usage_pct,bwa (DA71) (942),bwa (DA71) (942),2822953,942
,,0,2023-05-13T12:43:20.025536841Z,2023-06-12T12:43:20.025536841Z,2023-06-06T17:26:49.532355813Z,400.9572,docker_cpu_usage_pct,bwa (DA71) (942),bwa (DA71) (942),2822953,942
,,0,2023-05-13T12:43:20.025536841Z,2023-06-12T12:43:20.025536841Z,2023-06-06T17:26:51.532111688Z,200.0477,docker_cpu_usage_pct,bwa (DA71) (942),bwa (DA71) (942),2822953,942
,,0,2023-05-13T12:43:20.025536841Z,2023-06-12T12:43:20.025536841Z,2023-06-06T17:26:53.531830178Z,797.4585,docker_cpu_usage_pct,bwa (DA71) (942),bwa (DA71) (942),2822953,942
,,0,2023-05-13T12:43:20.025536841Z,2023-06-12T12:43:20.025536841Z,2023-06-06T17:26:56.545012465Z,791.5097,docker_cpu_usage_pct,bwa (DA71) (942),bwa (DA71) (942),2822953,942
,,0,2023-05-13T12:43:20.025536841Z,2023-06-12T12:43:20.025536841Z,2023-06-06T17:26:59.53422692Z,796.3495,docker_cpu_usage_pct,bwa (DA71) (942),bwa (DA71) (942),2822953,942
,,0,2023-05-13T12:43:20.025536841Z,2023-06-12T12:43:20.025536841Z,2023-06-06T17:27:01.535540992Z,798.85,docker_cpu_usage_pct,bwa (DA71) (942),bwa (DA71) (942),2822953,942
,,0,2023-05-13T12:43:20.025536841Z,2023-06-12T12:43:20.025536841Z,2023-06-06T17:27:03.532279551Z,798.2988,docker_cpu_usage_pct,bwa (DA71) (942),bwa (DA71) (942),2822953,942
,,0,2023-05-13T12:43:20.025536841Z,2023-06-12T12:43:20.025536841Z,2023-06-06T17:27:05.532182382Z,800.1946,docker_cpu_usage_pct,bwa (DA71) (942),bwa (DA71) (942),2822953,942
,,0,2023-05-13T12:43:20.025536841Z,2023-06-12T12:43:20.025536841Z,2023-06-06T17:27:07.531975346Z,794.2474,docker_cpu_usage_pct,bwa (DA71) (942),bwa (DA71) (942),2822953,942
,,0,2023-05-13T12:43:20.025536841Z,2023-06-12T12:43:20.025536841Z,2023-06-06T17:27:10.531733555Z,781.3067,docker_cpu_usage_pct,bwa (DA71) (942),bwa (DA71) (942),2822953,942
,,0,2023-05-13T12:43:20.025536841Z,2023-06-12T12:43:20.025536841Z,2023-06-06T17:27:13.53184912Z,742.2015,docker_cpu_usage_pct,bwa (DA71) (942),bwa (DA71) (942),2822953,942
,,0,2023-05-13T12:43:20.025536841Z,2023-06-12T12:43:20.025536841Z,2023-06-06T17:27:16.531641609Z,764.662,docker_cpu_usage_pct,bwa (DA71) (942),bwa (DA71) (942),2822953,942
,,0,2023-05-13T12:43:20.025536841Z,2023-06-12T12:43:20.025536841Z,2023-06-06T17:27:18.531539402Z,799.4153,docker_cpu_usage_pct,bwa (DA71) (942),bwa (DA71) (942),2822953,942
,,0,2023-05-13T12:43:20.025536841Z,2023-06-12T12:43:20.025536841Z,2023-06-06T17:27:21.533143421Z,798.1457,docker_cpu_usage_pct,bwa (DA71) (942),bwa (DA71) (942),2822953,942
,,0,2023-05-13T12:43:20.025536841Z,2023-06-12T12:43:20.025536841Z,2023-06-06T17:27:23.531913542Z,795.1092,docker_cpu_usage_pct,bwa (DA71) (942),bwa (DA71) (942),2822953,942
,,0,2023-05-13T12:43:20.025536841Z,2023-06-12T12:43:20.025536841Z,2023-06-06T17:27:25.533015186Z,799.9205,docker_cpu_usage_pct,bwa (DA71) (942),bwa (DA71) (942),2822953,942
,,0,2023-05-13T12:43:20.025536841Z,2023-06-12T12:43:20.025536841Z,2023-06-06T17:27:28.541103024Z,791.0758,docker_cpu_usage_pct,bwa (DA71) (942),bwa (DA71) (942),2822953,942
,,0,2023-05-13T12:43:20.025536841Z,2023-06-12T12:43:20.025536841Z,2023-06-06T17:27:31.545108703Z,794.3189,docker_cpu_usage_pct,bwa (DA71) (942),bwa (DA71) (942),2822953,942
,,0,2023-05-13T12:43:20.025536841Z,2023-06-12T12:43:20.025536841Z,2023-06-06T17:27:34.532104638Z,794.7448,docker_cpu_usage_pct,bwa (DA71) (942),bwa (DA71) (942),2822953,942
,,0,2023-05-13T12:43:20.025536841Z,2023-06-12T12:43:20.025536841Z,2023-06-06T17:27:37.531493213Z,797.9321,docker_cpu_usage_pct,bwa (DA71) (942),bwa (DA71) (942),2822953,942
,,0,2023-05-13T12:43:20.025536841Z,2023-06-12T12:43:20.025536841Z,2023-06-06T17:27:39.532371873Z,799.783,docker_cpu_usage_pct,bwa (DA71) (942),bwa (DA71) (942),2822953,942
,,0,2023-05-13T12:43:20.025536841Z,2023-06-12T12:43:20.025536841Z,2023-06-06T17:27:42.541323974Z,792.0805,docker_cpu_usage_pct,bwa (DA71) (942),bwa (DA71) (942),2822953,942
,,0,2023-05-13T12:43:20.025536841Z,2023-06-12T12:43:20.025536841Z,2023-06-06T17:27:45.53322143Z,775.3933,docker_cpu_usage_pct,bwa (DA71) (942),bwa (DA71) (942),2822953,942
,,0,2023-05-13T12:43:20.025536841Z,2023-06-12T12:43:20.025536841Z,2023-06-06T17:27:48.531628224Z,591.2848,docker_cpu_usage_pct,bwa (DA71) (942),bwa (DA71) (942),2822953,942
,,0,2023-05-13T12:43:20.025536841Z,2023-06-12T12:43:20.025536841Z,2023-06-06T17:27:50.531342252Z,301.6247,docker_cpu_usage_pct,bwa (DA71) (942),bwa (DA71) (942),2822953,942
,,0,2023-05-13T12:43:20.025536841Z,2023-06-12T12:43:20.025536841Z,2023-06-06T17:27:52.532319989Z,127.6192,docker_cpu_usage_pct,bwa (DA71) (942),bwa (DA71) (942),2822953,942
,,0,2023-05-13T12:43:20.025536841Z,2023-06-12T12:43:20.025536841Z,2023-06-06T17:27:54.532119646Z,665.601,docker_cpu_usage_pct,bwa (DA71) (942),bwa (DA71) (942),2822953,942
,,0,2023-05-13T12:43:20.025536841Z,2023-06-12T12:43:20.025536841Z,2023-06-06T17:27:57.53164923Z,799.7929,docker_cpu_usage_pct,bwa (DA71) (942),bwa (DA71) (942),2822953,942
,,0,2023-05-13T12:43:20.025536841Z,2023-06-12T12:43:20.025536841Z,2023-06-06T17:27:59.541285244Z,792.8482,docker_cpu_usage_pct,bwa (DA71) (942),bwa (DA71) (942),2822953,942
,,0,2023-05-13T12:43:20.025536841Z,2023-06-12T12:43:20.025536841Z,2023-06-06T17:28:01.531677873Z,756.2616,docker_cpu_usage_pct,bwa (DA71) (942),bwa (DA71) (942),2822953,942
,,0,2023-05-13T12:43:20.025536841Z,2023-06-12T12:43:20.025536841Z,2023-06-06T17:28:04.531835906Z,749.5367,docker_cpu_usage_pct,bwa (DA71) (942),bwa (DA71) (942),2822953,942
,,0,2023-05-13T12:43:20.025536841Z,2023-06-12T12:43:20.025536841Z,2023-06-06T17:28:07.531817448Z,759.4541,docker_cpu_usage_pct,bwa (DA71) (942),bwa (DA71) (942),2822953,942
,,0,2023-05-13T12:43:20.025536841Z,2023-06-12T12:43:20.025536841Z,2023-06-06T17:28:10.531689281Z,746.1385,docker_cpu_usage_pct,bwa (DA71) (942),bwa (DA71) (942),2822953,942
,,0,2023-05-13T12:43:20.025536841Z,2023-06-12T12:43:20.025536841Z,2023-06-06T17:28:13.531727845Z,758.9564,docker_cpu_usage_pct,bwa (DA71) (942),bwa (DA71) (942),2822953,942
,,0,2023-05-13T12:43:20.025536841Z,2023-06-12T12:43:20.025536841Z,2023-06-06T17:28:16.53164747Z,760.1052,docker_cpu_usage_pct,bwa (DA71) (942),bwa (DA71) (942),2822953,942
,,0,2023-05-13T12:43:20.025536841Z,2023-06-12T12:43:20.025536841Z,2023-06-06T17:28:19.531668582Z,751.1222,docker_cpu_usage_pct,bwa (DA71) (942),bwa (DA71) (942),2822953,942
,,0,2023-05-13T12:43:20.025536841Z,2023-06-12T12:43:20.025536841Z,2023-06-06T17:28:22.531736311Z,783.4276,docker_cpu_usage_pct,bwa (DA71) (942),bwa (DA71) (942),2822953,942
,,0,2023-05-13T12:43:20.025536841Z,2023-06-12T12:43:20.025536841Z,2023-06-06T17:28:24.531474151Z,796.0804,docker_cpu_usage_pct,bwa (DA71) (942),bwa (DA71) (942),2822953,942
,,0,2023-05-13T12:43:20.025536841Z,2023-06-12T12:43:20.025536841Z,2023-06-06T17:28:26.531649043Z,794.4152,docker_cpu_usage_pct,bwa (DA71) (942),bwa (DA71) (942),2822953,942
,,0,2023-05-13T12:43:20.025536841Z,2023-06-12T12:43:20.025536841Z,2023-06-06T17:28:28.531813123Z,801.7723,docker_cpu_usage_pct,bwa (DA71) (942),bwa (DA71) (942),2822953,942
,,0,2023-05-13T12:43:20.025536841Z,2023-06-12T12:43:20.025536841Z,2023-06-06T17:28:30.531816125Z,797.2607,docker_cpu_usage_pct,bwa (DA71) (942),bwa (DA71) (942),2822953,942
,,0,2023-05-13T12:43:20.025536841Z,2023-06-12T12:43:20.025536841Z,2023-06-06T17:28:32.5451125Z,794.4888,docker_cpu_usage_pct,bwa (DA71) (942),bwa (DA71) (942),2822953,942
,,0,2023-05-13T12:43:20.025536841Z,2023-06-12T12:43:20.025536841Z,2023-06-06T17:28:34.531793681Z,743.6457,docker_cpu_usage_pct,bwa (DA71) (942),bwa (DA71) (942),2822953,942
,,0,2023-05-13T12:43:20.025536841Z,2023-06-12T12:43:20.025536841Z,2023-06-06T17:28:37.531802234Z,745.1868,docker_cpu_usage_pct,bwa (DA71) (942),bwa (DA71) (942),2822953,942
,,0,2023-05-13T12:43:20.025536841Z,2023-06-12T12:43:20.025536841Z,2023-06-06T17:28:40.531959686Z,762.0168,docker_cpu_usage_pct,bwa (DA71) (942),bwa (DA71) (942),2822953,942
,,0,2023-05-13T12:43:20.025536841Z,2023-06-12T12:43:20.025536841Z,2023-06-06T17:28:42.531552742Z,800.8704,docker_cpu_usage_pct,bwa (DA71) (942),bwa (DA71) (942),2822953,942
,,0,2023-05-13T12:43:20.025536841Z,2023-06-12T12:43:20.025536841Z,2023-06-06T17:28:44.545209236Z,799.8427,docker_cpu_usage_pct,bwa (DA71) (942),bwa (DA71) (942),2822953,942
,,0,2023-05-13T12:43:20.025536841Z,2023-06-12T12:43:20.025536841Z,2023-06-06T17:28:48.545098169Z,782.5378,docker_cpu_usage_pct,bwa (DA71) (942),bwa (DA71) (942),2822953,942
,,0,2023-05-13T12:43:20.025536841Z,2023-06-12T12:43:20.025536841Z,2023-06-06T17:28:51.531742021Z,797.5545,docker_cpu_usage_pct,bwa (DA71) (942),bwa (DA71) (942),2822953,942
,,0,2023-05-13T12:43:20.025536841Z,2023-06-12T12:43:20.025536841Z,2023-06-06T17:28:53.531710207Z,298.7576,docker_cpu_usage_pct,bwa (DA71) (942),bwa (DA71) (942),2822953,942
,,0,2023-05-13T12:43:20.025536841Z,2023-06-12T12:43:20.025536841Z,2023-06-06T17:28:55.532437165Z,199.8637,docker_cpu_usage_pct,bwa (DA71) (942),bwa (DA71) (942),2822953,942
,,0,2023-05-13T12:43:20.025536841Z,2023-06-12T12:43:20.025536841Z,2023-06-06T17:28:57.533585256Z,99.8962,docker_cpu_usage_pct,bwa (DA71) (942),bwa (DA71) (942),2822953,942
,,0,2023-05-13T12:43:20.025536841Z,2023-06-12T12:43:20.025536841Z,2023-06-06T17:29:00.532512436Z,792.2468,docker_cpu_usage_pct,bwa (DA71) (942),bwa (DA71) (942),2822953,942
,,0,2023-05-13T12:43:20.025536841Z,2023-06-12T12:43:20.025536841Z,2023-06-06T17:29:03.533095726Z,772.511,docker_cpu_usage_pct,bwa (DA71) (942),bwa (DA71) (942),2822953,942
,,0,2023-05-13T12:43:20.025536841Z,2023-06-12T12:43:20.025536841Z,2023-06-06T17:29:06.531627784Z,797.8459,docker_cpu_usage_pct,bwa (DA71) (942),bwa (DA71) (942),2822953,942
,,0,2023-05-13T12:43:20.025536841Z,2023-06-12T12:43:20.025536841Z,2023-06-06T17:29:09.531559454Z,798.0453,docker_cpu_usage_pct,bwa (DA71) (942),bwa (DA71) (942),2822953,942
,,0,2023-05-13T12:43:20.025536841Z,2023-06-12T12:43:20.025536841Z,2023-06-06T17:29:12.531947833Z,796.6872,docker_cpu_usage_pct,bwa (DA71) (942),bwa (DA71) (942),2822953,942
,,0,2023-05-13T12:43:20.025536841Z,2023-06-12T12:43:20.025536841Z,2023-06-06T17:29:14.531822984Z,795.0873,docker_cpu_usage_pct,bwa (DA71) (942),bwa (DA71) (942),2822953,942
,,0,2023-05-13T12:43:20.025536841Z,2023-06-12T12:43:20.025536841Z,2023-06-06T17:29:17.541220721Z,793.4536,docker_cpu_usage_pct,bwa (DA71) (942),bwa (DA71) (942),2822953,942
,,0,2023-05-13T12:43:20.025536841Z,2023-06-12T12:43:20.025536841Z,2023-06-06T17:29:21.541319363Z,796.6709,docker_cpu_usage_pct,bwa (DA71) (942),bwa (DA71) (942),2822953,942
,,0,2023-05-13T12:43:20.025536841Z,2023-06-12T12:43:20.025536841Z,2023-06-06T17:29:24.537258739Z,800.988,docker_cpu_usage_pct,bwa (DA71) (942),bwa (DA71) (942),2822953,942
,,0,2023-05-13T12:43:20.025536841Z,2023-06-12T12:43:20.025536841Z,2023-06-06T17:29:27.541288966Z,800.0329,docker_cpu_usage_pct,bwa (DA71) (942),bwa (DA71) (942),2822953,942
,,0,2023-05-13T12:43:20.025536841Z,2023-06-12T12:43:20.025536841Z,2023-06-06T17:29:30.53226675Z,795.1085,docker_cpu_usage_pct,bwa (DA71) (942),bwa (DA71) (942),2822953,942
,,0,2023-05-13T12:43:20.025536841Z,2023-06-12T12:43:20.025536841Z,2023-06-06T17:29:33.532130951Z,794.7488,docker_cpu_usage_pct,bwa (DA71) (942),bwa (DA71) (942),2822953,942
,,0,2023-05-13T12:43:20.025536841Z,2023-06-12T12:43:20.025536841Z,2023-06-06T17:29:36.531638906Z,794.9535,docker_cpu_usage_pct,bwa (DA71) (942),bwa (DA71) (942),2822953,942
,,0,2023-05-13T12:43:20.025536841Z,2023-06-12T12:43:20.025536841Z,2023-06-06T17:29:38.541095157Z,793.9754,docker_cpu_usage_pct,bwa (DA71) (942),bwa (DA71) (942),2822953,942
,,0,2023-05-13T12:43:20.025536841Z,2023-06-12T12:43:20.025536841Z,2023-06-06T17:29:42.545037894Z,799.3931,docker_cpu_usage_pct,bwa (DA71) (942),bwa (DA71) (942),2822953,942
,,0,2023-05-13T12:43:20.025536841Z,2023-06-12T12:43:20.025536841Z,2023-06-06T17:29:45.537067582Z,795.0748,docker_cpu_usage_pct,bwa (DA71) (942),bwa (DA71) (942),2822953,942
,,0,2023-05-13T12:43:20.025536841Z,2023-06-12T12:43:20.025536841Z,2023-06-06T17:29:48.537130617Z,797.3667,docker_cpu_usage_pct,bwa (DA71) (942),bwa (DA71) (942),2822953,942
,,0,2023-05-13T12:43:20.025536841Z,2023-06-12T12:43:20.025536841Z,2023-06-06T17:29:50.532066482Z,792.4995,docker_cpu_usage_pct,bwa (DA71) (942),bwa (DA71) (942),2822953,942
,,0,2023-05-13T12:43:20.025536841Z,2023-06-12T12:43:20.025536841Z,2023-06-06T17:29:52.53175619Z,611.0486,docker_cpu_usage_pct,bwa (DA71) (942),bwa (DA71) (942),2822953,942
,,0,2023-05-13T12:43:20.025536841Z,2023-06-12T12:43:20.025536841Z,2023-06-06T17:29:54.531389204Z,500.8682,docker_cpu_usage_pct,bwa (DA71) (942),bwa (DA71) (942),2822953,942
,,0,2023-05-13T12:43:20.025536841Z,2023-06-12T12:43:20.025536841Z,2023-06-06T17:29:56.532176755Z,346.4505,docker_cpu_usage_pct,bwa (DA71) (942),bwa (DA71) (942),2822953,942
,,0,2023-05-13T12:43:20.025536841Z,2023-06-12T12:43:20.025536841Z,2023-06-06T17:29:58.531859497Z,119.1833,docker_cpu_usage_pct,bwa (DA71) (942),bwa (DA71) (942),2822953,942
,,0,2023-05-13T12:43:20.025536841Z,2023-06-12T12:43:20.025536841Z,2023-06-06T17:30:00.533057867Z,100.6998,docker_cpu_usage_pct,bwa (DA71) (942),bwa (DA71) (942),2822953,942
,,0,2023-05-13T12:43:20.025536841Z,2023-06-12T12:43:20.025536841Z,2023-06-06T17:30:03.531673884Z,757.0404,docker_cpu_usage_pct,bwa (DA71) (942),bwa (DA71) (942),2822953,942
,,0,2023-05-13T12:43:20.025536841Z,2023-06-12T12:43:20.025536841Z,2023-06-06T17:30:06.531746045Z,742.7642,docker_cpu_usage_pct,bwa (DA71) (942),bwa (DA71) (942),2822953,942
,,0,2023-05-13T12:43:20.025536841Z,2023-06-12T12:43:20.025536841Z,2023-06-06T17:30:09.531732199Z,759.6945,docker_cpu_usage_pct,bwa (DA71) (942),bwa (DA71) (942),2822953,942
,,0,2023-05-13T12:43:20.025536841Z,2023-06-12T12:43:20.025536841Z,2023-06-06T17:30:12.531698769Z,734.8252,docker_cpu_usage_pct,bwa (DA71) (942),bwa (DA71) (942),2822953,942
,,0,2023-05-13T12:43:20.025536841Z,2023-06-12T12:43:20.025536841Z,2023-06-06T17:30:15.531686215Z,782.6372,docker_cpu_usage_pct,bwa (DA71) (942),bwa (DA71) (942),2822953,942
,,0,2023-05-13T12:43:20.025536841Z,2023-06-12T12:43:20.025536841Z,2023-06-06T17:30:18.531706628Z,728.6178,docker_cpu_usage_pct,bwa (DA71) (942),bwa (DA71) (942),2822953,942
,,0,2023-05-13T12:43:20.025536841Z,2023-06-12T12:43:20.025536841Z,2023-06-06T17:30:21.531682286Z,762.4477,docker_cpu_usage_pct,bwa (DA71) (942),bwa (DA71) (942),2822953,942
,,0,2023-05-13T12:43:20.025536841Z,2023-06-12T12:43:20.025536841Z,2023-06-06T17:30:24.531932918Z,786.0004,docker_cpu_usage_pct,bwa (DA71) (942),bwa (DA71) (942),2822953,942
,,0,2023-05-13T12:43:20.025536841Z,2023-06-12T12:43:20.025536841Z,2023-06-06T17:30:27.531893268Z,770.6653,docker_cpu_usage_pct,bwa (DA71) (942),bwa (DA71) (942),2822953,942
,,0,2023-05-13T12:43:20.025536841Z,2023-06-12T12:43:20.025536841Z,2023-06-06T17:30:30.531694448Z,726.6856,docker_cpu_usage_pct,bwa (DA71) (942),bwa (DA71) (942),2822953,942
,,0,2023-05-13T12:43:20.025536841Z,2023-06-12T12:43:20.025536841Z,2023-06-06T17:30:33.531724071Z,786.872,docker_cpu_usage_pct,bwa (DA71) (942),bwa (DA71) (942),2822953,942
,,0,2023-05-13T12:43:20.025536841Z,2023-06-12T12:43:20.025536841Z,2023-06-06T17:30:36.531684469Z,742.498,docker_cpu_usage_pct,bwa (DA71) (942),bwa (DA71) (942),2822953,942
,,0,2023-05-13T12:43:20.025536841Z,2023-06-12T12:43:20.025536841Z,2023-06-06T17:30:39.531669103Z,791.0144,docker_cpu_usage_pct,bwa (DA71) (942),bwa (DA71) (942),2822953,942
,,0,2023-05-13T12:43:20.025536841Z,2023-06-12T12:43:20.025536841Z,2023-06-06T17:30:41.531375868Z,798.7445,docker_cpu_usage_pct,bwa (DA71) (942),bwa (DA71) (942),2822953,942
,,0,2023-05-13T12:43:20.025536841Z,2023-06-12T12:43:20.025536841Z,2023-06-06T17:30:43.532252679Z,798.677,docker_cpu_usage_pct,bwa (DA71) (942),bwa (DA71) (942),2822953,942
,,0,2023-05-13T12:43:20.025536841Z,2023-06-12T12:43:20.025536841Z,2023-06-06T17:30:45.53192723Z,805.3579,docker_cpu_usage_pct,bwa (DA71) (942),bwa (DA71) (942),2822953,942
,,0,2023-05-13T12:43:20.025536841Z,2023-06-12T12:43:20.025536841Z,2023-06-06T17:30:47.531760874Z,797.7445,docker_cpu_usage_pct,bwa (DA71) (942),bwa (DA71) (942),2822953,942
,,0,2023-05-13T12:43:20.025536841Z,2023-06-12T12:43:20.025536841Z,2023-06-06T17:30:50.53221638Z,748.3381,docker_cpu_usage_pct,bwa (DA71) (942),bwa (DA71) (942),2822953,942
,,0,2023-05-13T12:43:20.025536841Z,2023-06-12T12:43:20.025536841Z,2023-06-06T17:30:53.531884266Z,701.0066,docker_cpu_usage_pct,bwa (DA71) (942),bwa (DA71) (942),2822953,942
,,0,2023-05-13T12:43:20.025536841Z,2023-06-12T12:43:20.025536841Z,2023-06-06T17:30:55.531682362Z,409.127,docker_cpu_usage_pct,bwa (DA71) (942),bwa (DA71) (942),2822953,942
,,0,2023-05-13T12:43:20.025536841Z,2023-06-12T12:43:20.025536841Z,2023-06-06T17:30:57.545124713Z,136.3366,docker_cpu_usage_pct,bwa (DA71) (942),bwa (DA71) (942),2822953,942
,,0,2023-05-13T12:43:20.025536841Z,2023-06-12T12:43:20.025536841Z,2023-06-06T17:31:01.53169067Z,793.7548,docker_cpu_usage_pct,bwa (DA71) (942),bwa (DA71) (942),2822953,942
,,0,2023-05-13T12:43:20.025536841Z,2023-06-12T12:43:20.025536841Z,2023-06-06T17:31:04.531930172Z,796.1396,docker_cpu_usage_pct,bwa (DA71) (942),bwa (DA71) (942),2822953,942
,,0,2023-05-13T12:43:20.025536841Z,2023-06-12T12:43:20.025536841Z,2023-06-06T17:31:07.531710865Z,778.9914,docker_cpu_usage_pct,bwa (DA71) (942),bwa (DA71) (942),2822953,942
,,0,2023-05-13T12:43:20.025536841Z,2023-06-12T12:43:20.025536841Z,2023-06-06T17:31:10.533074045Z,788.146,docker_cpu_usage_pct,bwa (DA71) (942),bwa (DA71) (942),2822953,942
,,0,2023-05-13T12:43:20.025536841Z,2023-06-12T12:43:20.025536841Z,2023-06-06T17:31:13.545178173Z,792.9701,docker_cpu_usage_pct,bwa (DA71) (942),bwa (DA71) (942),2822953,942
,,0,2023-05-13T12:43:20.025536841Z,2023-06-12T12:43:20.025536841Z,2023-06-06T17:31:16.545060379Z,797.0868,docker_cpu_usage_pct,bwa (DA71) (942),bwa (DA71) (942),2822953,942
,,0,2023-05-13T12:43:20.025536841Z,2023-06-12T12:43:20.025536841Z,2023-06-06T17:31:19.541138735Z,792.0108,docker_cpu_usage_pct,bwa (DA71) (942),bwa (DA71) (942),2822953,942
,,0,2023-05-13T12:43:20.025536841Z,2023-06-12T12:43:20.025536841Z,2023-06-06T17:31:22.541094646Z,797.4347,docker_cpu_usage_pct,bwa (DA71) (942),bwa (DA71) (942),2822953,942
,,0,2023-05-13T12:43:20.025536841Z,2023-06-12T12:43:20.025536841Z,2023-06-06T17:31:25.532210763Z,790.8954,docker_cpu_usage_pct,bwa (DA71) (942),bwa (DA71) (942),2822953,942
,,0,2023-05-13T12:43:20.025536841Z,2023-06-12T12:43:20.025536841Z,2023-06-06T17:31:28.531663371Z,799.7153,docker_cpu_usage_pct,bwa (DA71) (942),bwa (DA71) (942),2822953,942
,,0,2023-05-13T12:43:20.025536841Z,2023-06-12T12:43:20.025536841Z,2023-06-06T17:31:31.545092671Z,765.16,docker_cpu_usage_pct,bwa (DA71) (942),bwa (DA71) (942),2822953,942
,,0,2023-05-13T12:43:20.025536841Z,2023-06-12T12:43:20.025536841Z,2023-06-06T17:31:35.531688486Z,801.4751,docker_cpu_usage_pct,bwa (DA71) (942),bwa (DA71) (942),2822953,942
,,0,2023-05-13T12:43:20.025536841Z,2023-06-12T12:43:20.025536841Z,2023-06-06T17:31:37.533143432Z,796.6166,docker_cpu_usage_pct,bwa (DA71) (942),bwa (DA71) (942),2822953,942
,,0,2023-05-13T12:43:20.025536841Z,2023-06-12T12:43:20.025536841Z,2023-06-06T17:31:39.533640666Z,799.6646,docker_cpu_usage_pct,bwa (DA71) (942),bwa (DA71) (942),2822953,942
,,0,2023-05-13T12:43:20.025536841Z,2023-06-12T12:43:20.025536841Z,2023-06-06T17:31:41.532328039Z,799.2611,docker_cpu_usage_pct,bwa (DA71) (942),bwa (DA71) (942),2822953,942
,,0,2023-05-13T12:43:20.025536841Z,2023-06-12T12:43:20.025536841Z,2023-06-06T17:31:43.540263094Z,794.7188,docker_cpu_usage_pct,bwa (DA71) (942),bwa (DA71) (942),2822953,942
,,0,2023-05-13T12:43:20.025536841Z,2023-06-12T12:43:20.025536841Z,2023-06-06T17:31:47.531777171Z,705.7377,docker_cpu_usage_pct,bwa (DA71) (942),bwa (DA71) (942),2822953,942
,,0,2023-05-13T12:43:20.025536841Z,2023-06-12T12:43:20.025536841Z,2023-06-06T17:31:48.532472643Z,697.5121,docker_cpu_usage_pct,bwa (DA71) (942),bwa (DA71) (942),2822953,942
,,0,2023-05-13T12:43:20.025536841Z,2023-06-12T12:43:20.025536841Z,2023-06-06T17:31:50.532186294Z,518.6921,docker_cpu_usage_pct,bwa (DA71) (942),bwa (DA71) (942),2822953,942
,,0,2023-05-13T12:43:20.025536841Z,2023-06-12T12:43:20.025536841Z,2023-06-06T17:31:52.531898382Z,400.3507,docker_cpu_usage_pct,bwa (DA71) (942),bwa (DA71) (942),2822953,942
,,0,2023-05-13T12:43:20.025536841Z,2023-06-12T12:43:20.025536841Z,2023-06-06T17:31:54.531680461Z,185.7666,docker_cpu_usage_pct,bwa (DA71) (942),bwa (DA71) (942),2822953,942
,,0,2023-05-13T12:43:20.025536841Z,2023-06-12T12:43:20.025536841Z,2023-06-06T17:31:57.531785507Z,492.2173,docker_cpu_usage_pct,bwa (DA71) (942),bwa (DA71) (942),2822953,942
,,0,2023-05-13T12:43:20.025536841Z,2023-06-12T12:43:20.025536841Z,2023-06-06T17:31:59.531821021Z,795.9929,docker_cpu_usage_pct,bwa (DA71) (942),bwa (DA71) (942),2822953,942
,,0,2023-05-13T12:43:20.025536841Z,2023-06-12T12:43:20.025536841Z,2023-06-06T17:32:02.545114272Z,785.6464,docker_cpu_usage_pct,bwa (DA71) (942),bwa (DA71) (942),2822953,942
,,0,2023-05-13T12:43:20.025536841Z,2023-06-12T12:43:20.025536841Z,2023-06-06T17:32:06.541260752Z,743.1631,docker_cpu_usage_pct,bwa (DA71) (942),bwa (DA71) (942),2822953,942
,,0,2023-05-13T12:43:20.025536841Z,2023-06-12T12:43:20.025536841Z,2023-06-06T17:32:08.537240567Z,788.6654,docker_cpu_usage_pct,bwa (DA71) (942),bwa (DA71) (942),2822953,942
,,0,2023-05-13T12:43:20.025536841Z,2023-06-12T12:43:20.025536841Z,2023-06-06T17:32:11.532304132Z,795.9532,docker_cpu_usage_pct,bwa (DA71) (942),bwa (DA71) (942),2822953,942
,,0,2023-05-13T12:43:20.025536841Z,2023-06-12T12:43:20.025536841Z,2023-06-06T17:32:14.537098582Z,796.6674,docker_cpu_usage_pct,bwa (DA71) (942),bwa (DA71) (942),2822953,942
,,0,2023-05-13T12:43:20.025536841Z,2023-06-12T12:43:20.025536841Z,2023-06-06T17:32:17.541120114Z,791.3034,docker_cpu_usage_pct,bwa (DA71) (942),bwa (DA71) (942),2822953,942
,,0,2023-05-13T12:43:20.025536841Z,2023-06-12T12:43:20.025536841Z,2023-06-06T17:32:20.545098281Z,796.3612,docker_cpu_usage_pct,bwa (DA71) (942),bwa (DA71) (942),2822953,942
,,0,2023-05-13T12:43:20.025536841Z,2023-06-12T12:43:20.025536841Z,2023-06-06T17:32:23.531698787Z,795.6668,docker_cpu_usage_pct,bwa (DA71) (942),bwa (DA71) (942),2822953,942
,,0,2023-05-13T12:43:20.025536841Z,2023-06-12T12:43:20.025536841Z,2023-06-06T17:32:26.531864403Z,796.6258,docker_cpu_usage_pct,bwa (DA71) (942),bwa (DA71) (942),2822953,942
,,0,2023-05-13T12:43:20.025536841Z,2023-06-12T12:43:20.025536841Z,2023-06-06T17:32:29.531905332Z,796.6601,docker_cpu_usage_pct,bwa (DA71) (942),bwa (DA71) (942),2822953,942
,,0,2023-05-13T12:43:20.025536841Z,2023-06-12T12:43:20.025536841Z,2023-06-06T17:32:31.533301678Z,795.6057,docker_cpu_usage_pct,bwa (DA71) (942),bwa (DA71) (942),2822953,942
,,0,2023-05-13T12:43:20.025536841Z,2023-06-12T12:43:20.025536841Z,2023-06-06T17:32:33.545169294Z,802.4802,docker_cpu_usage_pct,bwa (DA71) (942),bwa (DA71) (942),2822953,942
,,0,2023-05-13T12:43:20.025536841Z,2023-06-12T12:43:20.025536841Z,2023-06-06T17:32:35.531831655Z,779.012,docker_cpu_usage_pct,bwa (DA71) (942),bwa (DA71) (942),2822953,942
,,0,2023-05-13T12:43:20.025536841Z,2023-06-12T12:43:20.025536841Z,2023-06-06T17:32:38.541322304Z,783.001,docker_cpu_usage_pct,bwa (DA71) (942),bwa (DA71) (942),2822953,942
,,0,2023-05-13T12:43:20.025536841Z,2023-06-12T12:43:20.025536841Z,2023-06-06T17:32:41.544790212Z,798.2817,docker_cpu_usage_pct,bwa (DA71) (942),bwa (DA71) (942),2822953,942
,,0,2023-05-13T12:43:20.025536841Z,2023-06-12T12:43:20.025536841Z,2023-06-06T17:32:44.545084914Z,791.1744,docker_cpu_usage_pct,bwa (DA71) (942),bwa (DA71) (942),2822953,942
,,0,2023-05-13T12:43:20.025536841Z,2023-06-12T12:43:20.025536841Z,2023-06-06T17:32:47.545055313Z,795.8235,docker_cpu_usage_pct,bwa (DA71) (942),bwa (DA71) (942),2822953,942
,,0,2023-05-13T12:43:20.025536841Z,2023-06-12T12:43:20.025536841Z,2023-06-06T17:32:50.541089009Z,764.056,docker_cpu_usage_pct,bwa (DA71) (942),bwa (DA71) (942),2822953,942
,,0,2023-05-13T12:43:20.025536841Z,2023-06-12T12:43:20.025536841Z,2023-06-06T17:32:53.531675775Z,599.101,docker_cpu_usage_pct,bwa (DA71) (942),bwa (DA71) (942),2822953,942
,,0,2023-05-13T12:43:20.025536841Z,2023-06-12T12:43:20.025536841Z,2023-06-06T17:32:56.531932763Z,390.601,docker_cpu_usage_pct,bwa (DA71) (942),bwa (DA71) (942),2822953,942
,,0,2023-05-13T12:43:20.025536841Z,2023-06-12T12:43:20.025536841Z,2023-06-06T17:32:58.531485531Z,251.3896,docker_cpu_usage_pct,bwa (DA71) (942),bwa (DA71) (942),2822953,942
,,0,2023-05-13T12:43:20.025536841Z,2023-06-12T12:43:20.025536841Z,2023-06-06T17:33:00.545096156Z,617.2872,docker_cpu_usage_pct,bwa (DA71) (942),bwa (DA71) (942),2822953,942
,,0,2023-05-13T12:43:20.025536841Z,2023-06-12T12:43:20.025536841Z,2023-06-06T17:33:02.533025221Z,696.3611,docker_cpu_usage_pct,bwa (DA71) (942),bwa (DA71) (942),2822953,942
,,0,2023-05-13T12:43:20.025536841Z,2023-06-12T12:43:20.025536841Z,2023-06-06T17:33:05.531581495Z,769.1047,docker_cpu_usage_pct,bwa (DA71) (942),bwa (DA71) (942),2822953,942
,,0,2023-05-13T12:43:20.025536841Z,2023-06-12T12:43:20.025536841Z,2023-06-06T17:33:08.531719668Z,734.9449,docker_cpu_usage_pct,bwa (DA71) (942),bwa (DA71) (942),2822953,942
,,0,2023-05-13T12:43:20.025536841Z,2023-06-12T12:43:20.025536841Z,2023-06-06T17:33:11.53189446Z,764.3391,docker_cpu_usage_pct,bwa (DA71) (942),bwa (DA71) (942),2822953,942
,,0,2023-05-13T12:43:20.025536841Z,2023-06-12T12:43:20.025536841Z,2023-06-06T17:33:14.541113324Z,755.9792,docker_cpu_usage_pct,bwa (DA71) (942),bwa (DA71) (942),2822953,942
,,0,2023-05-13T12:43:20.025536841Z,2023-06-12T12:43:20.025536841Z,2023-06-06T17:33:17.545079603Z,768.6334,docker_cpu_usage_pct,bwa (DA71) (942),bwa (DA71) (942),2822953,942
,,0,2023-05-13T12:43:20.025536841Z,2023-06-12T12:43:20.025536841Z,2023-06-06T17:33:20.53219616Z,774.4883,docker_cpu_usage_pct,bwa (DA71) (942),bwa (DA71) (942),2822953,942
,,0,2023-05-13T12:43:20.025536841Z,2023-06-12T12:43:20.025536841Z,2023-06-06T17:33:22.531604507Z,794.3565,docker_cpu_usage_pct,bwa (DA71) (942),bwa (DA71) (942),2822953,942
,,0,2023-05-13T12:43:20.025536841Z,2023-06-12T12:43:20.025536841Z,2023-06-06T17:33:24.545090143Z,798.2961,docker_cpu_usage_pct,bwa (DA71) (942),bwa (DA71) (942),2822953,942
,,0,2023-05-13T12:43:20.025536841Z,2023-06-12T12:43:20.025536841Z,2023-06-06T17:33:28.545154322Z,789.2092,docker_cpu_usage_pct,bwa (DA71) (942),bwa (DA71) (942),2822953,942
,,0,2023-05-13T12:43:20.025536841Z,2023-06-12T12:43:20.025536841Z,2023-06-06T17:33:31.541044325Z,797.1067,docker_cpu_usage_pct,bwa (DA71) (942),bwa (DA71) (942),2822953,942
,,0,2023-05-13T12:43:20.025536841Z,2023-06-12T12:43:20.025536841Z,2023-06-06T17:33:34.545022439Z,784.8736,docker_cpu_usage_pct,bwa (DA71) (942),bwa (DA71) (942),2822953,942
,,0,2023-05-13T12:43:20.025536841Z,2023-06-12T12:43:20.025536841Z,2023-06-06T17:33:37.545075612Z,790.9383,docker_cpu_usage_pct,bwa (DA71) (942),bwa (DA71) (942),2822953,942
,,0,2023-05-13T12:43:20.025536841Z,2023-06-12T12:43:20.025536841Z,2023-06-06T17:33:40.541137993Z,790.736,docker_cpu_usage_pct,bwa (DA71) (942),bwa (DA71) (942),2822953,942
,,0,2023-05-13T12:43:20.025536841Z,2023-06-12T12:43:20.025536841Z,2023-06-06T17:33:43.541067976Z,791.0813,docker_cpu_usage_pct,bwa (DA71) (942),bwa (DA71) (942),2822953,942
,,0,2023-05-13T12:43:20.025536841Z,2023-06-12T12:43:20.025536841Z,2023-06-06T17:33:45.5319273Z,793.9415,docker_cpu_usage_pct,bwa (DA71) (942),bwa (DA71) (942),2822953,942
,,0,2023-05-13T12:43:20.025536841Z,2023-06-12T12:43:20.025536841Z,2023-06-06T17:33:47.531843729Z,797.3392,docker_cpu_usage_pct,bwa (DA71) (942),bwa (DA71) (942),2822953,942
,,0,2023-05-13T12:43:20.025536841Z,2023-06-12T12:43:20.025536841Z,2023-06-06T17:33:50.531785077Z,798.3293,docker_cpu_usage_pct,bwa (DA71) (942),bwa (DA71) (942),2822953,942
,,0,2023-05-13T12:43:20.025536841Z,2023-06-12T12:43:20.025536841Z,2023-06-06T17:33:53.5451351Z,795.7565,docker_cpu_usage_pct,bwa (DA71) (942),bwa (DA71) (942),2822953,942
,,0,2023-05-13T12:43:20.025536841Z,2023-06-12T12:43:20.025536841Z,2023-06-06T17:33:56.545095193Z,779.8261,docker_cpu_usage_pct,bwa (DA71) (942),bwa (DA71) (942),2822953,942
,,0,2023-05-13T12:43:20.025536841Z,2023-06-12T12:43:20.025536841Z,2023-06-06T17:33:59.532018928Z,704.2052,docker_cpu_usage_pct,bwa (DA71) (942),bwa (DA71) (942),2822953,942
,,0,2023-05-13T12:43:20.025536841Z,2023-06-12T12:43:20.025536841Z,2023-06-06T17:34:01.531826606Z,697.7462,docker_cpu_usage_pct,bwa (DA71) (942),bwa (DA71) (942),2822953,942
,,0,2023-05-13T12:43:20.025536841Z,2023-06-12T12:43:20.025536841Z,2023-06-06T17:34:03.531415184Z,567.3846,docker_cpu_usage_pct,bwa (DA71) (942),bwa (DA71) (942),2822953,942
,,0,2023-05-13T12:43:20.025536841Z,2023-06-12T12:43:20.025536841Z,2023-06-06T17:34:05.532369756Z,104.246,docker_cpu_usage_pct,bwa (DA71) (942),bwa (DA71) (942),2822953,942
,,0,2023-05-13T12:43:20.025536841Z,2023-06-12T12:43:20.025536841Z,2023-06-06T17:34:07.531609851Z,801.4649,docker_cpu_usage_pct,bwa (DA71) (942),bwa (DA71) (942),2822953,942
,,0,2023-05-13T12:43:20.025536841Z,2023-06-12T12:43:20.025536841Z,2023-06-06T17:34:09.532416916Z,796.2636,docker_cpu_usage_pct,bwa (DA71) (942),bwa (DA71) (942),2822953,942
,,0,2023-05-13T12:43:20.025536841Z,2023-06-12T12:43:20.025536841Z,2023-06-06T17:34:12.531659072Z,797.1437,docker_cpu_usage_pct,bwa (DA71) (942),bwa (DA71) (942),2822953,942
,,0,2023-05-13T12:43:20.025536841Z,2023-06-12T12:43:20.025536841Z,2023-06-06T17:34:15.541096708Z,778.7446,docker_cpu_usage_pct,bwa (DA71) (942),bwa (DA71) (942),2822953,942
,,0,2023-05-13T12:43:20.025536841Z,2023-06-12T12:43:20.025536841Z,2023-06-06T17:34:18.545080934Z,790.2838,docker_cpu_usage_pct,bwa (DA71) (942),bwa (DA71) (942),2822953,942
,,0,2023-05-13T12:43:20.025536841Z,2023-06-12T12:43:20.025536841Z,2023-06-06T17:34:21.533109806Z,791.6777,docker_cpu_usage_pct,bwa (DA71) (942),bwa (DA71) (942),2822953,942
,,0,2023-05-13T12:43:20.025536841Z,2023-06-12T12:43:20.025536841Z,2023-06-06T17:34:24.541120858Z,794.0812,docker_cpu_usage_pct,bwa (DA71) (942),bwa (DA71) (942),2822953,942
,,0,2023-05-13T12:43:20.025536841Z,2023-06-12T12:43:20.025536841Z,2023-06-06T17:34:27.537325703Z,797.243,docker_cpu_usage_pct,bwa (DA71) (942),bwa (DA71) (942),2822953,942
,,0,2023-05-13T12:43:20.025536841Z,2023-06-12T12:43:20.025536841Z,2023-06-06T17:34:30.541276168Z,797.1632,docker_cpu_usage_pct,bwa (DA71) (942),bwa (DA71) (942),2822953,942
,,0,2023-05-13T12:43:20.025536841Z,2023-06-12T12:43:20.025536841Z,2023-06-06T17:34:33.532240586Z,799.4853,docker_cpu_usage_pct,bwa (DA71) (942),bwa (DA71) (942),2822953,942
,,0,2023-05-13T12:43:20.025536841Z,2023-06-12T12:43:20.025536841Z,2023-06-06T17:34:35.531767545Z,797.3537,docker_cpu_usage_pct,bwa (DA71) (942),bwa (DA71) (942),2822953,942
,,0,2023-05-13T12:43:20.025536841Z,2023-06-12T12:43:20.025536841Z,2023-06-06T17:34:39.531718729Z,766.9812,docker_cpu_usage_pct,bwa (DA71) (942),bwa (DA71) (942),2822953,942
,,0,2023-05-13T12:43:20.025536841Z,2023-06-12T12:43:20.025536841Z,2023-06-06T17:34:41.5451983Z,800.7337,docker_cpu_usage_pct,bwa (DA71) (942),bwa (DA71) (942),2822953,942
,,0,2023-05-13T12:43:20.025536841Z,2023-06-12T12:43:20.025536841Z,2023-06-06T17:34:45.531672397Z,794.4292,docker_cpu_usage_pct,bwa (DA71) (942),bwa (DA71) (942),2822953,942
,,0,2023-05-13T12:43:20.025536841Z,2023-06-12T12:43:20.025536841Z,2023-06-06T17:34:47.53734327Z,795.2509,docker_cpu_usage_pct,bwa (DA71) (942),bwa (DA71) (942),2822953,942
,,0,2023-05-13T12:43:20.025536841Z,2023-06-12T12:43:20.025536841Z,2023-06-06T17:34:50.533500404Z,794.0953,docker_cpu_usage_pct,bwa (DA71) (942),bwa (DA71) (942),2822953,942
,,0,2023-05-13T12:43:20.025536841Z,2023-06-12T12:43:20.025536841Z,2023-06-06T17:34:54.531654753Z,797.8884,docker_cpu_usage_pct,bwa (DA71) (942),bwa (DA71) (942),2822953,942
,,0,2023-05-13T12:43:20.025536841Z,2023-06-12T12:43:20.025536841Z,2023-06-06T17:34:56.533179096Z,797.6413,docker_cpu_usage_pct,bwa (DA71) (942),bwa (DA71) (942),2822953,942
,,0,2023-05-13T12:43:20.025536841Z,2023-06-12T12:43:20.025536841Z,2023-06-06T17:34:59.532073322Z,798.3104,docker_cpu_usage_pct,bwa (DA71) (942),bwa (DA71) (942),2822953,942
,,0,2023-05-13T12:43:20.025536841Z,2023-06-12T12:43:20.025536841Z,2023-06-06T17:35:01.53167565Z,799.7931,docker_cpu_usage_pct,bwa (DA71) (942),bwa (DA71) (942),2822953,942
,,0,2023-05-13T12:43:20.025536841Z,2023-06-12T12:43:20.025536841Z,2023-06-06T17:35:03.532443514Z,601.7466,docker_cpu_usage_pct,bwa (DA71) (942),bwa (DA71) (942),2822953,942
,,0,2023-05-13T12:43:20.025536841Z,2023-06-12T12:43:20.025536841Z,2023-06-06T17:35:05.532111412Z,452.7946,docker_cpu_usage_pct,bwa (DA71) (942),bwa (DA71) (942),2822953,942
,,0,2023-05-13T12:43:20.025536841Z,2023-06-12T12:43:20.025536841Z,2023-06-06T17:35:07.531688866Z,360.8204,docker_cpu_usage_pct,bwa (DA71) (942),bwa (DA71) (942),2822953,942
,,0,2023-05-13T12:43:20.025536841Z,2023-06-12T12:43:20.025536841Z,2023-06-06T17:35:10.531972639Z,242.3804,docker_cpu_usage_pct,bwa (DA71) (942),bwa (DA71) (942),2822953,942
,,0,2023-05-13T12:43:20.025536841Z,2023-06-12T12:43:20.025536841Z,2023-06-06T17:35:13.531839737Z,787.8526,docker_cpu_usage_pct,bwa (DA71) (942),bwa (DA71) (942),2822953,942
,,0,2023-05-13T12:43:20.025536841Z,2023-06-12T12:43:20.025536841Z,2023-06-06T17:35:16.531788355Z,799.4679,docker_cpu_usage_pct,bwa (DA71) (942),bwa (DA71) (942),2822953,942
,,0,2023-05-13T12:43:20.025536841Z,2023-06-12T12:43:20.025536841Z,2023-06-06T17:35:18.542580189Z,795.0735,docker_cpu_usage_pct,bwa (DA71) (942),bwa (DA71) (942),2822953,942
,,0,2023-05-13T12:43:20.025536841Z,2023-06-12T12:43:20.025536841Z,2023-06-06T17:35:21.541082396Z,794.4434,docker_cpu_usage_pct,bwa (DA71) (942),bwa (DA71) (942),2822953,942
,,0,2023-05-13T12:43:20.025536841Z,2023-06-12T12:43:20.025536841Z,2023-06-06T17:35:24.537048308Z,795.183,docker_cpu_usage_pct,bwa (DA71) (942),bwa (DA71) (942),2822953,942
,,0,2023-05-13T12:43:20.025536841Z,2023-06-12T12:43:20.025536841Z,2023-06-06T17:35:27.545091153Z,796.0421,docker_cpu_usage_pct,bwa (DA71) (942),bwa (DA71) (942),2822953,942
,,0,2023-05-13T12:43:20.025536841Z,2023-06-12T12:43:20.025536841Z,2023-06-06T17:35:31.541138176Z,774.8862,docker_cpu_usage_pct,bwa (DA71) (942),bwa (DA71) (942),2822953,942
,,0,2023-05-13T12:43:20.025536841Z,2023-06-12T12:43:20.025536841Z,2023-06-06T17:35:34.531942213Z,793.4199,docker_cpu_usage_pct,bwa (DA71) (942),bwa (DA71) (942),2822953,942
,,0,2023-05-13T12:43:20.025536841Z,2023-06-12T12:43:20.025536841Z,2023-06-06T17:35:37.541091686Z,801.5592,docker_cpu_usage_pct,bwa (DA71) (942),bwa (DA71) (942),2822953,942
,,0,2023-05-13T12:43:20.025536841Z,2023-06-12T12:43:20.025536841Z,2023-06-06T17:35:40.545089488Z,793.289,docker_cpu_usage_pct,bwa (DA71) (942),bwa (DA71) (942),2822953,942
,,0,2023-05-13T12:43:20.025536841Z,2023-06-12T12:43:20.025536841Z,2023-06-06T17:35:43.533078287Z,795.6836,docker_cpu_usage_pct,bwa (DA71) (942),bwa (DA71) (942),2822953,942
,,0,2023-05-13T12:43:20.025536841Z,2023-06-12T12:43:20.025536841Z,2023-06-06T17:35:46.545072865Z,792.7685,docker_cpu_usage_pct,bwa (DA71) (942),bwa (DA71) (942),2822953,942
,,0,2023-05-13T12:43:20.025536841Z,2023-06-12T12:43:20.025536841Z,2023-06-06T17:35:49.532342686Z,797.7033,docker_cpu_usage_pct,bwa (DA71) (942),bwa (DA71) (942),2822953,942
,,0,2023-05-13T12:43:20.025536841Z,2023-06-12T12:43:20.025536841Z,2023-06-06T17:35:51.531921488Z,797.9145,docker_cpu_usage_pct,bwa (DA71) (942),bwa (DA71) (942),2822953,942
,,0,2023-05-13T12:43:20.025536841Z,2023-06-12T12:43:20.025536841Z,2023-06-06T17:35:53.531883662Z,795.3058,docker_cpu_usage_pct,bwa (DA71) (942),bwa (DA71) (942),2822953,942
,,0,2023-05-13T12:43:20.025536841Z,2023-06-12T12:43:20.025536841Z,2023-06-06T17:35:56.531659106Z,797.0103,docker_cpu_usage_pct,bwa (DA71) (942),bwa (DA71) (942),2822953,942
,,0,2023-05-13T12:43:20.025536841Z,2023-06-12T12:43:20.025536841Z,2023-06-06T17:35:59.541337761Z,782.0707,docker_cpu_usage_pct,bwa (DA71) (942),bwa (DA71) (942),2822953,942
,,0,2023-05-13T12:43:20.025536841Z,2023-06-12T12:43:20.025536841Z,2023-06-06T17:36:02.532187199Z,708.8379,docker_cpu_usage_pct,bwa (DA71) (942),bwa (DA71) (942),2822953,942
,,0,2023-05-13T12:43:20.025536841Z,2023-06-12T12:43:20.025536841Z,2023-06-06T17:36:04.531804486Z,693.4901,docker_cpu_usage_pct,bwa (DA71) (942),bwa (DA71) (942),2822953,942
,,0,2023-05-13T12:43:20.025536841Z,2023-06-12T12:43:20.025536841Z,2023-06-06T17:36:06.531555178Z,424.1076,docker_cpu_usage_pct,bwa (DA71) (942),bwa (DA71) (942),2822953,942
,,0,2023-05-13T12:43:20.025536841Z,2023-06-12T12:43:20.025536841Z,2023-06-06T17:36:08.532203817Z,100.1129,docker_cpu_usage_pct,bwa (DA71) (942),bwa (DA71) (942),2822953,942
,,0,2023-05-13T12:43:20.025536841Z,2023-06-12T12:43:20.025536841Z,2023-06-06T17:36:10.531959547Z,100.0807,docker_cpu_usage_pct,bwa (DA71) (942),bwa (DA71) (942),2822953,942
,,0,2023-05-13T12:43:20.025536841Z,2023-06-12T12:43:20.025536841Z,2023-06-06T17:36:12.541055349Z,798.1958,docker_cpu_usage_pct,bwa (DA71) (942),bwa (DA71) (942),2822953,942
,,0,2023-05-13T12:43:20.025536841Z,2023-06-12T12:43:20.025536841Z,2023-06-06T17:36:15.54513074Z,793.5492,docker_cpu_usage_pct,bwa (DA71) (942),bwa (DA71) (942),2822953,942
,,0,2023-05-13T12:43:20.025536841Z,2023-06-12T12:43:20.025536841Z,2023-06-06T17:36:18.545157768Z,800.1936,docker_cpu_usage_pct,bwa (DA71) (942),bwa (DA71) (942),2822953,942
,,0,2023-05-13T12:43:20.025536841Z,2023-06-12T12:43:20.025536841Z,2023-06-06T17:36:21.5451184Z,789.2734,docker_cpu_usage_pct,bwa (DA71) (942),bwa (DA71) (942),2822953,942
,,0,2023-05-13T12:43:20.025536841Z,2023-06-12T12:43:20.025536841Z,2023-06-06T17:36:25.531782167Z,792.983,docker_cpu_usage_pct,bwa (DA71) (942),bwa (DA71) (942),2822953,942
,,0,2023-05-13T12:43:20.025536841Z,2023-06-12T12:43:20.025536841Z,2023-06-06T17:36:27.545106762Z,796.4725,docker_cpu_usage_pct,bwa (DA71) (942),bwa (DA71) (942),2822953,942
,,0,2023-05-13T12:43:20.025536841Z,2023-06-12T12:43:20.025536841Z,2023-06-06T17:36:30.545132431Z,786.3503,docker_cpu_usage_pct,bwa (DA71) (942),bwa (DA71) (942),2822953,942
,,0,2023-05-13T12:43:20.025536841Z,2023-06-12T12:43:20.025536841Z,2023-06-06T17:36:34.53176233Z,796.7508,docker_cpu_usage_pct,bwa (DA71) (942),bwa (DA71) (942),2822953,942
,,0,2023-05-13T12:43:20.025536841Z,2023-06-12T12:43:20.025536841Z,2023-06-06T17:36:37.531763973Z,793.431,docker_cpu_usage_pct,bwa (DA71) (942),bwa (DA71) (942),2822953,942
,,0,2023-05-13T12:43:20.025536841Z,2023-06-12T12:43:20.025536841Z,2023-06-06T17:36:40.531845698Z,793.9445,docker_cpu_usage_pct,bwa (DA71) (942),bwa (DA71) (942),2822953,942
,,0,2023-05-13T12:43:20.025536841Z,2023-06-12T12:43:20.025536841Z,2023-06-06T17:36:42.532466542Z,794.3982,docker_cpu_usage_pct,bwa (DA71) (942),bwa (DA71) (942),2822953,942
,,0,2023-05-13T12:43:20.025536841Z,2023-06-12T12:43:20.025536841Z,2023-06-06T17:36:44.532169334Z,796.7581,docker_cpu_usage_pct,bwa (DA71) (942),bwa (DA71) (942),2822953,942
,,0,2023-05-13T12:43:20.025536841Z,2023-06-12T12:43:20.025536841Z,2023-06-06T17:36:47.531834011Z,797.5952,docker_cpu_usage_pct,bwa (DA71) (942),bwa (DA71) (942),2822953,942
,,0,2023-05-13T12:43:20.025536841Z,2023-06-12T12:43:20.025536841Z,2023-06-06T17:36:50.531805095Z,744.735,docker_cpu_usage_pct,bwa (DA71) (942),bwa (DA71) (942),2822953,942
,,0,2023-05-13T12:43:20.025536841Z,2023-06-12T12:43:20.025536841Z,2023-06-06T17:36:53.545179755Z,781.3375,docker_cpu_usage_pct,bwa (DA71) (942),bwa (DA71) (942),2822953,942
,,0,2023-05-13T12:43:20.025536841Z,2023-06-12T12:43:20.025536841Z,2023-06-06T17:36:56.541332721Z,792.2034,docker_cpu_usage_pct,bwa (DA71) (942),bwa (DA71) (942),2822953,942
,,0,2023-05-13T12:43:20.025536841Z,2023-06-12T12:43:20.025536841Z,2023-06-06T17:36:59.532169822Z,796.3164,docker_cpu_usage_pct,bwa (DA71) (942),bwa (DA71) (942),2822953,942
,,0,2023-05-13T12:43:20.025536841Z,2023-06-12T12:43:20.025536841Z,2023-06-06T17:37:00.53322445Z,562.2546,docker_cpu_usage_pct,bwa (DA71) (942),bwa (DA71) (942),2822953,942
,,0,2023-05-13T12:43:20.025536841Z,2023-06-12T12:43:20.025536841Z,2023-06-06T17:37:02.531893762Z,310.4879,docker_cpu_usage_pct,bwa (DA71) (942),bwa (DA71) (942),2822953,942
,,0,2023-05-13T12:43:20.025536841Z,2023-06-12T12:43:20.025536841Z,2023-06-06T17:37:05.541263034Z,200.5077,docker_cpu_usage_pct,bwa (DA71) (942),bwa (DA71) (942),2822953,942
,,0,2023-05-13T12:43:20.025536841Z,2023-06-12T12:43:20.025536841Z,2023-06-06T17:37:07.532056326Z,799.0538,docker_cpu_usage_pct,bwa (DA71) (942),bwa (DA71) (942),2822953,942
,,0,2023-05-13T12:43:20.025536841Z,2023-06-12T12:43:20.025536841Z,2023-06-06T17:37:09.53176756Z,800.2381,docker_cpu_usage_pct,bwa (DA71) (942),bwa (DA71) (942),2822953,942
,,0,2023-05-13T12:43:20.025536841Z,2023-06-12T12:43:20.025536841Z,2023-06-06T17:37:11.545046194Z,797.158,docker_cpu_usage_pct,bwa (DA71) (942),bwa (DA71) (942),2822953,942
,,0,2023-05-13T12:43:20.025536841Z,2023-06-12T12:43:20.025536841Z,2023-06-06T17:37:14.533438796Z,788.6609,docker_cpu_usage_pct,bwa (DA71) (942),bwa (DA71) (942),2822953,942
,,0,2023-05-13T12:43:20.025536841Z,2023-06-12T12:43:20.025536841Z,2023-06-06T17:37:17.541225479Z,788.9151,docker_cpu_usage_pct,bwa (DA71) (942),bwa (DA71) (942),2822953,942
,,0,2023-05-13T12:43:20.025536841Z,2023-06-12T12:43:20.025536841Z,2023-06-06T17:37:20.541217156Z,798.1925,docker_cpu_usage_pct,bwa (DA71) (942),bwa (DA71) (942),2822953,942
,,0,2023-05-13T12:43:20.025536841Z,2023-06-12T12:43:20.025536841Z,2023-06-06T17:37:23.541192971Z,784.7471,docker_cpu_usage_pct,bwa (DA71) (942),bwa (DA71) (942),2822953,942
,,0,2023-05-13T12:43:20.025536841Z,2023-06-12T12:43:20.025536841Z,2023-06-06T17:37:26.541284928Z,796.2488,docker_cpu_usage_pct,bwa (DA71) (942),bwa (DA71) (942),2822953,942
,,0,2023-05-13T12:43:20.025536841Z,2023-06-12T12:43:20.025536841Z,2023-06-06T17:37:29.533271049Z,768.7946,docker_cpu_usage_pct,bwa (DA71) (942),bwa (DA71) (942),2822953,942
,,0,2023-05-13T12:43:20.025536841Z,2023-06-12T12:43:20.025536841Z,2023-06-06T17:37:32.541310101Z,791.4496,docker_cpu_usage_pct,bwa (DA71) (942),bwa (DA71) (942),2822953,942
,,0,2023-05-13T12:43:20.025536841Z,2023-06-12T12:43:20.025536841Z,2023-06-06T17:37:35.531681156Z,795.5377,docker_cpu_usage_pct,bwa (DA71) (942),bwa (DA71) (942),2822953,942
,,0,2023-05-13T12:43:20.025536841Z,2023-06-12T12:43:20.025536841Z,2023-06-06T17:37:37.532191635Z,798.5438,docker_cpu_usage_pct,bwa (DA71) (942),bwa (DA71) (942),2822953,942
,,0,2023-05-13T12:43:20.025536841Z,2023-06-12T12:43:20.025536841Z,2023-06-06T17:37:39.545145978Z,800.5565,docker_cpu_usage_pct,bwa (DA71) (942),bwa (DA71) (942),2822953,942
,,0,2023-05-13T12:43:20.025536841Z,2023-06-12T12:43:20.025536841Z,2023-06-06T17:37:41.545061255Z,774.9328,docker_cpu_usage_pct,bwa (DA71) (942),bwa (DA71) (942),2822953,942
,,0,2023-05-13T12:43:20.025536841Z,2023-06-12T12:43:20.025536841Z,2023-06-06T17:37:44.541142651Z,780.3478,docker_cpu_usage_pct,bwa (DA71) (942),bwa (DA71) (942),2822953,942
,,0,2023-05-13T12:43:20.025536841Z,2023-06-12T12:43:20.025536841Z,2023-06-06T17:37:47.541123622Z,776.5944,docker_cpu_usage_pct,bwa (DA71) (942),bwa (DA71) (942),2822953,942
,,0,2023-05-13T12:43:20.025536841Z,2023-06-12T12:43:20.025536841Z,2023-06-06T17:37:50.532251723Z,801.9111,docker_cpu_usage_pct,bwa (DA71) (942),bwa (DA71) (942),2822953,942
,,0,2023-05-13T12:43:20.025536841Z,2023-06-12T12:43:20.025536841Z,2023-06-06T17:37:52.545077897Z,797.5125,docker_cpu_usage_pct,bwa (DA71) (942),bwa (DA71) (942),2822953,942
,,0,2023-05-13T12:43:20.025536841Z,2023-06-12T12:43:20.025536841Z,2023-06-06T17:37:55.541146656Z,717.0275,docker_cpu_usage_pct,bwa (DA71) (942),bwa (DA71) (942),2822953,942
,,0,2023-05-13T12:43:20.025536841Z,2023-06-12T12:43:20.025536841Z,2023-06-06T17:37:57.539627161Z,399.4667,docker_cpu_usage_pct,bwa (DA71) (942),bwa (DA71) (942),2822953,942
,,0,2023-05-13T12:43:20.025536841Z,2023-06-12T12:43:20.025536841Z,2023-06-06T17:37:59.533256176Z,301.4693,docker_cpu_usage_pct,bwa (DA71) (942),bwa (DA71) (942),2822953,942
,,0,2023-05-13T12:43:20.025536841Z,2023-06-12T12:43:20.025536841Z,2023-06-06T17:38:01.533307841Z,167.2655,docker_cpu_usage_pct,bwa (DA71) (942),bwa (DA71) (942),2822953,942
,,0,2023-05-13T12:43:20.025536841Z,2023-06-12T12:43:20.025536841Z,2023-06-06T17:38:03.532067662Z,100.1669,docker_cpu_usage_pct,bwa (DA71) (942),bwa (DA71) (942),2822953,942
,,0,2023-05-13T12:43:20.025536841Z,2023-06-12T12:43:20.025536841Z,2023-06-06T17:38:06.536512518Z,99.9503,docker_cpu_usage_pct,bwa (DA71) (942),bwa (DA71) (942),2822953,942
,,0,2023-05-13T12:43:20.025536841Z,2023-06-12T12:43:20.025536841Z,2023-06-06T17:38:08.531688022Z,783.5996,docker_cpu_usage_pct,bwa (DA71) (942),bwa (DA71) (942),2822953,942
,,0,2023-05-13T12:43:20.025536841Z,2023-06-12T12:43:20.025536841Z,2023-06-06T17:38:10.537148769Z,796.9288,docker_cpu_usage_pct,bwa (DA71) (942),bwa (DA71) (942),2822953,942
,,0,2023-05-13T12:43:20.025536841Z,2023-06-12T12:43:20.025536841Z,2023-06-06T17:38:12.537686195Z,796.427,docker_cpu_usage_pct,bwa (DA71) (942),bwa (DA71) (942),2822953,942
,,0,2023-05-13T12:43:20.025536841Z,2023-06-12T12:43:20.025536841Z,2023-06-06T17:38:14.533268349Z,800.4505,docker_cpu_usage_pct,bwa (DA71) (942),bwa (DA71) (942),2822953,942
,,0,2023-05-13T12:43:20.025536841Z,2023-06-12T12:43:20.025536841Z,2023-06-06T17:38:17.535378554Z,792.4347,docker_cpu_usage_pct,bwa (DA71) (942),bwa (DA71) (942),2822953,942
,,0,2023-05-13T12:43:20.025536841Z,2023-06-12T12:43:20.025536841Z,2023-06-06T17:38:20.537260329Z,774.1821,docker_cpu_usage_pct,bwa (DA71) (942),bwa (DA71) (942),2822953,942
,,0,2023-05-13T12:43:20.025536841Z,2023-06-12T12:43:20.025536841Z,2023-06-06T17:38:23.541300973Z,785.3204,docker_cpu_usage_pct,bwa (DA71) (942),bwa (DA71) (942),2822953,942
,,0,2023-05-13T12:43:20.025536841Z,2023-06-12T12:43:20.025536841Z,2023-06-06T17:38:26.531974Z,795.6562,docker_cpu_usage_pct,bwa (DA71) (942),bwa (DA71) (942),2822953,942
,,0,2023-05-13T12:43:20.025536841Z,2023-06-12T12:43:20.025536841Z,2023-06-06T17:38:28.531350353Z,798.4442,docker_cpu_usage_pct,bwa (DA71) (942),bwa (DA71) (942),2822953,942
,,0,2023-05-13T12:43:20.025536841Z,2023-06-12T12:43:20.025536841Z,2023-06-06T17:38:31.532391905Z,795.2936,docker_cpu_usage_pct,bwa (DA71) (942),bwa (DA71) (942),2822953,942
,,0,2023-05-13T12:43:20.025536841Z,2023-06-12T12:43:20.025536841Z,2023-06-06T17:38:33.537328668Z,792.8288,docker_cpu_usage_pct,bwa (DA71) (942),bwa (DA71) (942),2822953,942
,,0,2023-05-13T12:43:20.025536841Z,2023-06-12T12:43:20.025536841Z,2023-06-06T17:38:35.5450562Z,799.2793,docker_cpu_usage_pct,bwa (DA71) (942),bwa (DA71) (942),2822953,942
,,0,2023-05-13T12:43:20.025536841Z,2023-06-12T12:43:20.025536841Z,2023-06-06T17:38:37.545094131Z,789.044,docker_cpu_usage_pct,bwa (DA71) (942),bwa (DA71) (942),2822953,942
,,0,2023-05-13T12:43:20.025536841Z,2023-06-12T12:43:20.025536841Z,2023-06-06T17:38:40.541087825Z,763.2391,docker_cpu_usage_pct,bwa (DA71) (942),bwa (DA71) (942),2822953,942
,,0,2023-05-13T12:43:20.025536841Z,2023-06-12T12:43:20.025536841Z,2023-06-06T17:38:43.537087607Z,760.3749,docker_cpu_usage_pct,bwa (DA71) (942),bwa (DA71) (942),2822953,942
,,0,2023-05-13T12:43:20.025536841Z,2023-06-12T12:43:20.025536841Z,2023-06-06T17:38:46.537286844Z,758.1993,docker_cpu_usage_pct,bwa (DA71) (942),bwa (DA71) (942),2822953,942
,,0,2023-05-13T12:43:20.025536841Z,2023-06-12T12:43:20.025536841Z,2023-06-06T17:38:49.533539901Z,776.1494,docker_cpu_usage_pct,bwa (DA71) (942),bwa (DA71) (942),2822953,942
,,0,2023-05-13T12:43:20.025536841Z,2023-06-12T12:43:20.025536841Z,2023-06-06T17:38:53.545102588Z,734.8502,docker_cpu_usage_pct,bwa (DA71) (942),bwa (DA71) (942),2822953,942
,,0,2023-05-13T12:43:20.025536841Z,2023-06-12T12:43:20.025536841Z,2023-06-06T17:38:55.545118633Z,763.7859,docker_cpu_usage_pct,bwa (DA71) (942),bwa (DA71) (942),2822953,942
,,0,2023-05-13T12:43:20.025536841Z,2023-06-12T12:43:20.025536841Z,2023-06-06T17:38:58.534890345Z,547.9038,docker_cpu_usage_pct,bwa (DA71) (942),bwa (DA71) (942),2822953,942
,,0,2023-05-13T12:43:20.025536841Z,2023-06-12T12:43:20.025536841Z,2023-06-06T17:39:01.54139178Z,190.8328,docker_cpu_usage_pct,bwa (DA71) (942),bwa (DA71) (942),2822953,942
,,0,2023-05-13T12:43:20.025536841Z,2023-06-12T12:43:20.025536841Z,2023-06-06T17:39:04.54133809Z,786.8801,docker_cpu_usage_pct,bwa (DA71) (942),bwa (DA71) (942),2822953,942
,,0,2023-05-13T12:43:20.025536841Z,2023-06-12T12:43:20.025536841Z,2023-06-06T17:39:07.541254258Z,794.6222,docker_cpu_usage_pct,bwa (DA71) (942),bwa (DA71) (942),2822953,942
,,0,2023-05-13T12:43:20.025536841Z,2023-06-12T12:43:20.025536841Z,2023-06-06T17:39:09.541331861Z,780.8472,docker_cpu_usage_pct,bwa (DA71) (942),bwa (DA71) (942),2822953,942
,,0,2023-05-13T12:43:20.025536841Z,2023-06-12T12:43:20.025536841Z,2023-06-06T17:39:12.533018388Z,799.0877,docker_cpu_usage_pct,bwa (DA71) (942),bwa (DA71) (942),2822953,942
,,0,2023-05-13T12:43:20.025536841Z,2023-06-12T12:43:20.025536841Z,2023-06-06T17:39:14.531765005Z,796.7712,docker_cpu_usage_pct,bwa (DA71) (942),bwa (DA71) (942),2822953,942
,,0,2023-05-13T12:43:20.025536841Z,2023-06-12T12:43:20.025536841Z,2023-06-06T17:39:16.531607067Z,798.1835,docker_cpu_usage_pct,bwa (DA71) (942),bwa (DA71) (942),2822953,942
,,0,2023-05-13T12:43:20.025536841Z,2023-06-12T12:43:20.025536841Z,2023-06-06T17:39:18.532348608Z,798.7556,docker_cpu_usage_pct,bwa (DA71) (942),bwa (DA71) (942),2822953,942
,,0,2023-05-13T12:43:20.025536841Z,2023-06-12T12:43:20.025536841Z,2023-06-06T17:39:20.531940381Z,798.8379,docker_cpu_usage_pct,bwa (DA71) (942),bwa (DA71) (942),2822953,942
,,0,2023-05-13T12:43:20.025536841Z,2023-06-12T12:43:20.025536841Z,2023-06-06T17:39:23.537306159Z,798.2351,docker_cpu_usage_pct,bwa (DA71) (942),bwa (DA71) (942),2822953,942
,,0,2023-05-13T12:43:20.025536841Z,2023-06-12T12:43:20.025536841Z,2023-06-06T17:39:26.531651657Z,799.2315,docker_cpu_usage_pct,bwa (DA71) (942),bwa (DA71) (942),2822953,942
,,0,2023-05-13T12:43:20.025536841Z,2023-06-12T12:43:20.025536841Z,2023-06-06T17:39:29.541511458Z,770.314,docker_cpu_usage_pct,bwa (DA71) (942),bwa (DA71) (942),2822953,942
,,0,2023-05-13T12:43:20.025536841Z,2023-06-12T12:43:20.025536841Z,2023-06-06T17:39:32.541338492Z,785.1149,docker_cpu_usage_pct,bwa (DA71) (942),bwa (DA71) (942),2822953,942
,,0,2023-05-13T12:43:20.025536841Z,2023-06-12T12:43:20.025536841Z,2023-06-06T17:39:35.537322918Z,795.0049,docker_cpu_usage_pct,bwa (DA71) (942),bwa (DA71) (942),2822953,942
,,0,2023-05-13T12:43:20.025536841Z,2023-06-12T12:43:20.025536841Z,2023-06-06T17:39:38.541286643Z,786.4082,docker_cpu_usage_pct,bwa (DA71) (942),bwa (DA71) (942),2822953,942
,,0,2023-05-13T12:43:20.025536841Z,2023-06-12T12:43:20.025536841Z,2023-06-06T17:39:42.531856775Z,796.9688,docker_cpu_usage_pct,bwa (DA71) (942),bwa (DA71) (942),2822953,942
,,0,2023-05-13T12:43:20.025536841Z,2023-06-12T12:43:20.025536841Z,2023-06-06T17:39:44.533415115Z,790.1376,docker_cpu_usage_pct,bwa (DA71) (942),bwa (DA71) (942),2822953,942
,,0,2023-05-13T12:43:20.025536841Z,2023-06-12T12:43:20.025536841Z,2023-06-06T17:39:48.531977894Z,799.2991,docker_cpu_usage_pct,bwa (DA71) (942),bwa (DA71) (942),2822953,942
,,0,2023-05-13T12:43:20.025536841Z,2023-06-12T12:43:20.025536841Z,2023-06-06T17:39:51.53182959Z,779.6919,docker_cpu_usage_pct,bwa (DA71) (942),bwa (DA71) (942),2822953,942
,,0,2023-05-13T12:43:20.025536841Z,2023-06-12T12:43:20.025536841Z,2023-06-06T17:39:54.545165324Z,784.1614,docker_cpu_usage_pct,bwa (DA71) (942),bwa (DA71) (942),2822953,942
,,0,2023-05-13T12:43:20.025536841Z,2023-06-12T12:43:20.025536841Z,2023-06-06T17:39:57.531670062Z,711.795,docker_cpu_usage_pct,bwa (DA71) (942),bwa (DA71) (942),2822953,942
,,0,2023-05-13T12:43:20.025536841Z,2023-06-12T12:43:20.025536841Z,2023-06-06T17:39:59.533455975Z,399.3667,docker_cpu_usage_pct,bwa (DA71) (942),bwa (DA71) (942),2822953,942
,,0,2023-05-13T12:43:20.025536841Z,2023-06-12T12:43:20.025536841Z,2023-06-06T17:40:01.53194557Z,100.5944,docker_cpu_usage_pct,bwa (DA71) (942),bwa (DA71) (942),2822953,942
,,0,2023-05-13T12:43:20.025536841Z,2023-06-12T12:43:20.025536841Z,2023-06-06T17:40:04.531859752Z,99.7799,docker_cpu_usage_pct,bwa (DA71) (942),bwa (DA71) (942),2822953,942
,,0,2023-05-13T12:43:20.025536841Z,2023-06-12T12:43:20.025536841Z,2023-06-06T17:40:07.531908187Z,798.8016,docker_cpu_usage_pct,bwa (DA71) (942),bwa (DA71) (942),2822953,942
,,0,2023-05-13T12:43:20.025536841Z,2023-06-12T12:43:20.025536841Z,2023-06-06T17:40:09.535279619Z,795.7179,docker_cpu_usage_pct,bwa (DA71) (942),bwa (DA71) (942),2822953,942
,,0,2023-05-13T12:43:20.025536841Z,2023-06-12T12:43:20.025536841Z,2023-06-06T17:40:11.532083936Z,798.8483,docker_cpu_usage_pct,bwa (DA71) (942),bwa (DA71) (942),2822953,942
,,0,2023-05-13T12:43:20.025536841Z,2023-06-12T12:43:20.025536841Z,2023-06-06T17:40:13.537273855Z,798.9151,docker_cpu_usage_pct,bwa (DA71) (942),bwa (DA71) (942),2822953,942
,,0,2023-05-13T12:43:20.025536841Z,2023-06-12T12:43:20.025536841Z,2023-06-06T17:40:15.531712525Z,794.3241,docker_cpu_usage_pct,bwa (DA71) (942),bwa (DA71) (942),2822953,942
,,0,2023-05-13T12:43:20.025536841Z,2023-06-12T12:43:20.025536841Z,2023-06-06T17:40:18.531631291Z,792.2531,docker_cpu_usage_pct,bwa (DA71) (942),bwa (DA71) (942),2822953,942
,,0,2023-05-13T12:43:20.025536841Z,2023-06-12T12:43:20.025536841Z,2023-06-06T17:40:20.531770954Z,799.3344,docker_cpu_usage_pct,bwa (DA71) (942),bwa (DA71) (942),2822953,942
,,0,2023-05-13T12:43:20.025536841Z,2023-06-12T12:43:20.025536841Z,2023-06-06T17:40:22.545127467Z,798.8634,docker_cpu_usage_pct,bwa (DA71) (942),bwa (DA71) (942),2822953,942
,,0,2023-05-13T12:43:20.025536841Z,2023-06-12T12:43:20.025536841Z,2023-06-06T17:40:24.541390483Z,795.854,docker_cpu_usage_pct,bwa (DA71) (942),bwa (DA71) (942),2822953,942
,,0,2023-05-13T12:43:20.025536841Z,2023-06-12T12:43:20.025536841Z,2023-06-06T17:40:27.538804074Z,758.5021,docker_cpu_usage_pct,bwa (DA71) (942),bwa (DA71) (942),2822953,942
,,0,2023-05-13T12:43:20.025536841Z,2023-06-12T12:43:20.025536841Z,2023-06-06T17:40:30.541397992Z,766.0665,docker_cpu_usage_pct,bwa (DA71) (942),bwa (DA71) (942),2822953,942
,,0,2023-05-13T12:43:20.025536841Z,2023-06-12T12:43:20.025536841Z,2023-06-06T17:40:33.541289362Z,745.3573,docker_cpu_usage_pct,bwa (DA71) (942),bwa (DA71) (942),2822953,942
,,0,2023-05-13T12:43:20.025536841Z,2023-06-12T12:43:20.025536841Z,2023-06-06T17:40:35.541369359Z,739.2243,docker_cpu_usage_pct,bwa (DA71) (942),bwa (DA71) (942),2822953,942
,,0,2023-05-13T12:43:20.025536841Z,2023-06-12T12:43:20.025536841Z,2023-06-06T17:40:38.53186045Z,795.5373,docker_cpu_usage_pct,bwa (DA71) (942),bwa (DA71) (942),2822953,942
,,0,2023-05-13T12:43:20.025536841Z,2023-06-12T12:43:20.025536841Z,2023-06-06T17:40:41.54509198Z,771.3948,docker_cpu_usage_pct,bwa (DA71) (942),bwa (DA71) (942),2822953,942
,,0,2023-05-13T12:43:20.025536841Z,2023-06-12T12:43:20.025536841Z,2023-06-06T17:40:44.541116699Z,796.7294,docker_cpu_usage_pct,bwa (DA71) (942),bwa (DA71) (942),2822953,942
,,0,2023-05-13T12:43:20.025536841Z,2023-06-12T12:43:20.025536841Z,2023-06-06T17:40:47.545113607Z,797.8663,docker_cpu_usage_pct,bwa (DA71) (942),bwa (DA71) (942),2822953,942
,,0,2023-05-13T12:43:20.025536841Z,2023-06-12T12:43:20.025536841Z,2023-06-06T17:40:50.545167305Z,791.9522,docker_cpu_usage_pct,bwa (DA71) (942),bwa (DA71) (942),2822953,942
,,0,2023-05-13T12:43:20.025536841Z,2023-06-12T12:43:20.025536841Z,2023-06-06T17:40:53.545149989Z,797.0787,docker_cpu_usage_pct,bwa (DA71) (942),bwa (DA71) (942),2822953,942
,,0,2023-05-13T12:43:20.025536841Z,2023-06-12T12:43:20.025536841Z,2023-06-06T17:40:56.53214353Z,793.5169,docker_cpu_usage_pct,bwa (DA71) (942),bwa (DA71) (942),2822953,942
,,0,2023-05-13T12:43:20.025536841Z,2023-06-12T12:43:20.025536841Z,2023-06-06T17:40:58.53190968Z,500.2521,docker_cpu_usage_pct,bwa (DA71) (942),bwa (DA71) (942),2822953,942
,,0,2023-05-13T12:43:20.025536841Z,2023-06-12T12:43:20.025536841Z,2023-06-06T17:41:00.531658841Z,151.8895,docker_cpu_usage_pct,bwa (DA71) (942),bwa (DA71) (942),2822953,942
,,0,2023-05-13T12:43:20.025536841Z,2023-06-12T12:43:20.025536841Z,2023-06-06T17:41:02.531447281Z,797.2845,docker_cpu_usage_pct,bwa (DA71) (942),bwa (DA71) (942),2822953,942
,,0,2023-05-13T12:43:20.025536841Z,2023-06-12T12:43:20.025536841Z,2023-06-06T17:41:04.542673154Z,799.8661,docker_cpu_usage_pct,bwa (DA71) (942),bwa (DA71) (942),2822953,942
,,0,2023-05-13T12:43:20.025536841Z,2023-06-12T12:43:20.025536841Z,2023-06-06T17:41:07.545084362Z,769.8563,docker_cpu_usage_pct,bwa (DA71) (942),bwa (DA71) (942),2822953,942
,,0,2023-05-13T12:43:20.025536841Z,2023-06-12T12:43:20.025536841Z,2023-06-06T17:41:11.541336571Z,789.9244,docker_cpu_usage_pct,bwa (DA71) (942),bwa (DA71) (942),2822953,942
,,0,2023-05-13T12:43:20.025536841Z,2023-06-12T12:43:20.025536841Z,2023-06-06T17:41:13.552038614Z,788.2418,docker_cpu_usage_pct,bwa (DA71) (942),bwa (DA71) (942),2822953,942
,,0,2023-05-13T12:43:20.025536841Z,2023-06-12T12:43:20.025536841Z,2023-06-06T17:41:17.545033594Z,793.4263,docker_cpu_usage_pct,bwa (DA71) (942),bwa (DA71) (942),2822953,942
,,0,2023-05-13T12:43:20.025536841Z,2023-06-12T12:43:20.025536841Z,2023-06-06T17:41:20.537353559Z,788.4406,docker_cpu_usage_pct,bwa (DA71) (942),bwa (DA71) (942),2822953,942
,,0,2023-05-13T12:43:20.025536841Z,2023-06-12T12:43:20.025536841Z,2023-06-06T17:41:23.541419236Z,795.6503,docker_cpu_usage_pct,bwa (DA71) (942),bwa (DA71) (942),2822953,942
,,0,2023-05-13T12:43:20.025536841Z,2023-06-12T12:43:20.025536841Z,2023-06-06T17:41:26.533387597Z,792.9885,docker_cpu_usage_pct,bwa (DA71) (942),bwa (DA71) (942),2822953,942
,,0,2023-05-13T12:43:20.025536841Z,2023-06-12T12:43:20.025536841Z,2023-06-06T17:41:28.531703143Z,795.5286,docker_cpu_usage_pct,bwa (DA71) (942),bwa (DA71) (942),2822953,942
,,0,2023-05-13T12:43:20.025536841Z,2023-06-12T12:43:20.025536841Z,2023-06-06T17:41:30.531410964Z,795.1117,docker_cpu_usage_pct,bwa (DA71) (942),bwa (DA71) (942),2822953,942
,,0,2023-05-13T12:43:20.025536841Z,2023-06-12T12:43:20.025536841Z,2023-06-06T17:41:32.532059415Z,800.6409,docker_cpu_usage_pct,bwa (DA71) (942),bwa (DA71) (942),2822953,942
,,0,2023-05-13T12:43:20.025536841Z,2023-06-12T12:43:20.025536841Z,2023-06-06T17:41:34.531803036Z,794.9836,docker_cpu_usage_pct,bwa (DA71) (942),bwa (DA71) (942),2822953,942
,,0,2023-05-13T12:43:20.025536841Z,2023-06-12T12:43:20.025536841Z,2023-06-06T17:41:37.541308965Z,798.8682,docker_cpu_usage_pct,bwa (DA71) (942),bwa (DA71) (942),2822953,942
,,0,2023-05-13T12:43:20.025536841Z,2023-06-12T12:43:20.025536841Z,2023-06-06T17:41:40.537384664Z,793.7707,docker_cpu_usage_pct,bwa (DA71) (942),bwa (DA71) (942),2822953,942
,,0,2023-05-13T12:43:20.025536841Z,2023-06-12T12:43:20.025536841Z,2023-06-06T17:41:43.531769438Z,798.3453,docker_cpu_usage_pct,bwa (DA71) (942),bwa (DA71) (942),2822953,942
,,0,2023-05-13T12:43:20.025536841Z,2023-06-12T12:43:20.025536841Z,2023-06-06T17:41:45.532465848Z,794.8215,docker_cpu_usage_pct,bwa (DA71) (942),bwa (DA71) (942),2822953,942
,,0,2023-05-13T12:43:20.025536841Z,2023-06-12T12:43:20.025536841Z,2023-06-06T17:41:48.531675367Z,794.7709,docker_cpu_usage_pct,bwa (DA71) (942),bwa (DA71) (942),2822953,942
,,0,2023-05-13T12:43:20.025536841Z,2023-06-12T12:43:20.025536841Z,2023-06-06T17:41:51.53164534Z,699.3581,docker_cpu_usage_pct,bwa (DA71) (942),bwa (DA71) (942),2822953,942
,,0,2023-05-13T12:43:20.025536841Z,2023-06-12T12:43:20.025536841Z,2023-06-06T17:41:54.531686144Z,606.1386,docker_cpu_usage_pct,bwa (DA71) (942),bwa (DA71) (942),2822953,942
,,0,2023-05-13T12:43:20.025536841Z,2023-06-12T12:43:20.025536841Z,2023-06-06T17:41:56.531401519Z,426.495,docker_cpu_usage_pct,bwa (DA71) (942),bwa (DA71) (942),2822953,942
,,0,2023-05-13T12:43:20.025536841Z,2023-06-12T12:43:20.025536841Z,2023-06-06T17:41:58.531777636Z,200.1597,docker_cpu_usage_pct,bwa (DA71) (942),bwa (DA71) (942),2822953,942
,,0,2023-05-13T12:43:20.025536841Z,2023-06-12T12:43:20.025536841Z,2023-06-06T17:42:00.531695277Z,100.0273,docker_cpu_usage_pct,bwa (DA71) (942),bwa (DA71) (942),2822953,942
,,0,2023-05-13T12:43:20.025536841Z,2023-06-12T12:43:20.025536841Z,2023-06-06T17:42:03.545093423Z,791.3196,docker_cpu_usage_pct,bwa (DA71) (942),bwa (DA71) (942),2822953,942
,,0,2023-05-13T12:43:20.025536841Z,2023-06-12T12:43:20.025536841Z,2023-06-06T17:42:06.537425142Z,795.4212,docker_cpu_usage_pct,bwa (DA71) (942),bwa (DA71) (942),2822953,942
,,0,2023-05-13T12:43:20.025536841Z,2023-06-12T12:43:20.025536841Z,2023-06-06T17:42:09.541360717Z,790.8874,docker_cpu_usage_pct,bwa (DA71) (942),bwa (DA71) (942),2822953,942
,,0,2023-05-13T12:43:20.025536841Z,2023-06-12T12:43:20.025536841Z,2023-06-06T17:42:12.541382215Z,790.9766,docker_cpu_usage_pct,bwa (DA71) (942),bwa (DA71) (942),2822953,942
,,0,2023-05-13T12:43:20.025536841Z,2023-06-12T12:43:20.025536841Z,2023-06-06T17:42:15.537212545Z,792.786,docker_cpu_usage_pct,bwa (DA71) (942),bwa (DA71) (942),2822953,942
,,0,2023-05-13T12:43:20.025536841Z,2023-06-12T12:43:20.025536841Z,2023-06-06T17:42:18.541295652Z,796.3057,docker_cpu_usage_pct,bwa (DA71) (942),bwa (DA71) (942),2822953,942
,,0,2023-05-13T12:43:20.025536841Z,2023-06-12T12:43:20.025536841Z,2023-06-06T17:42:21.541265585Z,797.9228,docker_cpu_usage_pct,bwa (DA71) (942),bwa (DA71) (942),2822953,942
,,0,2023-05-13T12:43:20.025536841Z,2023-06-12T12:43:20.025536841Z,2023-06-06T17:42:25.531669869Z,793.2671,docker_cpu_usage_pct,bwa (DA71) (942),bwa (DA71) (942),2822953,942
,,0,2023-05-13T12:43:20.025536841Z,2023-06-12T12:43:20.025536841Z,2023-06-06T17:42:28.531674521Z,800.8319,docker_cpu_usage_pct,bwa (DA71) (942),bwa (DA71) (942),2822953,942
,,0,2023-05-13T12:43:20.025536841Z,2023-06-12T12:43:20.025536841Z,2023-06-06T17:42:30.533290561Z,798.0329,docker_cpu_usage_pct,bwa (DA71) (942),bwa (DA71) (942),2822953,942
,,0,2023-05-13T12:43:20.025536841Z,2023-06-12T12:43:20.025536841Z,2023-06-06T17:42:34.533115728Z,796.867,docker_cpu_usage_pct,bwa (DA71) (942),bwa (DA71) (942),2822953,942
,,0,2023-05-13T12:43:20.025536841Z,2023-06-12T12:43:20.025536841Z,2023-06-06T17:42:37.531792794Z,797.5498,docker_cpu_usage_pct,bwa (DA71) (942),bwa (DA71) (942),2822953,942
,,0,2023-05-13T12:43:20.025536841Z,2023-06-12T12:43:20.025536841Z,2023-06-06T17:42:39.531696246Z,798.3701,docker_cpu_usage_pct,bwa (DA71) (942),bwa (DA71) (942),2822953,942
,,0,2023-05-13T12:43:20.025536841Z,2023-06-12T12:43:20.025536841Z,2023-06-06T17:42:41.532422634Z,796.6431,docker_cpu_usage_pct,bwa (DA71) (942),bwa (DA71) (942),2822953,942
,,0,2023-05-13T12:43:20.025536841Z,2023-06-12T12:43:20.025536841Z,2023-06-06T17:42:43.532061416Z,798.1245,docker_cpu_usage_pct,bwa (DA71) (942),bwa (DA71) (942),2822953,942
,,0,2023-05-13T12:43:20.025536841Z,2023-06-12T12:43:20.025536841Z,2023-06-06T17:42:45.53173377Z,799.3683,docker_cpu_usage_pct,bwa (DA71) (942),bwa (DA71) (942),2822953,942
,,0,2023-05-13T12:43:20.025536841Z,2023-06-12T12:43:20.025536841Z,2023-06-06T17:42:47.53162064Z,800.7185,docker_cpu_usage_pct,bwa (DA71) (942),bwa (DA71) (942),2822953,942
,,0,2023-05-13T12:43:20.025536841Z,2023-06-12T12:43:20.025536841Z,2023-06-06T17:42:50.537270668Z,796.95,docker_cpu_usage_pct,bwa (DA71) (942),bwa (DA71) (942),2822953,942
,,0,2023-05-13T12:43:20.025536841Z,2023-06-12T12:43:20.025536841Z,2023-06-06T17:42:53.537309993Z,783.5416,docker_cpu_usage_pct,bwa (DA71) (942),bwa (DA71) (942),2822953,942
,,0,2023-05-13T12:43:20.025536841Z,2023-06-12T12:43:20.025536841Z,2023-06-06T17:42:56.541285105Z,697.3241,docker_cpu_usage_pct,bwa (DA71) (942),bwa (DA71) (942),2822953,942
,,0,2023-05-13T12:43:20.025536841Z,2023-06-12T12:43:20.025536841Z,2023-06-06T17:42:58.533258275Z,585.3329,docker_cpu_usage_pct,bwa (DA71) (942),bwa (DA71) (942),2822953,942
,,0,2023-05-13T12:43:20.025536841Z,2023-06-12T12:43:20.025536841Z,2023-06-06T17:43:01.545093651Z,190.7695,docker_cpu_usage_pct,bwa (DA71) (942),bwa (DA71) (942),2822953,942
,,0,2023-05-13T12:43:20.025536841Z,2023-06-12T12:43:20.025536841Z,2023-06-06T17:43:03.531792439Z,773.0719,docker_cpu_usage_pct,bwa (DA71) (942),bwa (DA71) (942),2822953,942
,,0,2023-05-13T12:43:20.025536841Z,2023-06-12T12:43:20.025536841Z,2023-06-06T17:43:06.531837Z,779.3639,docker_cpu_usage_pct,bwa (DA71) (942),bwa (DA71) (942),2822953,942
,,0,2023-05-13T12:43:20.025536841Z,2023-06-12T12:43:20.025536841Z,2023-06-06T17:43:09.531920361Z,789.9703,docker_cpu_usage_pct,bwa (DA71) (942),bwa (DA71) (942),2822953,942
,,0,2023-05-13T12:43:20.025536841Z,2023-06-12T12:43:20.025536841Z,2023-06-06T17:43:12.531852807Z,757.7834,docker_cpu_usage_pct,bwa (DA71) (942),bwa (DA71) (942),2822953,942
,,0,2023-05-13T12:43:20.025536841Z,2023-06-12T12:43:20.025536841Z,2023-06-06T17:43:15.533230218Z,790.0433,docker_cpu_usage_pct,bwa (DA71) (942),bwa (DA71) (942),2822953,942
,,0,2023-05-13T12:43:20.025536841Z,2023-06-12T12:43:20.025536841Z,2023-06-06T17:43:17.54132178Z,798.063,docker_cpu_usage_pct,bwa (DA71) (942),bwa (DA71) (942),2822953,942
,,0,2023-05-13T12:43:20.025536841Z,2023-06-12T12:43:20.025536841Z,2023-06-06T17:43:19.541251605Z,792.9492,docker_cpu_usage_pct,bwa (DA71) (942),bwa (DA71) (942),2822953,942
,,0,2023-05-13T12:43:20.025536841Z,2023-06-12T12:43:20.025536841Z,2023-06-06T17:43:22.541338522Z,770.9788,docker_cpu_usage_pct,bwa (DA71) (942),bwa (DA71) (942),2822953,942
,,0,2023-05-13T12:43:20.025536841Z,2023-06-12T12:43:20.025536841Z,2023-06-06T17:43:25.541054207Z,797.8928,docker_cpu_usage_pct,bwa (DA71) (942),bwa (DA71) (942),2822953,942
,,0,2023-05-13T12:43:20.025536841Z,2023-06-12T12:43:20.025536841Z,2023-06-06T17:43:27.545024372Z,799.3276,docker_cpu_usage_pct,bwa (DA71) (942),bwa (DA71) (942),2822953,942
,,0,2023-05-13T12:43:20.025536841Z,2023-06-12T12:43:20.025536841Z,2023-06-06T17:43:29.541101509Z,776.3345,docker_cpu_usage_pct,bwa (DA71) (942),bwa (DA71) (942),2822953,942
,,0,2023-05-13T12:43:20.025536841Z,2023-06-12T12:43:20.025536841Z,2023-06-06T17:43:32.541274297Z,784.8363,docker_cpu_usage_pct,bwa (DA71) (942),bwa (DA71) (942),2822953,942
,,0,2023-05-13T12:43:20.025536841Z,2023-06-12T12:43:20.025536841Z,2023-06-06T17:43:35.545081942Z,747.326,docker_cpu_usage_pct,bwa (DA71) (942),bwa (DA71) (942),2822953,942
,,0,2023-05-13T12:43:20.025536841Z,2023-06-12T12:43:20.025536841Z,2023-06-06T17:43:38.537078062Z,773.1972,docker_cpu_usage_pct,bwa (DA71) (942),bwa (DA71) (942),2822953,942
,,0,2023-05-13T12:43:20.025536841Z,2023-06-12T12:43:20.025536841Z,2023-06-06T17:43:41.545117283Z,785.1154,docker_cpu_usage_pct,bwa (DA71) (942),bwa (DA71) (942),2822953,942
,,0,2023-05-13T12:43:20.025536841Z,2023-06-12T12:43:20.025536841Z,2023-06-06T17:43:44.545151953Z,781.3873,docker_cpu_usage_pct,bwa (DA71) (942),bwa (DA71) (942),2822953,942
,,0,2023-05-13T12:43:20.025536841Z,2023-06-12T12:43:20.025536841Z,2023-06-06T17:43:47.545072729Z,783.9863,docker_cpu_usage_pct,bwa (DA71) (942),bwa (DA71) (942),2822953,942
,,0,2023-05-13T12:43:20.025536841Z,2023-06-12T12:43:20.025536841Z,2023-06-06T17:43:51.545071421Z,792.0881,docker_cpu_usage_pct,bwa (DA71) (942),bwa (DA71) (942),2822953,942
,,0,2023-05-13T12:43:20.025536841Z,2023-06-12T12:43:20.025536841Z,2023-06-06T17:43:53.542071504Z,782.4744,docker_cpu_usage_pct,bwa (DA71) (942),bwa (DA71) (942),2822953,942
,,0,2023-05-13T12:43:20.025536841Z,2023-06-12T12:43:20.025536841Z,2023-06-06T17:43:56.533294374Z,796.6537,docker_cpu_usage_pct,bwa (DA71) (942),bwa (DA71) (942),2822953,942
,,0,2023-05-13T12:43:20.025536841Z,2023-06-12T12:43:20.025536841Z,2023-06-06T17:43:58.537320695Z,796.2625,docker_cpu_usage_pct,bwa (DA71) (942),bwa (DA71) (942),2822953,942
,,0,2023-05-13T12:43:20.025536841Z,2023-06-12T12:43:20.025536841Z,2023-06-06T17:44:01.53336912Z,698.1119,docker_cpu_usage_pct,bwa (DA71) (942),bwa (DA71) (942),2822953,942
,,0,2023-05-13T12:43:20.025536841Z,2023-06-12T12:43:20.025536841Z,2023-06-06T17:44:03.532302514Z,515.1894,docker_cpu_usage_pct,bwa (DA71) (942),bwa (DA71) (942),2822953,942
,,0,2023-05-13T12:43:20.025536841Z,2023-06-12T12:43:20.025536841Z,2023-06-06T17:44:05.531799566Z,360.19,docker_cpu_usage_pct,bwa (DA71) (942),bwa (DA71) (942),2822953,942
,,0,2023-05-13T12:43:20.025536841Z,2023-06-12T12:43:20.025536841Z,2023-06-06T17:44:07.531513036Z,100.2049,docker_cpu_usage_pct,bwa (DA71) (942),bwa (DA71) (942),2822953,942
,,0,2023-05-13T12:43:20.025536841Z,2023-06-12T12:43:20.025536841Z,2023-06-06T17:44:09.541348264Z,100.2178,docker_cpu_usage_pct,bwa (DA71) (942),bwa (DA71) (942),2822953,942
,,0,2023-05-13T12:43:20.025536841Z,2023-06-12T12:43:20.025536841Z,2023-06-06T17:44:11.537258858Z,797.1663,docker_cpu_usage_pct,bwa (DA71) (942),bwa (DA71) (942),2822953,942
,,0,2023-05-13T12:43:20.025536841Z,2023-06-12T12:43:20.025536841Z,2023-06-06T17:44:13.532005294Z,800.7233,docker_cpu_usage_pct,bwa (DA71) (942),bwa (DA71) (942),2822953,942
,,0,2023-05-13T12:43:20.025536841Z,2023-06-12T12:43:20.025536841Z,2023-06-06T17:44:16.541120191Z,799.4914,docker_cpu_usage_pct,bwa (DA71) (942),bwa (DA71) (942),2822953,942
,,0,2023-05-13T12:43:20.025536841Z,2023-06-12T12:43:20.025536841Z,2023-06-06T17:44:19.541802933Z,778.5497,docker_cpu_usage_pct,bwa (DA71) (942),bwa (DA71) (942),2822953,942
,,0,2023-05-13T12:43:20.025536841Z,2023-06-12T12:43:20.025536841Z,2023-06-06T17:44:22.545030066Z,790.7685,docker_cpu_usage_pct,bwa (DA71) (942),bwa (DA71) (942),2822953,942
,,0,2023-05-13T12:43:20.025536841Z,2023-06-12T12:43:20.025536841Z,2023-06-06T17:44:25.545118027Z,793.9549,docker_cpu_usage_pct,bwa (DA71) (942),bwa (DA71) (942),2822953,942
,,0,2023-05-13T12:43:20.025536841Z,2023-06-12T12:43:20.025536841Z,2023-06-06T17:44:28.533139034Z,774.3801,docker_cpu_usage_pct,bwa (DA71) (942),bwa (DA71) (942),2822953,942
,,0,2023-05-13T12:43:20.025536841Z,2023-06-12T12:43:20.025536841Z,2023-06-06T17:44:31.545159111Z,787.811,docker_cpu_usage_pct,bwa (DA71) (942),bwa (DA71) (942),2822953,942
,,0,2023-05-13T12:43:20.025536841Z,2023-06-12T12:43:20.025536841Z,2023-06-06T17:44:34.541298261Z,795.9252,docker_cpu_usage_pct,bwa (DA71) (942),bwa (DA71) (942),2822953,942
,,0,2023-05-13T12:43:20.025536841Z,2023-06-12T12:43:20.025536841Z,2023-06-06T17:44:37.541316707Z,777.706,docker_cpu_usage_pct,bwa (DA71) (942),bwa (DA71) (942),2822953,942
,,0,2023-05-13T12:43:20.025536841Z,2023-06-12T12:43:20.025536841Z,2023-06-06T17:44:40.537269419Z,782.7087,docker_cpu_usage_pct,bwa (DA71) (942),bwa (DA71) (942),2822953,942
,,0,2023-05-13T12:43:20.025536841Z,2023-06-12T12:43:20.025536841Z,2023-06-06T17:44:43.541077596Z,792.0249,docker_cpu_usage_pct,bwa (DA71) (942),bwa (DA71) (942),2822953,942
,,0,2023-05-13T12:43:20.025536841Z,2023-06-12T12:43:20.025536841Z,2023-06-06T17:44:46.545063538Z,795.208,docker_cpu_usage_pct,bwa (DA71) (942),bwa (DA71) (942),2822953,942
,,0,2023-05-13T12:43:20.025536841Z,2023-06-12T12:43:20.025536841Z,2023-06-06T17:44:49.545027719Z,780.563,docker_cpu_usage_pct,bwa (DA71) (942),bwa (DA71) (942),2822953,942
,,0,2023-05-13T12:43:20.025536841Z,2023-06-12T12:43:20.025536841Z,2023-06-06T17:44:52.531706626Z,787.2026,docker_cpu_usage_pct,bwa (DA71) (942),bwa (DA71) (942),2822953,942
,,0,2023-05-13T12:43:20.025536841Z,2023-06-12T12:43:20.025536841Z,2023-06-06T17:44:54.532332397Z,800.5933,docker_cpu_usage_pct,bwa (DA71) (942),bwa (DA71) (942),2822953,942
,,0,2023-05-13T12:43:20.025536841Z,2023-06-12T12:43:20.025536841Z,2023-06-06T17:44:56.537239857Z,798.0128,docker_cpu_usage_pct,bwa (DA71) (942),bwa (DA71) (942),2822953,942
,,0,2023-05-13T12:43:20.025536841Z,2023-06-12T12:43:20.025536841Z,2023-06-06T17:44:58.532067758Z,799.7677,docker_cpu_usage_pct,bwa (DA71) (942),bwa (DA71) (942),2822953,942
,,0,2023-05-13T12:43:20.025536841Z,2023-06-12T12:43:20.025536841Z,2023-06-06T17:45:00.531643384Z,799.8596,docker_cpu_usage_pct,bwa (DA71) (942),bwa (DA71) (942),2822953,942
,,0,2023-05-13T12:43:20.025536841Z,2023-06-12T12:43:20.025536841Z,2023-06-06T17:45:02.532521832Z,799.9142,docker_cpu_usage_pct,bwa (DA71) (942),bwa (DA71) (942),2822953,942
,,0,2023-05-13T12:43:20.025536841Z,2023-06-12T12:43:20.025536841Z,2023-06-06T17:45:04.537381028Z,801.1127,docker_cpu_usage_pct,bwa (DA71) (942),bwa (DA71) (942),2822953,942
,,0,2023-05-13T12:43:20.025536841Z,2023-06-12T12:43:20.025536841Z,2023-06-06T17:45:07.533251541Z,560.097,docker_cpu_usage_pct,bwa (DA71) (942),bwa (DA71) (942),2822953,942
,,0,2023-05-13T12:43:20.025536841Z,2023-06-12T12:43:20.025536841Z,2023-06-06T17:45:09.531904815Z,449.2895,docker_cpu_usage_pct,bwa (DA71) (942),bwa (DA71) (942),2822953,942
,,0,2023-05-13T12:43:20.025536841Z,2023-06-12T12:43:20.025536841Z,2023-06-06T17:45:11.531730137Z,200.585,docker_cpu_usage_pct,bwa (DA71) (942),bwa (DA71) (942),2822953,942
,,0,2023-05-13T12:43:20.025536841Z,2023-06-12T12:43:20.025536841Z,2023-06-06T17:45:13.533815333Z,413.3221,docker_cpu_usage_pct,bwa (DA71) (942),bwa (DA71) (942),2822953,942
,,0,2023-05-13T12:43:20.025536841Z,2023-06-12T12:43:20.025536841Z,2023-06-06T17:45:16.545159007Z,773.7472,docker_cpu_usage_pct,bwa (DA71) (942),bwa (DA71) (942),2822953,942
,,0,2023-05-13T12:43:20.025536841Z,2023-06-12T12:43:20.025536841Z,2023-06-06T17:45:19.545159082Z,790.1227,docker_cpu_usage_pct,bwa (DA71) (942),bwa (DA71) (942),2822953,942
,,0,2023-05-13T12:43:20.025536841Z,2023-06-12T12:43:20.025536841Z,2023-06-06T17:45:22.545106214Z,786.1103,docker_cpu_usage_pct,bwa (DA71) (942),bwa (DA71) (942),2822953,942
,,0,2023-05-13T12:43:20.025536841Z,2023-06-12T12:43:20.025536841Z,2023-06-06T17:45:25.541077476Z,798.5775,docker_cpu_usage_pct,bwa (DA71) (942),bwa (DA71) (942),2822953,942
,,0,2023-05-13T12:43:20.025536841Z,2023-06-12T12:43:20.025536841Z,2023-06-06T17:45:28.53711359Z,789.8176,docker_cpu_usage_pct,bwa (DA71) (942),bwa (DA71) (942),2822953,942
,,0,2023-05-13T12:43:20.025536841Z,2023-06-12T12:43:20.025536841Z,2023-06-06T17:45:31.537236406Z,795.5189,docker_cpu_usage_pct,bwa (DA71) (942),bwa (DA71) (942),2822953,942
,,0,2023-05-13T12:43:20.025536841Z,2023-06-12T12:43:20.025536841Z,2023-06-06T17:45:34.541077202Z,782.2256,docker_cpu_usage_pct,bwa (DA71) (942),bwa (DA71) (942),2822953,942
,,0,2023-05-13T12:43:20.025536841Z,2023-06-12T12:43:20.025536841Z,2023-06-06T17:45:37.533205837Z,794.2271,docker_cpu_usage_pct,bwa (DA71) (942),bwa (DA71) (942),2822953,942
,,0,2023-05-13T12:43:20.025536841Z,2023-06-12T12:43:20.025536841Z,2023-06-06T17:45:39.531826255Z,798.2042,docker_cpu_usage_pct,bwa (DA71) (942),bwa (DA71) (942),2822953,942
,,0,2023-05-13T12:43:20.025536841Z,2023-06-12T12:43:20.025536841Z,2023-06-06T17:45:41.545086989Z,796.5941,docker_cpu_usage_pct,bwa (DA71) (942),bwa (DA71) (942),2822953,942
,,0,2023-05-13T12:43:20.025536841Z,2023-06-12T12:43:20.025536841Z,2023-06-06T17:45:44.545086218Z,750.9672,docker_cpu_usage_pct,bwa (DA71) (942),bwa (DA71) (942),2822953,942
,,0,2023-05-13T12:43:20.025536841Z,2023-06-12T12:43:20.025536841Z,2023-06-06T17:45:47.533218521Z,795.1661,docker_cpu_usage_pct,bwa (DA71) (942),bwa (DA71) (942),2822953,942
,,0,2023-05-13T12:43:20.025536841Z,2023-06-12T12:43:20.025536841Z,2023-06-06T17:45:49.531833298Z,801.8188,docker_cpu_usage_pct,bwa (DA71) (942),bwa (DA71) (942),2822953,942
,,0,2023-05-13T12:43:20.025536841Z,2023-06-12T12:43:20.025536841Z,2023-06-06T17:45:51.531630413Z,799.4632,docker_cpu_usage_pct,bwa (DA71) (942),bwa (DA71) (942),2822953,942
,,0,2023-05-13T12:43:20.025536841Z,2023-06-12T12:43:20.025536841Z,2023-06-06T17:45:55.537235407Z,792.878,docker_cpu_usage_pct,bwa (DA71) (942),bwa (DA71) (942),2822953,942
,,0,2023-05-13T12:43:20.025536841Z,2023-06-12T12:43:20.025536841Z,2023-06-06T17:45:58.531705843Z,795.2956,docker_cpu_usage_pct,bwa (DA71) (942),bwa (DA71) (942),2822953,942
,,0,2023-05-13T12:43:20.025536841Z,2023-06-12T12:43:20.025536841Z,2023-06-06T17:46:01.531775941Z,797.0296,docker_cpu_usage_pct,bwa (DA71) (942),bwa (DA71) (942),2822953,942
,,0,2023-05-13T12:43:20.025536841Z,2023-06-12T12:43:20.025536841Z,2023-06-06T17:46:03.541450575Z,794.815,docker_cpu_usage_pct,bwa (DA71) (942),bwa (DA71) (942),2822953,942
,,0,2023-05-13T12:43:20.025536841Z,2023-06-12T12:43:20.025536841Z,2023-06-06T17:46:05.532200784Z,754.7257,docker_cpu_usage_pct,bwa (DA71) (942),bwa (DA71) (942),2822953,942
,,0,2023-05-13T12:43:20.025536841Z,2023-06-12T12:43:20.025536841Z,2023-06-06T17:46:07.531860893Z,796.6415,docker_cpu_usage_pct,bwa (DA71) (942),bwa (DA71) (942),2822953,942
,,0,2023-05-13T12:43:20.025536841Z,2023-06-12T12:43:20.025536841Z,2023-06-06T17:46:10.531715581Z,499.1151,docker_cpu_usage_pct,bwa (DA71) (942),bwa (DA71) (942),2822953,942
,,0,2023-05-13T12:43:20.025536841Z,2023-06-12T12:43:20.025536841Z,2023-06-06T17:46:12.545010302Z,229.9696,docker_cpu_usage_pct,bwa (DA71) (942),bwa (DA71) (942),2822953,942
,,0,2023-05-13T12:43:20.025536841Z,2023-06-12T12:43:20.025536841Z,2023-06-06T17:46:15.541021615Z,791.3327,docker_cpu_usage_pct,bwa (DA71) (942),bwa (DA71) (942),2822953,942
,,0,2023-05-13T12:43:20.025536841Z,2023-06-12T12:43:20.025536841Z,2023-06-06T17:46:19.537290289Z,796.1259,docker_cpu_usage_pct,bwa (DA71) (942),bwa (DA71) (942),2822953,942
,,0,2023-05-13T12:43:20.025536841Z,2023-06-12T12:43:20.025536841Z,2023-06-06T17:46:22.537076943Z,798.6857,docker_cpu_usage_pct,bwa (DA71) (942),bwa (DA71) (942),2822953,942
,,0,2023-05-13T12:43:20.025536841Z,2023-06-12T12:43:20.025536841Z,2023-06-06T17:46:24.541341799Z,795.1877,docker_cpu_usage_pct,bwa (DA71) (942),bwa (DA71) (942),2822953,942
,,0,2023-05-13T12:43:20.025536841Z,2023-06-12T12:43:20.025536841Z,2023-06-06T17:46:27.531547611Z,793.6466,docker_cpu_usage_pct,bwa (DA71) (942),bwa (DA71) (942),2822953,942
,,0,2023-05-13T12:43:20.025536841Z,2023-06-12T12:43:20.025536841Z,2023-06-06T17:46:29.532341333Z,800.3353,docker_cpu_usage_pct,bwa (DA71) (942),bwa (DA71) (942),2822953,942
,,0,2023-05-13T12:43:20.025536841Z,2023-06-12T12:43:20.025536841Z,2023-06-06T17:46:32.531655029Z,798.9856,docker_cpu_usage_pct,bwa (DA71) (942),bwa (DA71) (942),2822953,942
,,0,2023-05-13T12:43:20.025536841Z,2023-06-12T12:43:20.025536841Z,2023-06-06T17:46:35.531985018Z,795.2729,docker_cpu_usage_pct,bwa (DA71) (942),bwa (DA71) (942),2822953,942
,,0,2023-05-13T12:43:20.025536841Z,2023-06-12T12:43:20.025536841Z,2023-06-06T17:46:37.531891081Z,798.5254,docker_cpu_usage_pct,bwa (DA71) (942),bwa (DA71) (942),2822953,942
,,0,2023-05-13T12:43:20.025536841Z,2023-06-12T12:43:20.025536841Z,2023-06-06T17:46:39.533035143Z,799.3688,docker_cpu_usage_pct,bwa (DA71) (942),bwa (DA71) (942),2822953,942
,,0,2023-05-13T12:43:20.025536841Z,2023-06-12T12:43:20.025536841Z,2023-06-06T17:46:42.541322069Z,793.551,docker_cpu_usage_pct,bwa (DA71) (942),bwa (DA71) (942),2822953,942
,,0,2023-05-13T12:43:20.025536841Z,2023-06-12T12:43:20.025536841Z,2023-06-06T17:46:45.531669702Z,794.7605,docker_cpu_usage_pct,bwa (DA71) (942),bwa (DA71) (942),2822953,942
,,0,2023-05-13T12:43:20.025536841Z,2023-06-12T12:43:20.025536841Z,2023-06-06T17:46:49.531873656Z,786.6257,docker_cpu_usage_pct,bwa (DA71) (942),bwa (DA71) (942),2822953,942
,,0,2023-05-13T12:43:20.025536841Z,2023-06-12T12:43:20.025536841Z,2023-06-06T17:46:52.531743897Z,796.0918,docker_cpu_usage_pct,bwa (DA71) (942),bwa (DA71) (942),2822953,942
,,0,2023-05-13T12:43:20.025536841Z,2023-06-12T12:43:20.025536841Z,2023-06-06T17:46:55.53166739Z,796.3547,docker_cpu_usage_pct,bwa (DA71) (942),bwa (DA71) (942),2822953,942
,,0,2023-05-13T12:43:20.025536841Z,2023-06-12T12:43:20.025536841Z,2023-06-06T17:46:57.541368838Z,799.4172,docker_cpu_usage_pct,bwa (DA71) (942),bwa (DA71) (942),2822953,942
,,0,2023-05-13T12:43:20.025536841Z,2023-06-12T12:43:20.025536841Z,2023-06-06T17:46:59.532129619Z,755.8305,docker_cpu_usage_pct,bwa (DA71) (942),bwa (DA71) (942),2822953,942
,,0,2023-05-13T12:43:20.025536841Z,2023-06-12T12:43:20.025536841Z,2023-06-06T17:47:02.531704179Z,761.5095,docker_cpu_usage_pct,bwa (DA71) (942),bwa (DA71) (942),2822953,942
,,0,2023-05-13T12:43:20.025536841Z,2023-06-12T12:43:20.025536841Z,2023-06-06T17:47:05.531856606Z,720.3799,docker_cpu_usage_pct,bwa (DA71) (942),bwa (DA71) (942),2822953,942
,,0,2023-05-13T12:43:20.025536841Z,2023-06-12T12:43:20.025536841Z,2023-06-06T17:47:08.531670262Z,687.8125,docker_cpu_usage_pct,bwa (DA71) (942),bwa (DA71) (942),2822953,942
,,0,2023-05-13T12:43:20.025536841Z,2023-06-12T12:43:20.025536841Z,2023-06-06T17:47:10.531604751Z,491.3874,docker_cpu_usage_pct,bwa (DA71) (942),bwa (DA71) (942),2822953,942
,,0,2023-05-13T12:43:20.025536841Z,2023-06-12T12:43:20.025536841Z,2023-06-06T17:47:12.532252983Z,295.1442,docker_cpu_usage_pct,bwa (DA71) (942),bwa (DA71) (942),2822953,942
,,0,2023-05-13T12:43:20.025536841Z,2023-06-12T12:43:20.025536841Z,2023-06-06T17:47:14.536865294Z,100.0652,docker_cpu_usage_pct,bwa (DA71) (942),bwa (DA71) (942),2822953,942
,,0,2023-05-13T12:43:20.025536841Z,2023-06-12T12:43:20.025536841Z,2023-06-06T17:47:16.531885392Z,664.7154,docker_cpu_usage_pct,bwa (DA71) (942),bwa (DA71) (942),2822953,942
,,0,2023-05-13T12:43:20.025536841Z,2023-06-12T12:43:20.025536841Z,2023-06-06T17:47:18.531646855Z,801.3499,docker_cpu_usage_pct,bwa (DA71) (942),bwa (DA71) (942),2822953,942
,,0,2023-05-13T12:43:20.025536841Z,2023-06-12T12:43:20.025536841Z,2023-06-06T17:47:20.531633284Z,799.1588,docker_cpu_usage_pct,bwa (DA71) (942),bwa (DA71) (942),2822953,942
,,0,2023-05-13T12:43:20.025536841Z,2023-06-12T12:43:20.025536841Z,2023-06-06T17:47:23.533221285Z,799.3791,docker_cpu_usage_pct,bwa (DA71) (942),bwa (DA71) (942),2822953,942
,,0,2023-05-13T12:43:20.025536841Z,2023-06-12T12:43:20.025536841Z,2023-06-06T17:47:25.531933222Z,797.1202,docker_cpu_usage_pct,bwa (DA71) (942),bwa (DA71) (942),2822953,942
,,0,2023-05-13T12:43:20.025536841Z,2023-06-12T12:43:20.025536841Z,2023-06-06T17:47:27.545068569Z,800.8878,docker_cpu_usage_pct,bwa (DA71) (942),bwa (DA71) (942),2822953,942
,,0,2023-05-13T12:43:20.025536841Z,2023-06-12T12:43:20.025536841Z,2023-06-06T17:47:29.545087708Z,796.6408,docker_cpu_usage_pct,bwa (DA71) (942),bwa (DA71) (942),2822953,942
,,0,2023-05-13T12:43:20.025536841Z,2023-06-12T12:43:20.025536841Z,2023-06-06T17:47:32.545068135Z,796.4946,docker_cpu_usage_pct,bwa (DA71) (942),bwa (DA71) (942),2822953,942
,,0,2023-05-13T12:43:20.025536841Z,2023-06-12T12:43:20.025536841Z,2023-06-06T17:47:35.545018821Z,794.5939,docker_cpu_usage_pct,bwa (DA71) (942),bwa (DA71) (942),2822953,942
,,0,2023-05-13T12:43:20.025536841Z,2023-06-12T12:43:20.025536841Z,2023-06-06T17:47:38.549244695Z,782.1547,docker_cpu_usage_pct,bwa (DA71) (942),bwa (DA71) (942),2822953,942
,,0,2023-05-13T12:43:20.025536841Z,2023-06-12T12:43:20.025536841Z,2023-06-06T17:47:41.545128827Z,793.5739,docker_cpu_usage_pct,bwa (DA71) (942),bwa (DA71) (942),2822953,942
,,0,2023-05-13T12:43:20.025536841Z,2023-06-12T12:43:20.025536841Z,2023-06-06T17:47:44.541342969Z,797.2513,docker_cpu_usage_pct,bwa (DA71) (942),bwa (DA71) (942),2822953,942
,,0,2023-05-13T12:43:20.025536841Z,2023-06-12T12:43:20.025536841Z,2023-06-06T17:47:48.532449464Z,794.3853,docker_cpu_usage_pct,bwa (DA71) (942),bwa (DA71) (942),2822953,942
,,0,2023-05-13T12:43:20.025536841Z,2023-06-12T12:43:20.025536841Z,2023-06-06T17:47:50.541347519Z,796.8665,docker_cpu_usage_pct,bwa (DA71) (942),bwa (DA71) (942),2822953,942
,,0,2023-05-13T12:43:20.025536841Z,2023-06-12T12:43:20.025536841Z,2023-06-06T17:47:54.531766059Z,799.0087,docker_cpu_usage_pct,bwa (DA71) (942),bwa (DA71) (942),2822953,942
,,0,2023-05-13T12:43:20.025536841Z,2023-06-12T12:43:20.025536841Z,2023-06-06T17:47:57.531847556Z,796.8405,docker_cpu_usage_pct,bwa (DA71) (942),bwa (DA71) (942),2822953,942
,,0,2023-05-13T12:43:20.025536841Z,2023-06-12T12:43:20.025536841Z,2023-06-06T17:48:00.533673648Z,796.6652,docker_cpu_usage_pct,bwa (DA71) (942),bwa (DA71) (942),2822953,942
,,0,2023-05-13T12:43:20.025536841Z,2023-06-12T12:43:20.025536841Z,2023-06-06T17:48:03.532168532Z,795.7677,docker_cpu_usage_pct,bwa (DA71) (942),bwa (DA71) (942),2822953,942
,,0,2023-05-13T12:43:20.025536841Z,2023-06-12T12:43:20.025536841Z,2023-06-06T17:48:05.53198895Z,701.4246,docker_cpu_usage_pct,bwa (DA71) (942),bwa (DA71) (942),2822953,942
,,0,2023-05-13T12:43:20.025536841Z,2023-06-12T12:43:20.025536841Z,2023-06-06T17:48:07.531590712Z,699.1417,docker_cpu_usage_pct,bwa (DA71) (942),bwa (DA71) (942),2822953,942
,,0,2023-05-13T12:43:20.025536841Z,2023-06-12T12:43:20.025536841Z,2023-06-06T17:48:09.532510556Z,636.624,docker_cpu_usage_pct,bwa (DA71) (942),bwa (DA71) (942),2822953,942
,,0,2023-05-13T12:43:20.025536841Z,2023-06-12T12:43:20.025536841Z,2023-06-06T17:48:11.532110577Z,270.0914,docker_cpu_usage_pct,bwa (DA71) (942),bwa (DA71) (942),2822953,942
,,0,2023-05-13T12:43:20.025536841Z,2023-06-12T12:43:20.025536841Z,2023-06-06T17:48:13.531917954Z,99.4544,docker_cpu_usage_pct,bwa (DA71) (942),bwa (DA71) (942),2822953,942
,,0,2023-05-13T12:43:20.025536841Z,2023-06-12T12:43:20.025536841Z,2023-06-06T17:48:15.531564576Z,799.37,docker_cpu_usage_pct,bwa (DA71) (942),bwa (DA71) (942),2822953,942
,,0,2023-05-13T12:43:20.025536841Z,2023-06-12T12:43:20.025536841Z,2023-06-06T17:48:17.531545109Z,798.3916,docker_cpu_usage_pct,bwa (DA71) (942),bwa (DA71) (942),2822953,942
,,0,2023-05-13T12:43:20.025536841Z,2023-06-12T12:43:20.025536841Z,2023-06-06T17:48:19.532350989Z,795.1178,docker_cpu_usage_pct,bwa (DA71) (942),bwa (DA71) (942),2822953,942
,,0,2023-05-13T12:43:20.025536841Z,2023-06-12T12:43:20.025536841Z,2023-06-06T17:48:21.537187629Z,797.3354,docker_cpu_usage_pct,bwa (DA71) (942),bwa (DA71) (942),2822953,942
,,0,2023-05-13T12:43:20.025536841Z,2023-06-12T12:43:20.025536841Z,2023-06-06T17:48:25.545153073Z,772.7543,docker_cpu_usage_pct,bwa (DA71) (942),bwa (DA71) (942),2822953,942
,,0,2023-05-13T12:43:20.025536841Z,2023-06-12T12:43:20.025536841Z,2023-06-06T17:48:28.54510508Z,798.5308,docker_cpu_usage_pct,bwa (DA71) (942),bwa (DA71) (942),2822953,942
,,0,2023-05-13T12:43:20.025536841Z,2023-06-12T12:43:20.025536841Z,2023-06-06T17:48:31.545167179Z,793.1612,docker_cpu_usage_pct,bwa (DA71) (942),bwa (DA71) (942),2822953,942
,,0,2023-05-13T12:43:20.025536841Z,2023-06-12T12:43:20.025536841Z,2023-06-06T17:48:34.545053553Z,794.5207,docker_cpu_usage_pct,bwa (DA71) (942),bwa (DA71) (942),2822953,942
,,0,2023-05-13T12:43:20.025536841Z,2023-06-12T12:43:20.025536841Z,2023-06-06T17:48:37.541123692Z,798.0116,docker_cpu_usage_pct,bwa (DA71) (942),bwa (DA71) (942),2822953,942
,,0,2023-05-13T12:43:20.025536841Z,2023-06-12T12:43:20.025536841Z,2023-06-06T17:48:40.541119799Z,797.332,docker_cpu_usage_pct,bwa (DA71) (942),bwa (DA71) (942),2822953,942
,,0,2023-05-13T12:43:20.025536841Z,2023-06-12T12:43:20.025536841Z,2023-06-06T17:48:43.53729885Z,793.1287,docker_cpu_usage_pct,bwa (DA71) (942),bwa (DA71) (942),2822953,942
,,0,2023-05-13T12:43:20.025536841Z,2023-06-12T12:43:20.025536841Z,2023-06-06T17:48:46.537293276Z,798.1422,docker_cpu_usage_pct,bwa (DA71) (942),bwa (DA71) (942),2822953,942
,,0,2023-05-13T12:43:20.025536841Z,2023-06-12T12:43:20.025536841Z,2023-06-06T17:48:49.541338392Z,798.1241,docker_cpu_usage_pct,bwa (DA71) (942),bwa (DA71) (942),2822953,942
,,0,2023-05-13T12:43:20.025536841Z,2023-06-12T12:43:20.025536841Z,2023-06-06T17:48:52.531723054Z,786.1374,docker_cpu_usage_pct,bwa (DA71) (942),bwa (DA71) (942),2822953,942
,,0,2023-05-13T12:43:20.025536841Z,2023-06-12T12:43:20.025536841Z,2023-06-06T17:48:53.537170576Z,798.5987,docker_cpu_usage_pct,bwa (DA71) (942),bwa (DA71) (942),2822953,942
,,0,2023-05-13T12:43:20.025536841Z,2023-06-12T12:43:20.025536841Z,2023-06-06T17:48:56.541321435Z,794.1308,docker_cpu_usage_pct,bwa (DA71) (942),bwa (DA71) (942),2822953,942
,,0,2023-05-13T12:43:20.025536841Z,2023-06-12T12:43:20.025536841Z,2023-06-06T17:48:59.541262636Z,782.0095,docker_cpu_usage_pct,bwa (DA71) (942),bwa (DA71) (942),2822953,942
,,0,2023-05-13T12:43:20.025536841Z,2023-06-12T12:43:20.025536841Z,2023-06-06T17:49:01.532307744Z,796.898,docker_cpu_usage_pct,bwa (DA71) (942),bwa (DA71) (942),2822953,942
,,0,2023-05-13T12:43:20.025536841Z,2023-06-12T12:43:20.025536841Z,2023-06-06T17:49:04.533137994Z,796.2194,docker_cpu_usage_pct,bwa (DA71) (942),bwa (DA71) (942),2822953,942
,,0,2023-05-13T12:43:20.025536841Z,2023-06-12T12:43:20.025536841Z,2023-06-06T17:49:07.545037933Z,791.4483,docker_cpu_usage_pct,bwa (DA71) (942),bwa (DA71) (942),2822953,942
,,0,2023-05-13T12:43:20.025536841Z,2023-06-12T12:43:20.025536841Z,2023-06-06T17:49:10.537366545Z,796.0041,docker_cpu_usage_pct,bwa (DA71) (942),bwa (DA71) (942),2822953,942
,,0,2023-05-13T12:43:20.025536841Z,2023-06-12T12:43:20.025536841Z,2023-06-06T17:49:13.545193221Z,794.1589,docker_cpu_usage_pct,bwa (DA71) (942),bwa (DA71) (942),2822953,942
,,0,2023-05-13T12:43:20.025536841Z,2023-06-12T12:43:20.025536841Z,2023-06-06T17:49:16.54112775Z,753.6217,docker_cpu_usage_pct,bwa (DA71) (942),bwa (DA71) (942),2822953,942
,,0,2023-05-13T12:43:20.025536841Z,2023-06-12T12:43:20.025536841Z,2023-06-06T17:49:19.531741595Z,599.3842,docker_cpu_usage_pct,bwa (DA71) (942),bwa (DA71) (942),2822953,942
,,0,2023-05-13T12:43:20.025536841Z,2023-06-12T12:43:20.025536841Z,2023-06-06T17:49:21.532382033Z,400.0288,docker_cpu_usage_pct,bwa (DA71) (942),bwa (DA71) (942),2822953,942
,,0,2023-05-13T12:43:20.025536841Z,2023-06-12T12:43:20.025536841Z,2023-06-06T17:49:23.532299757Z,140.6321,docker_cpu_usage_pct,bwa (DA71) (942),bwa (DA71) (942),2822953,942
,,0,2023-05-13T12:43:20.025536841Z,2023-06-12T12:43:20.025536841Z,2023-06-06T17:49:25.545171282Z,792.8989,docker_cpu_usage_pct,bwa (DA71) (942),bwa (DA71) (942),2822953,942
,,0,2023-05-13T12:43:20.025536841Z,2023-06-12T12:43:20.025536841Z,2023-06-06T17:49:28.545157031Z,778.7229,docker_cpu_usage_pct,bwa (DA71) (942),bwa (DA71) (942),2822953,942
,,0,2023-05-13T12:43:20.025536841Z,2023-06-12T12:43:20.025536841Z,2023-06-06T17:49:30.532166775Z,752.7856,docker_cpu_usage_pct,bwa (DA71) (942),bwa (DA71) (942),2822953,942
,,0,2023-05-13T12:43:20.025536841Z,2023-06-12T12:43:20.025536841Z,2023-06-06T17:49:33.531684218Z,752.1801,docker_cpu_usage_pct,bwa (DA71) (942),bwa (DA71) (942),2822953,942
,,0,2023-05-13T12:43:20.025536841Z,2023-06-12T12:43:20.025536841Z,2023-06-06T17:49:36.531698016Z,778.9741,docker_cpu_usage_pct,bwa (DA71) (942),bwa (DA71) (942),2822953,942
,,0,2023-05-13T12:43:20.025536841Z,2023-06-12T12:43:20.025536841Z,2023-06-06T17:49:39.531648272Z,789.352,docker_cpu_usage_pct,bwa (DA71) (942),bwa (DA71) (942),2822953,942
,,0,2023-05-13T12:43:20.025536841Z,2023-06-12T12:43:20.025536841Z,2023-06-06T17:49:42.533250732Z,801.9529,docker_cpu_usage_pct,bwa (DA71) (942),bwa (DA71) (942),2822953,942
,,0,2023-05-13T12:43:20.025536841Z,2023-06-12T12:43:20.025536841Z,2023-06-06T17:49:44.531768968Z,767.5106,docker_cpu_usage_pct,bwa (DA71) (942),bwa (DA71) (942),2822953,942
,,0,2023-05-13T12:43:20.025536841Z,2023-06-12T12:43:20.025536841Z,2023-06-06T17:49:47.53747794Z,681.555,docker_cpu_usage_pct,bwa (DA71) (942),bwa (DA71) (942),2822953,942
,,0,2023-05-13T12:43:20.025536841Z,2023-06-12T12:43:20.025536841Z,2023-06-06T17:49:50.53326973Z,797.6954,docker_cpu_usage_pct,bwa (DA71) (942),bwa (DA71) (942),2822953,942
,,0,2023-05-13T12:43:20.025536841Z,2023-06-12T12:43:20.025536841Z,2023-06-06T17:49:52.533395868Z,800.6159,docker_cpu_usage_pct,bwa (DA71) (942),bwa (DA71) (942),2822953,942
,,0,2023-05-13T12:43:20.025536841Z,2023-06-12T12:43:20.025536841Z,2023-06-06T17:49:54.537455264Z,749.6293,docker_cpu_usage_pct,bwa (DA71) (942),bwa (DA71) (942),2822953,942
,,0,2023-05-13T12:43:20.025536841Z,2023-06-12T12:43:20.025536841Z,2023-06-06T17:49:57.533083006Z,759.1362,docker_cpu_usage_pct,bwa (DA71) (942),bwa (DA71) (942),2822953,942
,,0,2023-05-13T12:43:20.025536841Z,2023-06-12T12:43:20.025536841Z,2023-06-06T17:50:01.537179636Z,744.6692,docker_cpu_usage_pct,bwa (DA71) (942),bwa (DA71) (942),2822953,942
,,0,2023-05-13T12:43:20.025536841Z,2023-06-12T12:43:20.025536841Z,2023-06-06T17:50:04.541135479Z,765.8801,docker_cpu_usage_pct,bwa (DA71) (942),bwa (DA71) (942),2822953,942
,,0,2023-05-13T12:43:20.025536841Z,2023-06-12T12:43:20.025536841Z,2023-06-06T17:50:06.533097921Z,766.556,docker_cpu_usage_pct,bwa (DA71) (942),bwa (DA71) (942),2822953,942
,,0,2023-05-13T12:43:20.025536841Z,2023-06-12T12:43:20.025536841Z,2023-06-06T17:50:09.541108604Z,771.6261,docker_cpu_usage_pct,bwa (DA71) (942),bwa (DA71) (942),2822953,942
,,0,2023-05-13T12:43:20.025536841Z,2023-06-12T12:43:20.025536841Z,2023-06-06T17:50:12.531799785Z,798.724,docker_cpu_usage_pct,bwa (DA71) (942),bwa (DA71) (942),2822953,942
,,0,2023-05-13T12:43:20.025536841Z,2023-06-12T12:43:20.025536841Z,2023-06-06T17:50:14.545145341Z,796.338,docker_cpu_usage_pct,bwa (DA71) (942),bwa (DA71) (942),2822953,942
,,0,2023-05-13T12:43:20.025536841Z,2023-06-12T12:43:20.025536841Z,2023-06-06T17:50:16.531734577Z,765.7254,docker_cpu_usage_pct,bwa (DA71) (942),bwa (DA71) (942),2822953,942
,,0,2023-05-13T12:43:20.025536841Z,2023-06-12T12:43:20.025536841Z,2023-06-06T17:50:18.53238185Z,796.0898,docker_cpu_usage_pct,bwa (DA71) (942),bwa (DA71) (942),2822953,942
,,0,2023-05-13T12:43:20.025536841Z,2023-06-12T12:43:20.025536841Z,2023-06-06T17:50:21.53233992Z,800.1613,docker_cpu_usage_pct,bwa (DA71) (942),bwa (DA71) (942),2822953,942
,,0,2023-05-13T12:43:20.025536841Z,2023-06-12T12:43:20.025536841Z,2023-06-06T17:50:23.537286542Z,795.3392,docker_cpu_usage_pct,bwa (DA71) (942),bwa (DA71) (942),2822953,942
,,0,2023-05-13T12:43:20.025536841Z,2023-06-12T12:43:20.025536841Z,2023-06-06T17:50:25.532000891Z,799.2425,docker_cpu_usage_pct,bwa (DA71) (942),bwa (DA71) (942),2822953,942
,,0,2023-05-13T12:43:20.025536841Z,2023-06-12T12:43:20.025536841Z,2023-06-06T17:50:27.531698682Z,800.5495,docker_cpu_usage_pct,bwa (DA71) (942),bwa (DA71) (942),2822953,942
,,0,2023-05-13T12:43:20.025536841Z,2023-06-12T12:43:20.025536841Z,2023-06-06T17:50:29.532379266Z,797.9391,docker_cpu_usage_pct,bwa (DA71) (942),bwa (DA71) (942),2822953,942
,,0,2023-05-13T12:43:20.025536841Z,2023-06-12T12:43:20.025536841Z,2023-06-06T17:50:31.538470694Z,795.5481,docker_cpu_usage_pct,bwa (DA71) (942),bwa (DA71) (942),2822953,942
,,0,2023-05-13T12:43:20.025536841Z,2023-06-12T12:43:20.025536841Z,2023-06-06T17:50:34.531687224Z,797.5651,docker_cpu_usage_pct,bwa (DA71) (942),bwa (DA71) (942),2822953,942
,,0,2023-05-13T12:43:20.025536841Z,2023-06-12T12:43:20.025536841Z,2023-06-06T17:50:37.531417425Z,390.329,docker_cpu_usage_pct,bwa (DA71) (942),bwa (DA71) (942),2822953,942
,,0,2023-05-13T12:43:20.025536841Z,2023-06-12T12:43:20.025536841Z,2023-06-06T17:50:39.532254642Z,249.9486,docker_cpu_usage_pct,bwa (DA71) (942),bwa (DA71) (942),2822953,942
,,0,2023-05-13T12:43:20.025536841Z,2023-06-12T12:43:20.025536841Z,2023-06-06T17:50:41.53189527Z,122.4749,docker_cpu_usage_pct,bwa (DA71) (942),bwa (DA71) (942),2822953,942
,,0,2023-05-13T12:43:20.025536841Z,2023-06-12T12:43:20.025536841Z,2023-06-06T17:50:43.533062458Z,100.0249,docker_cpu_usage_pct,bwa (DA71) (942),bwa (DA71) (942),2822953,942
,,0,2023-05-13T12:43:20.025536841Z,2023-06-12T12:43:20.025536841Z,2023-06-06T17:50:46.531840367Z,782.1016,docker_cpu_usage_pct,bwa (DA71) (942),bwa (DA71) (942),2822953,942
,,0,2023-05-13T12:43:20.025536841Z,2023-06-12T12:43:20.025536841Z,2023-06-06T17:50:49.541103887Z,773.2834,docker_cpu_usage_pct,bwa (DA71) (942),bwa (DA71) (942),2822953,942
,,0,2023-05-13T12:43:20.025536841Z,2023-06-12T12:43:20.025536841Z,2023-06-06T17:50:52.541344783Z,793.5137,docker_cpu_usage_pct,bwa (DA71) (942),bwa (DA71) (942),2822953,942
,,0,2023-05-13T12:43:20.025536841Z,2023-06-12T12:43:20.025536841Z,2023-06-06T17:50:55.545089003Z,793.0606,docker_cpu_usage_pct,bwa (DA71) (942),bwa (DA71) (942),2822953,942
,,0,2023-05-13T12:43:20.025536841Z,2023-06-12T12:43:20.025536841Z,2023-06-06T17:50:58.545136882Z,797.7708,docker_cpu_usage_pct,bwa (DA71) (942),bwa (DA71) (942),2822953,942
,,0,2023-05-13T12:43:20.025536841Z,2023-06-12T12:43:20.025536841Z,2023-06-06T17:51:01.545050217Z,783.9237,docker_cpu_usage_pct,bwa (DA71) (942),bwa (DA71) (942),2822953,942
,,0,2023-05-13T12:43:20.025536841Z,2023-06-12T12:43:20.025536841Z,2023-06-06T17:51:04.537150507Z,791.7073,docker_cpu_usage_pct,bwa (DA71) (942),bwa (DA71) (942),2822953,942
,,0,2023-05-13T12:43:20.025536841Z,2023-06-12T12:43:20.025536841Z,2023-06-06T17:51:07.541118052Z,794.8525,docker_cpu_usage_pct,bwa (DA71) (942),bwa (DA71) (942),2822953,942
,,0,2023-05-13T12:43:20.025536841Z,2023-06-12T12:43:20.025536841Z,2023-06-06T17:51:10.541141989Z,795.551,docker_cpu_usage_pct,bwa (DA71) (942),bwa (DA71) (942),2822953,942
,,0,2023-05-13T12:43:20.025536841Z,2023-06-12T12:43:20.025536841Z,2023-06-06T17:51:13.5412881Z,796.5389,docker_cpu_usage_pct,bwa (DA71) (942),bwa (DA71) (942),2822953,942
,,0,2023-05-13T12:43:20.025536841Z,2023-06-12T12:43:20.025536841Z,2023-06-06T17:51:16.532111497Z,792.9205,docker_cpu_usage_pct,bwa (DA71) (942),bwa (DA71) (942),2822953,942
,,0,2023-05-13T12:43:20.025536841Z,2023-06-12T12:43:20.025536841Z,2023-06-06T17:51:18.531669639Z,801.601,docker_cpu_usage_pct,bwa (DA71) (942),bwa (DA71) (942),2822953,942
,,0,2023-05-13T12:43:20.025536841Z,2023-06-12T12:43:20.025536841Z,2023-06-06T17:51:20.531817001Z,796.7065,docker_cpu_usage_pct,bwa (DA71) (942),bwa (DA71) (942),2822953,942
,,0,2023-05-13T12:43:20.025536841Z,2023-06-12T12:43:20.025536841Z,2023-06-06T17:51:22.531799487Z,800.3748,docker_cpu_usage_pct,bwa (DA71) (942),bwa (DA71) (942),2822953,942
,,0,2023-05-13T12:43:20.025536841Z,2023-06-12T12:43:20.025536841Z,2023-06-06T17:51:24.531468162Z,796.7146,docker_cpu_usage_pct,bwa (DA71) (942),bwa (DA71) (942),2822953,942
,,0,2023-05-13T12:43:20.025536841Z,2023-06-12T12:43:20.025536841Z,2023-06-06T17:51:26.544957657Z,800.4803,docker_cpu_usage_pct,bwa (DA71) (942),bwa (DA71) (942),2822953,942
,,0,2023-05-13T12:43:20.025536841Z,2023-06-12T12:43:20.025536841Z,2023-06-06T17:51:28.545126629Z,799.9677,docker_cpu_usage_pct,bwa (DA71) (942),bwa (DA71) (942),2822953,942
,,0,2023-05-13T12:43:20.025536841Z,2023-06-12T12:43:20.025536841Z,2023-06-06T17:51:30.53175393Z,743.4285,docker_cpu_usage_pct,bwa (DA71) (942),bwa (DA71) (942),2822953,942
,,0,2023-05-13T12:43:20.025536841Z,2023-06-12T12:43:20.025536841Z,2023-06-06T17:51:33.531742803Z,756.6252,docker_cpu_usage_pct,bwa (DA71) (942),bwa (DA71) (942),2822953,942
,,0,2023-05-13T12:43:20.025536841Z,2023-06-12T12:43:20.025536841Z,2023-06-06T17:51:36.531784838Z,697.8905,docker_cpu_usage_pct,bwa (DA71) (942),bwa (DA71) (942),2822953,942
,,0,2023-05-13T12:43:20.025536841Z,2023-06-12T12:43:20.025536841Z,2023-06-06T17:51:39.53174645Z,599.145,docker_cpu_usage_pct,bwa (DA71) (942),bwa (DA71) (942),2822953,942
,,0,2023-05-13T12:43:20.025536841Z,2023-06-12T12:43:20.025536841Z,2023-06-06T17:51:41.541221522Z,299.1122,docker_cpu_usage_pct,bwa (DA71) (942),bwa (DA71) (942),2822953,942
,,0,2023-05-13T12:43:20.025536841Z,2023-06-12T12:43:20.025536841Z,2023-06-06T17:51:44.545156103Z,379.3457,docker_cpu_usage_pct,bwa (DA71) (942),bwa (DA71) (942),2822953,942
,,0,2023-05-13T12:43:20.025536841Z,2023-06-12T12:43:20.025536841Z,2023-06-06T17:51:47.531739059Z,793.8271,docker_cpu_usage_pct,bwa (DA71) (942),bwa (DA71) (942),2822953,942
,,0,2023-05-13T12:43:20.025536841Z,2023-06-12T12:43:20.025536841Z,2023-06-06T17:51:49.53226936Z,792.8007,docker_cpu_usage_pct,bwa (DA71) (942),bwa (DA71) (942),2822953,942
,,0,2023-05-13T12:43:20.025536841Z,2023-06-12T12:43:20.025536841Z,2023-06-06T17:51:52.541395219Z,793.3358,docker_cpu_usage_pct,bwa (DA71) (942),bwa (DA71) (942),2822953,942
,,0,2023-05-13T12:43:20.025536841Z,2023-06-12T12:43:20.025536841Z,2023-06-06T17:51:54.531736319Z,750.8935,docker_cpu_usage_pct,bwa (DA71) (942),bwa (DA71) (942),2822953,942
,,0,2023-05-13T12:43:20.025536841Z,2023-06-12T12:43:20.025536841Z,2023-06-06T17:51:57.531806612Z,780.8487,docker_cpu_usage_pct,bwa (DA71) (942),bwa (DA71) (942),2822953,942
,,0,2023-05-13T12:43:20.025536841Z,2023-06-12T12:43:20.025536841Z,2023-06-06T17:52:00.532411452Z,773.5931,docker_cpu_usage_pct,bwa (DA71) (942),bwa (DA71) (942),2822953,942
,,0,2023-05-13T12:43:20.025536841Z,2023-06-12T12:43:20.025536841Z,2023-06-06T17:52:03.531769462Z,766.7569,docker_cpu_usage_pct,bwa (DA71) (942),bwa (DA71) (942),2822953,942
,,0,2023-05-13T12:43:20.025536841Z,2023-06-12T12:43:20.025536841Z,2023-06-06T17:52:05.531448155Z,800.957,docker_cpu_usage_pct,bwa (DA71) (942),bwa (DA71) (942),2822953,942
,,0,2023-05-13T12:43:20.025536841Z,2023-06-12T12:43:20.025536841Z,2023-06-06T17:52:07.532378679Z,797.5778,docker_cpu_usage_pct,bwa (DA71) (942),bwa (DA71) (942),2822953,942
,,0,2023-05-13T12:43:20.025536841Z,2023-06-12T12:43:20.025536841Z,2023-06-06T17:52:09.533164737Z,797.2088,docker_cpu_usage_pct,bwa (DA71) (942),bwa (DA71) (942),2822953,942
,,0,2023-05-13T12:43:20.025536841Z,2023-06-12T12:43:20.025536841Z,2023-06-06T17:52:13.545039149Z,799.3116,docker_cpu_usage_pct,bwa (DA71) (942),bwa (DA71) (942),2822953,942
,,0,2023-05-13T12:43:20.025536841Z,2023-06-12T12:43:20.025536841Z,2023-06-06T17:52:16.531751296Z,798.8711,docker_cpu_usage_pct,bwa (DA71) (942),bwa (DA71) (942),2822953,942
,,0,2023-05-13T12:43:20.025536841Z,2023-06-12T12:43:20.025536841Z,2023-06-06T17:52:19.531709083Z,768.5259,docker_cpu_usage_pct,bwa (DA71) (942),bwa (DA71) (942),2822953,942
,,0,2023-05-13T12:43:20.025536841Z,2023-06-12T12:43:20.025536841Z,2023-06-06T17:52:22.531729702Z,777.3486,docker_cpu_usage_pct,bwa (DA71) (942),bwa (DA71) (942),2822953,942
,,0,2023-05-13T12:43:20.025536841Z,2023-06-12T12:43:20.025536841Z,2023-06-06T17:52:25.545149217Z,784.4942,docker_cpu_usage_pct,bwa (DA71) (942),bwa (DA71) (942),2822953,942
,,0,2023-05-13T12:43:20.025536841Z,2023-06-12T12:43:20.025536841Z,2023-06-06T17:52:28.531840152Z,797.3641,docker_cpu_usage_pct,bwa (DA71) (942),bwa (DA71) (942),2822953,942
,,0,2023-05-13T12:43:20.025536841Z,2023-06-12T12:43:20.025536841Z,2023-06-06T17:52:31.531754076Z,800.0581,docker_cpu_usage_pct,bwa (DA71) (942),bwa (DA71) (942),2822953,942
,,0,2023-05-13T12:43:20.025536841Z,2023-06-12T12:43:20.025536841Z,2023-06-06T17:52:33.531651504Z,794.2759,docker_cpu_usage_pct,bwa (DA71) (942),bwa (DA71) (942),2822953,942
,,0,2023-05-13T12:43:20.025536841Z,2023-06-12T12:43:20.025536841Z,2023-06-06T17:52:35.532505574Z,796.2496,docker_cpu_usage_pct,bwa (DA71) (942),bwa (DA71) (942),2822953,942
,,0,2023-05-13T12:43:20.025536841Z,2023-06-12T12:43:20.025536841Z,2023-06-06T17:52:37.545031012Z,798.7683,docker_cpu_usage_pct,bwa (DA71) (942),bwa (DA71) (942),2822953,942
,,0,2023-05-13T12:43:20.025536841Z,2023-06-12T12:43:20.025536841Z,2023-06-06T17:52:39.531762892Z,774.5213,docker_cpu_usage_pct,bwa (DA71) (942),bwa (DA71) (942),2822953,942
,,0,2023-05-13T12:43:20.025536841Z,2023-06-12T12:43:20.025536841Z,2023-06-06T17:52:42.531879002Z,500.7193,docker_cpu_usage_pct,bwa (DA71) (942),bwa (DA71) (942),2822953,942
,,0,2023-05-13T12:43:20.025536841Z,2023-06-12T12:43:20.025536841Z,2023-06-06T17:52:44.537239367Z,299.3047,docker_cpu_usage_pct,bwa (DA71) (942),bwa (DA71) (942),2822953,942
,,0,2023-05-13T12:43:20.025536841Z,2023-06-12T12:43:20.025536841Z,2023-06-06T17:52:46.545176576Z,199.5007,docker_cpu_usage_pct,bwa (DA71) (942),bwa (DA71) (942),2822953,942
,,0,2023-05-13T12:43:20.025536841Z,2023-06-12T12:43:20.025536841Z,2023-06-06T17:52:48.532136972Z,761.5153,docker_cpu_usage_pct,bwa (DA71) (942),bwa (DA71) (942),2822953,942
,,0,2023-05-13T12:43:20.025536841Z,2023-06-12T12:43:20.025536841Z,2023-06-06T17:52:51.531833558Z,796.5494,docker_cpu_usage_pct,bwa (DA71) (942),bwa (DA71) (942),2822953,942
,,0,2023-05-13T12:43:20.025536841Z,2023-06-12T12:43:20.025536841Z,2023-06-06T17:52:53.531715895Z,800.4158,docker_cpu_usage_pct,bwa (DA71) (942),bwa (DA71) (942),2822953,942
,,0,2023-05-13T12:43:20.025536841Z,2023-06-12T12:43:20.025536841Z,2023-06-06T17:52:56.533170287Z,797.5496,docker_cpu_usage_pct,bwa (DA71) (942),bwa (DA71) (942),2822953,942
,,0,2023-05-13T12:43:20.025536841Z,2023-06-12T12:43:20.025536841Z,2023-06-06T17:52:59.54511589Z,789.7128,docker_cpu_usage_pct,bwa (DA71) (942),bwa (DA71) (942),2822953,942
,,0,2023-05-13T12:43:20.025536841Z,2023-06-12T12:43:20.025536841Z,2023-06-06T17:53:02.545104705Z,792.4087,docker_cpu_usage_pct,bwa (DA71) (942),bwa (DA71) (942),2822953,942
,,0,2023-05-13T12:43:20.025536841Z,2023-06-12T12:43:20.025536841Z,2023-06-06T17:53:05.541347337Z,797.0985,docker_cpu_usage_pct,bwa (DA71) (942),bwa (DA71) (942),2822953,942
,,0,2023-05-13T12:43:20.025536841Z,2023-06-12T12:43:20.025536841Z,2023-06-06T17:53:08.532205984Z,793.471,docker_cpu_usage_pct,bwa (DA71) (942),bwa (DA71) (942),2822953,942
,,0,2023-05-13T12:43:20.025536841Z,2023-06-12T12:43:20.025536841Z,2023-06-06T17:53:10.531928104Z,799.4376,docker_cpu_usage_pct,bwa (DA71) (942),bwa (DA71) (942),2822953,942
,,0,2023-05-13T12:43:20.025536841Z,2023-06-12T12:43:20.025536841Z,2023-06-06T17:53:13.533356893Z,799.404,docker_cpu_usage_pct,bwa (DA71) (942),bwa (DA71) (942),2822953,942
,,0,2023-05-13T12:43:20.025536841Z,2023-06-12T12:43:20.025536841Z,2023-06-06T17:53:16.535697813Z,795.0181,docker_cpu_usage_pct,bwa (DA71) (942),bwa (DA71) (942),2822953,942
,,0,2023-05-13T12:43:20.025536841Z,2023-06-12T12:43:20.025536841Z,2023-06-06T17:53:19.537180344Z,788.7747,docker_cpu_usage_pct,bwa (DA71) (942),bwa (DA71) (942),2822953,942
,,0,2023-05-13T12:43:20.025536841Z,2023-06-12T12:43:20.025536841Z,2023-06-06T17:53:22.541141586Z,800.8907,docker_cpu_usage_pct,bwa (DA71) (942),bwa (DA71) (942),2822953,942
,,0,2023-05-13T12:43:20.025536841Z,2023-06-12T12:43:20.025536841Z,2023-06-06T17:53:25.541107397Z,799.2161,docker_cpu_usage_pct,bwa (DA71) (942),bwa (DA71) (942),2822953,942
,,0,2023-05-13T12:43:20.025536841Z,2023-06-12T12:43:20.025536841Z,2023-06-06T17:53:28.541188112Z,791.7619,docker_cpu_usage_pct,bwa (DA71) (942),bwa (DA71) (942),2822953,942
,,0,2023-05-13T12:43:20.025536841Z,2023-06-12T12:43:20.025536841Z,2023-06-06T17:53:31.545145972Z,786.0779,docker_cpu_usage_pct,bwa (DA71) (942),bwa (DA71) (942),2822953,942
,,0,2023-05-13T12:43:20.025536841Z,2023-06-12T12:43:20.025536841Z,2023-06-06T17:53:34.545164754Z,795.1164,docker_cpu_usage_pct,bwa (DA71) (942),bwa (DA71) (942),2822953,942
,,0,2023-05-13T12:43:20.025536841Z,2023-06-12T12:43:20.025536841Z,2023-06-06T17:53:37.537110864Z,798.8243,docker_cpu_usage_pct,bwa (DA71) (942),bwa (DA71) (942),2822953,942
,,0,2023-05-13T12:43:20.025536841Z,2023-06-12T12:43:20.025536841Z,2023-06-06T17:53:38.533236372Z,795.6984,docker_cpu_usage_pct,bwa (DA71) (942),bwa (DA71) (942),2822953,942
,,0,2023-05-13T12:43:20.025536841Z,2023-06-12T12:43:20.025536841Z,2023-06-06T17:53:41.532138317Z,801.403,docker_cpu_usage_pct,bwa (DA71) (942),bwa (DA71) (942),2822953,942
,,0,2023-05-13T12:43:20.025536841Z,2023-06-12T12:43:20.025536841Z,2023-06-06T17:53:43.545020063Z,802.7839,docker_cpu_usage_pct,bwa (DA71) (942),bwa (DA71) (942),2822953,942
,,0,2023-05-13T12:43:20.025536841Z,2023-06-12T12:43:20.025536841Z,2023-06-06T17:53:45.532982469Z,798.1876,docker_cpu_usage_pct,bwa (DA71) (942),bwa (DA71) (942),2822953,942
,,0,2023-05-13T12:43:20.025536841Z,2023-06-12T12:43:20.025536841Z,2023-06-06T17:53:47.533158512Z,802.1811,docker_cpu_usage_pct,bwa (DA71) (942),bwa (DA71) (942),2822953,942
,,0,2023-05-13T12:43:20.025536841Z,2023-06-12T12:43:20.025536841Z,2023-06-06T17:53:49.541257162Z,795.519,docker_cpu_usage_pct,bwa (DA71) (942),bwa (DA71) (942),2822953,942
,,0,2023-05-13T12:43:20.025536841Z,2023-06-12T12:43:20.025536841Z,2023-06-06T17:53:51.531627575Z,692.8392,docker_cpu_usage_pct,bwa (DA71) (942),bwa (DA71) (942),2822953,942
,,0,2023-05-13T12:43:20.025536841Z,2023-06-12T12:43:20.025536841Z,2023-06-06T17:53:53.532244562Z,488.2532,docker_cpu_usage_pct,bwa (DA71) (942),bwa (DA71) (942),2822953,942
,,0,2023-05-13T12:43:20.025536841Z,2023-06-12T12:43:20.025536841Z,2023-06-06T17:53:55.532022342Z,100.0218,docker_cpu_usage_pct,bwa (DA71) (942),bwa (DA71) (942),2822953,942
,,0,2023-05-13T12:43:20.025536841Z,2023-06-12T12:43:20.025536841Z,2023-06-06T17:53:57.531816691Z,100.3055,docker_cpu_usage_pct,bwa (DA71) (942),bwa (DA71) (942),2822953,942
,,0,2023-05-13T12:43:20.025536841Z,2023-06-12T12:43:20.025536841Z,2023-06-06T17:53:59.531602761Z,762.764,docker_cpu_usage_pct,bwa (DA71) (942),bwa (DA71) (942),2822953,942
,,0,2023-05-13T12:43:20.025536841Z,2023-06-12T12:43:20.025536841Z,2023-06-06T17:54:01.532423964Z,800.1375,docker_cpu_usage_pct,bwa (DA71) (942),bwa (DA71) (942),2822953,942
,,0,2023-05-13T12:43:20.025536841Z,2023-06-12T12:43:20.025536841Z,2023-06-06T17:54:03.533184484Z,800.7178,docker_cpu_usage_pct,bwa (DA71) (942),bwa (DA71) (942),2822953,942
,,0,2023-05-13T12:43:20.025536841Z,2023-06-12T12:43:20.025536841Z,2023-06-06T17:54:05.53348618Z,799.9297,docker_cpu_usage_pct,bwa (DA71) (942),bwa (DA71) (942),2822953,942
,,0,2023-05-13T12:43:20.025536841Z,2023-06-12T12:43:20.025536841Z,2023-06-06T17:54:07.53177931Z,747.6742,docker_cpu_usage_pct,bwa (DA71) (942),bwa (DA71) (942),2822953,942
,,0,2023-05-13T12:43:20.025536841Z,2023-06-12T12:43:20.025536841Z,2023-06-06T17:54:10.531874732Z,754.8543,docker_cpu_usage_pct,bwa (DA71) (942),bwa (DA71) (942),2822953,942
,,0,2023-05-13T12:43:20.025536841Z,2023-06-12T12:43:20.025536841Z,2023-06-06T17:54:13.541271836Z,766.9177,docker_cpu_usage_pct,bwa (DA71) (942),bwa (DA71) (942),2822953,942
,,0,2023-05-13T12:43:20.025536841Z,2023-06-12T12:43:20.025536841Z,2023-06-06T17:54:17.541328899Z,767.2476,docker_cpu_usage_pct,bwa (DA71) (942),bwa (DA71) (942),2822953,942
,,0,2023-05-13T12:43:20.025536841Z,2023-06-12T12:43:20.025536841Z,2023-06-06T17:54:19.541264572Z,796.8033,docker_cpu_usage_pct,bwa (DA71) (942),bwa (DA71) (942),2822953,942
,,0,2023-05-13T12:43:20.025536841Z,2023-06-12T12:43:20.025536841Z,2023-06-06T17:54:23.537341844Z,747.1315,docker_cpu_usage_pct,bwa (DA71) (942),bwa (DA71) (942),2822953,942
,,0,2023-05-13T12:43:20.025536841Z,2023-06-12T12:43:20.025536841Z,2023-06-06T17:54:26.53359791Z,714.9688,docker_cpu_usage_pct,bwa (DA71) (942),bwa (DA71) (942),2822953,942
,,0,2023-05-13T12:43:20.025536841Z,2023-06-12T12:43:20.025536841Z,2023-06-06T17:54:28.533224993Z,799.4451,docker_cpu_usage_pct,bwa (DA71) (942),bwa (DA71) (942),2822953,942
,,0,2023-05-13T12:43:20.025536841Z,2023-06-12T12:43:20.025536841Z,2023-06-06T17:54:30.537266528Z,773.8238,docker_cpu_usage_pct,bwa (DA71) (942),bwa (DA71) (942),2822953,942
,,0,2023-05-13T12:43:20.025536841Z,2023-06-12T12:43:20.025536841Z,2023-06-06T17:54:33.531728705Z,737.5547,docker_cpu_usage_pct,bwa (DA71) (942),bwa (DA71) (942),2822953,942
,,0,2023-05-13T12:43:20.025536841Z,2023-06-12T12:43:20.025536841Z,2023-06-06T17:54:36.531771243Z,758.5606,docker_cpu_usage_pct,bwa (DA71) (942),bwa (DA71) (942),2822953,942
,,0,2023-05-13T12:43:20.025536841Z,2023-06-12T12:43:20.025536841Z,2023-06-06T17:54:39.5318005Z,789.4681,docker_cpu_usage_pct,bwa (DA71) (942),bwa (DA71) (942),2822953,942
,,0,2023-05-13T12:43:20.025536841Z,2023-06-12T12:43:20.025536841Z,2023-06-06T17:54:42.531746194Z,787.2658,docker_cpu_usage_pct,bwa (DA71) (942),bwa (DA71) (942),2822953,942
,,0,2023-05-13T12:43:20.025536841Z,2023-06-12T12:43:20.025536841Z,2023-06-06T17:54:45.531646667Z,792.7863,docker_cpu_usage_pct,bwa (DA71) (942),bwa (DA71) (942),2822953,942
,,0,2023-05-13T12:43:20.025536841Z,2023-06-12T12:43:20.025536841Z,2023-06-06T17:54:47.532632293Z,799.9593,docker_cpu_usage_pct,bwa (DA71) (942),bwa (DA71) (942),2822953,942
,,0,2023-05-13T12:43:20.025536841Z,2023-06-12T12:43:20.025536841Z,2023-06-06T17:54:49.532215583Z,795.7515,docker_cpu_usage_pct,bwa (DA71) (942),bwa (DA71) (942),2822953,942
,,0,2023-05-13T12:43:20.025536841Z,2023-06-12T12:43:20.025536841Z,2023-06-06T17:54:51.531872135Z,800.7978,docker_cpu_usage_pct,bwa (DA71) (942),bwa (DA71) (942),2822953,942
,,0,2023-05-13T12:43:20.025536841Z,2023-06-12T12:43:20.025536841Z,2023-06-06T17:54:54.541038569Z,799.6423,docker_cpu_usage_pct,bwa (DA71) (942),bwa (DA71) (942),2822953,942
,,0,2023-05-13T12:43:20.025536841Z,2023-06-12T12:43:20.025536841Z,2023-06-06T17:54:57.549051044Z,797.2333,docker_cpu_usage_pct,bwa (DA71) (942),bwa (DA71) (942),2822953,942
,,0,2023-05-13T12:43:20.025536841Z,2023-06-12T12:43:20.025536841Z,2023-06-06T17:55:00.54509219Z,794.9856,docker_cpu_usage_pct,bwa (DA71) (942),bwa (DA71) (942),2822953,942
,,0,2023-05-13T12:43:20.025536841Z,2023-06-12T12:43:20.025536841Z,2023-06-06T17:55:03.537179748Z,797.7888,docker_cpu_usage_pct,bwa (DA71) (942),bwa (DA71) (942),2822953,942
,,0,2023-05-13T12:43:20.025536841Z,2023-06-12T12:43:20.025536841Z,2023-06-06T17:55:06.531670203Z,450.0865,docker_cpu_usage_pct,bwa (DA71) (942),bwa (DA71) (942),2822953,942
,,0,2023-05-13T12:43:20.025536841Z,2023-06-12T12:43:20.025536841Z,2023-06-06T17:55:08.53243736Z,135.2003,docker_cpu_usage_pct,bwa (DA71) (942),bwa (DA71) (942),2822953,942
,,0,2023-05-13T12:43:20.025536841Z,2023-06-12T12:43:20.025536841Z,2023-06-06T17:55:10.532057821Z,98.8316,docker_cpu_usage_pct,bwa (DA71) (942),bwa (DA71) (942),2822953,942
,,0,2023-05-13T12:43:20.025536841Z,2023-06-12T12:43:20.025536841Z,2023-06-06T17:55:12.531754143Z,99.9268,docker_cpu_usage_pct,bwa (DA71) (942),bwa (DA71) (942),2822953,942
,,0,2023-05-13T12:43:20.025536841Z,2023-06-12T12:43:20.025536841Z,2023-06-06T17:55:15.531696215Z,797.0828,docker_cpu_usage_pct,bwa (DA71) (942),bwa (DA71) (942),2822953,942
,,0,2023-05-13T12:43:20.025536841Z,2023-06-12T12:43:20.025536841Z,2023-06-06T17:55:17.541410823Z,800.4352,docker_cpu_usage_pct,bwa (DA71) (942),bwa (DA71) (942),2822953,942
,,0,2023-05-13T12:43:20.025536841Z,2023-06-12T12:43:20.025536841Z,2023-06-06T17:55:19.541386265Z,781.1471,docker_cpu_usage_pct,bwa (DA71) (942),bwa (DA71) (942),2822953,942
,,0,2023-05-13T12:43:20.025536841Z,2023-06-12T12:43:20.025536841Z,2023-06-06T17:55:22.54114239Z,770.7754,docker_cpu_usage_pct,bwa (DA71) (942),bwa (DA71) (942),2822953,942
,,0,2023-05-13T12:43:20.025536841Z,2023-06-12T12:43:20.025536841Z,2023-06-06T17:55:25.545124792Z,786.6646,docker_cpu_usage_pct,bwa (DA71) (942),bwa (DA71) (942),2822953,942
,,0,2023-05-13T12:43:20.025536841Z,2023-06-12T12:43:20.025536841Z,2023-06-06T17:55:28.541613851Z,771.7741,docker_cpu_usage_pct,bwa (DA71) (942),bwa (DA71) (942),2822953,942
,,0,2023-05-13T12:43:20.025536841Z,2023-06-12T12:43:20.025536841Z,2023-06-06T17:55:30.531973349Z,729.6045,docker_cpu_usage_pct,bwa (DA71) (942),bwa (DA71) (942),2822953,942
,,0,2023-05-13T12:43:20.025536841Z,2023-06-12T12:43:20.025536841Z,2023-06-06T17:55:33.531672362Z,773.4949,docker_cpu_usage_pct,bwa (DA71) (942),bwa (DA71) (942),2822953,942
,,0,2023-05-13T12:43:20.025536841Z,2023-06-12T12:43:20.025536841Z,2023-06-06T17:55:36.531703855Z,743.3885,docker_cpu_usage_pct,bwa (DA71) (942),bwa (DA71) (942),2822953,942
,,0,2023-05-13T12:43:20.025536841Z,2023-06-12T12:43:20.025536841Z,2023-06-06T17:55:38.531417637Z,794.4349,docker_cpu_usage_pct,bwa (DA71) (942),bwa (DA71) (942),2822953,942
,,0,2023-05-13T12:43:20.025536841Z,2023-06-12T12:43:20.025536841Z,2023-06-06T17:55:40.541296529Z,796.9228,docker_cpu_usage_pct,bwa (DA71) (942),bwa (DA71) (942),2822953,942
,,0,2023-05-13T12:43:20.025536841Z,2023-06-12T12:43:20.025536841Z,2023-06-06T17:55:44.545050103Z,774.204,docker_cpu_usage_pct,bwa (DA71) (942),bwa (DA71) (942),2822953,942
,,0,2023-05-13T12:43:20.025536841Z,2023-06-12T12:43:20.025536841Z,2023-06-06T17:55:47.545167239Z,794.9923,docker_cpu_usage_pct,bwa (DA71) (942),bwa (DA71) (942),2822953,942
,,0,2023-05-13T12:43:20.025536841Z,2023-06-12T12:43:20.025536841Z,2023-06-06T17:55:50.545083697Z,795.9112,docker_cpu_usage_pct,bwa (DA71) (942),bwa (DA71) (942),2822953,942
,,0,2023-05-13T12:43:20.025536841Z,2023-06-12T12:43:20.025536841Z,2023-06-06T17:55:53.532027564Z,797.403,docker_cpu_usage_pct,bwa (DA71) (942),bwa (DA71) (942),2822953,942
,,0,2023-05-13T12:43:20.025536841Z,2023-06-12T12:43:20.025536841Z,2023-06-06T17:55:55.531652162Z,799.335,docker_cpu_usage_pct,bwa (DA71) (942),bwa (DA71) (942),2822953,942
,,0,2023-05-13T12:43:20.025536841Z,2023-06-12T12:43:20.025536841Z,2023-06-06T17:55:56.532962445Z,802.5285,docker_cpu_usage_pct,bwa (DA71) (942),bwa (DA71) (942),2822953,942
,,0,2023-05-13T12:43:20.025536841Z,2023-06-12T12:43:20.025536841Z,2023-06-06T17:55:59.537067189Z,793.6916,docker_cpu_usage_pct,bwa (DA71) (942),bwa (DA71) (942),2822953,942
,,0,2023-05-13T12:43:20.025536841Z,2023-06-12T12:43:20.025536841Z,2023-06-06T17:56:02.537361869Z,798.372,docker_cpu_usage_pct,bwa (DA71) (942),bwa (DA71) (942),2822953,942
,,0,2023-05-13T12:43:20.025536841Z,2023-06-12T12:43:20.025536841Z,2023-06-06T17:56:05.545051439Z,794.5088,docker_cpu_usage_pct,bwa (DA71) (942),bwa (DA71) (942),2822953,942
,,0,2023-05-13T12:43:20.025536841Z,2023-06-12T12:43:20.025536841Z,2023-06-06T17:56:08.532245003Z,797.4736,docker_cpu_usage_pct,bwa (DA71) (942),bwa (DA71) (942),2822953,942
,,0,2023-05-13T12:43:20.025536841Z,2023-06-12T12:43:20.025536841Z,2023-06-06T17:56:10.531698355Z,797.8368,docker_cpu_usage_pct,bwa (DA71) (942),bwa (DA71) (942),2822953,942
,,0,2023-05-13T12:43:20.025536841Z,2023-06-12T12:43:20.025536841Z,2023-06-06T17:56:13.531650644Z,518.2144,docker_cpu_usage_pct,bwa (DA71) (942),bwa (DA71) (942),2822953,942
,,0,2023-05-13T12:43:20.025536841Z,2023-06-12T12:43:20.025536841Z,2023-06-06T17:56:15.531758967Z,401.2,docker_cpu_usage_pct,bwa (DA71) (942),bwa (DA71) (942),2822953,942
,,0,2023-05-13T12:43:20.025536841Z,2023-06-12T12:43:20.025536841Z,2023-06-06T17:56:18.541232754Z,547.4365,docker_cpu_usage_pct,bwa (DA71) (942),bwa (DA71) (942),2822953,942
,,0,2023-05-13T12:43:20.025536841Z,2023-06-12T12:43:20.025536841Z,2023-06-06T17:56:21.532264612Z,795.5286,docker_cpu_usage_pct,bwa (DA71) (942),bwa (DA71) (942),2822953,942
,,0,2023-05-13T12:43:20.025536841Z,2023-06-12T12:43:20.025536841Z,2023-06-06T17:56:24.531699802Z,796.398,docker_cpu_usage_pct,bwa (DA71) (942),bwa (DA71) (942),2822953,942
,,0,2023-05-13T12:43:20.025536841Z,2023-06-12T12:43:20.025536841Z,2023-06-06T17:56:26.532527568Z,801.1145,docker_cpu_usage_pct,bwa (DA71) (942),bwa (DA71) (942),2822953,942
,,0,2023-05-13T12:43:20.025536841Z,2023-06-12T12:43:20.025536841Z,2023-06-06T17:56:29.53200933Z,798.9295,docker_cpu_usage_pct,bwa (DA71) (942),bwa (DA71) (942),2822953,942
,,0,2023-05-13T12:43:20.025536841Z,2023-06-12T12:43:20.025536841Z,2023-06-06T17:56:32.531785531Z,797.9817,docker_cpu_usage_pct,bwa (DA71) (942),bwa (DA71) (942),2822953,942
,,0,2023-05-13T12:43:20.025536841Z,2023-06-12T12:43:20.025536841Z,2023-06-06T17:56:35.531757829Z,767.8171,docker_cpu_usage_pct,bwa (DA71) (942),bwa (DA71) (942),2822953,942
,,0,2023-05-13T12:43:20.025536841Z,2023-06-12T12:43:20.025536841Z,2023-06-06T17:56:38.545064189Z,763.2593,docker_cpu_usage_pct,bwa (DA71) (942),bwa (DA71) (942),2822953,942
,,0,2023-05-13T12:43:20.025536841Z,2023-06-12T12:43:20.025536841Z,2023-06-06T17:56:41.54511863Z,796.2194,docker_cpu_usage_pct,bwa (DA71) (942),bwa (DA71) (942),2822953,942
,,0,2023-05-13T12:43:20.025536841Z,2023-06-12T12:43:20.025536841Z,2023-06-06T17:56:44.545069735Z,794.153,docker_cpu_usage_pct,bwa (DA71) (942),bwa (DA71) (942),2822953,942
,,0,2023-05-13T12:43:20.025536841Z,2023-06-12T12:43:20.025536841Z,2023-06-06T17:56:47.545079184Z,795.9399,docker_cpu_usage_pct,bwa (DA71) (942),bwa (DA71) (942),2822953,942
,,0,2023-05-13T12:43:20.025536841Z,2023-06-12T12:43:20.025536841Z,2023-06-06T17:56:50.545117382Z,794.5299,docker_cpu_usage_pct,bwa (DA71) (942),bwa (DA71) (942),2822953,942
,,0,2023-05-13T12:43:20.025536841Z,2023-06-12T12:43:20.025536841Z,2023-06-06T17:56:53.532298752Z,798.8795,docker_cpu_usage_pct,bwa (DA71) (942),bwa (DA71) (942),2822953,942
,,0,2023-05-13T12:43:20.025536841Z,2023-06-12T12:43:20.025536841Z,2023-06-06T17:56:56.532041201Z,796.482,docker_cpu_usage_pct,bwa (DA71) (942),bwa (DA71) (942),2822953,942
,,0,2023-05-13T12:43:20.025536841Z,2023-06-12T12:43:20.025536841Z,2023-06-06T17:56:58.531943696Z,797.0021,docker_cpu_usage_pct,bwa (DA71) (942),bwa (DA71) (942),2822953,942
,,0,2023-05-13T12:43:20.025536841Z,2023-06-12T12:43:20.025536841Z,2023-06-06T17:57:00.531876192Z,797.5314,docker_cpu_usage_pct,bwa (DA71) (942),bwa (DA71) (942),2822953,942
,,0,2023-05-13T12:43:20.025536841Z,2023-06-12T12:43:20.025536841Z,2023-06-06T17:57:04.53164855Z,783.4274,docker_cpu_usage_pct,bwa (DA71) (942),bwa (DA71) (942),2822953,942
,,0,2023-05-13T12:43:20.025536841Z,2023-06-12T12:43:20.025536841Z,2023-06-06T17:57:07.54131306Z,794.556,docker_cpu_usage_pct,bwa (DA71) (942),bwa (DA71) (942),2822953,942
,,0,2023-05-13T12:43:20.025536841Z,2023-06-12T12:43:20.025536841Z,2023-06-06T17:57:10.541319187Z,794.8183,docker_cpu_usage_pct,bwa (DA71) (942),bwa (DA71) (942),2822953,942
,,0,2023-05-13T12:43:20.025536841Z,2023-06-12T12:43:20.025536841Z,2023-06-06T17:57:13.531820734Z,792.7538,docker_cpu_usage_pct,bwa (DA71) (942),bwa (DA71) (942),2822953,942
,,0,2023-05-13T12:43:20.025536841Z,2023-06-12T12:43:20.025536841Z,2023-06-06T17:57:15.533208607Z,787.1885,docker_cpu_usage_pct,bwa (DA71) (942),bwa (DA71) (942),2822953,942
,,0,2023-05-13T12:43:20.025536841Z,2023-06-12T12:43:20.025536841Z,2023-06-06T17:57:17.533498743Z,699.1384,docker_cpu_usage_pct,bwa (DA71) (942),bwa (DA71) (942),2822953,942
,,0,2023-05-13T12:43:20.025536841Z,2023-06-12T12:43:20.025536841Z,2023-06-06T17:57:19.532081965Z,599.5642,docker_cpu_usage_pct,bwa (DA71) (942),bwa (DA71) (942),2822953,942
,,0,2023-05-13T12:43:20.025536841Z,2023-06-12T12:43:20.025536841Z,2023-06-06T17:57:21.531658648Z,450.4812,docker_cpu_usage_pct,bwa (DA71) (942),bwa (DA71) (942),2822953,942
,,0,2023-05-13T12:43:20.025536841Z,2023-06-12T12:43:20.025536841Z,2023-06-06T17:57:23.531544371Z,226.246,docker_cpu_usage_pct,bwa (DA71) (942),bwa (DA71) (942),2822953,942
,,0,2023-05-13T12:43:20.025536841Z,2023-06-12T12:43:20.025536841Z,2023-06-06T17:57:26.531750323Z,99.913,docker_cpu_usage_pct,bwa (DA71) (942),bwa (DA71) (942),2822953,942
,,0,2023-05-13T12:43:20.025536841Z,2023-06-12T12:43:20.025536841Z,2023-06-06T17:57:29.541396942Z,794.5334,docker_cpu_usage_pct,bwa (DA71) (942),bwa (DA71) (942),2822953,942
,,0,2023-05-13T12:43:20.025536841Z,2023-06-12T12:43:20.025536841Z,2023-06-06T17:57:32.545156219Z,795.3759,docker_cpu_usage_pct,bwa (DA71) (942),bwa (DA71) (942),2822953,942
,,0,2023-05-13T12:43:20.025536841Z,2023-06-12T12:43:20.025536841Z,2023-06-06T17:57:35.54136725Z,795.2295,docker_cpu_usage_pct,bwa (DA71) (942),bwa (DA71) (942),2822953,942
,,0,2023-05-13T12:43:20.025536841Z,2023-06-12T12:43:20.025536841Z,2023-06-06T17:57:38.545142498Z,789.4601,docker_cpu_usage_pct,bwa (DA71) (942),bwa (DA71) (942),2822953,942
,,0,2023-05-13T12:43:20.025536841Z,2023-06-12T12:43:20.025536841Z,2023-06-06T17:57:41.544832842Z,797.5681,docker_cpu_usage_pct,bwa (DA71) (942),bwa (DA71) (942),2822953,942
,,0,2023-05-13T12:43:20.025536841Z,2023-06-12T12:43:20.025536841Z,2023-06-06T17:57:44.545100996Z,794.5255,docker_cpu_usage_pct,bwa (DA71) (942),bwa (DA71) (942),2822953,942
,,0,2023-05-13T12:43:20.025536841Z,2023-06-12T12:43:20.025536841Z,2023-06-06T17:57:47.53310488Z,797.4802,docker_cpu_usage_pct,bwa (DA71) (942),bwa (DA71) (942),2822953,942
,,0,2023-05-13T12:43:20.025536841Z,2023-06-12T12:43:20.025536841Z,2023-06-06T17:57:49.537296462Z,803.2271,docker_cpu_usage_pct,bwa (DA71) (942),bwa (DA71) (942),2822953,942
,,0,2023-05-13T12:43:20.025536841Z,2023-06-12T12:43:20.025536841Z,2023-06-06T17:57:51.541301008Z,773.4731,docker_cpu_usage_pct,bwa (DA71) (942),bwa (DA71) (942),2822953,942
,,0,2023-05-13T12:43:20.025536841Z,2023-06-12T12:43:20.025536841Z,2023-06-06T17:57:54.541258771Z,796.072,docker_cpu_usage_pct,bwa (DA71) (942),bwa (DA71) (942),2822953,942
,,0,2023-05-13T12:43:20.025536841Z,2023-06-12T12:43:20.025536841Z,2023-06-06T17:57:57.541344997Z,793.0694,docker_cpu_usage_pct,bwa (DA71) (942),bwa (DA71) (942),2822953,942
,,0,2023-05-13T12:43:20.025536841Z,2023-06-12T12:43:20.025536841Z,2023-06-06T17:58:00.54132322Z,799.8569,docker_cpu_usage_pct,bwa (DA71) (942),bwa (DA71) (942),2822953,942
,,0,2023-05-13T12:43:20.025536841Z,2023-06-12T12:43:20.025536841Z,2023-06-06T17:58:03.541273512Z,798.7069,docker_cpu_usage_pct,bwa (DA71) (942),bwa (DA71) (942),2822953,942
,,0,2023-05-13T12:43:20.025536841Z,2023-06-12T12:43:20.025536841Z,2023-06-06T17:58:07.531611518Z,798.6841,docker_cpu_usage_pct,bwa (DA71) (942),bwa (DA71) (942),2822953,942
,,0,2023-05-13T12:43:20.025536841Z,2023-06-12T12:43:20.025536841Z,2023-06-06T17:58:09.532384339Z,797.7325,docker_cpu_usage_pct,bwa (DA71) (942),bwa (DA71) (942),2822953,942
,,0,2023-05-13T12:43:20.025536841Z,2023-06-12T12:43:20.025536841Z,2023-06-06T17:58:11.532181297Z,797.7918,docker_cpu_usage_pct,bwa (DA71) (942),bwa (DA71) (942),2822953,942
,,0,2023-05-13T12:43:20.025536841Z,2023-06-12T12:43:20.025536841Z,2023-06-06T17:58:13.537257838Z,798.4376,docker_cpu_usage_pct,bwa (DA71) (942),bwa (DA71) (942),2822953,942
,,0,2023-05-13T12:43:20.025536841Z,2023-06-12T12:43:20.025536841Z,2023-06-06T17:58:16.537265971Z,780.4667,docker_cpu_usage_pct,bwa (DA71) (942),bwa (DA71) (942),2822953,942
,,0,2023-05-13T12:43:20.025536841Z,2023-06-12T12:43:20.025536841Z,2023-06-06T17:58:19.541359326Z,793.9491,docker_cpu_usage_pct,bwa (DA71) (942),bwa (DA71) (942),2822953,942
,,0,2023-05-13T12:43:20.025536841Z,2023-06-12T12:43:20.025536841Z,2023-06-06T17:58:22.537052189Z,734.2701,docker_cpu_usage_pct,bwa (DA71) (942),bwa (DA71) (942),2822953,942
,,0,2023-05-13T12:43:20.025536841Z,2023-06-12T12:43:20.025536841Z,2023-06-06T17:58:25.531666466Z,626.8922,docker_cpu_usage_pct,bwa (DA71) (942),bwa (DA71) (942),2822953,942
,,0,2023-05-13T12:43:20.025536841Z,2023-06-12T12:43:20.025536841Z,2023-06-06T17:58:28.531593985Z,399.7757,docker_cpu_usage_pct,bwa (DA71) (942),bwa (DA71) (942),2822953,942
,,0,2023-05-13T12:43:20.025536841Z,2023-06-12T12:43:20.025536841Z,2023-06-06T17:58:30.539328682Z,145.631,docker_cpu_usage_pct,bwa (DA71) (942),bwa (DA71) (942),2822953,942
,,0,2023-05-13T12:43:20.025536841Z,2023-06-12T12:43:20.025536841Z,2023-06-06T17:58:32.533537547Z,795.0553,docker_cpu_usage_pct,bwa (DA71) (942),bwa (DA71) (942),2822953,942
,,0,2023-05-13T12:43:20.025536841Z,2023-06-12T12:43:20.025536841Z,2023-06-06T17:58:34.532193638Z,796.3897,docker_cpu_usage_pct,bwa (DA71) (942),bwa (DA71) (942),2822953,942
,,0,2023-05-13T12:43:20.025536841Z,2023-06-12T12:43:20.025536841Z,2023-06-06T17:58:36.531642334Z,796.0791,docker_cpu_usage_pct,bwa (DA71) (942),bwa (DA71) (942),2822953,942
,,0,2023-05-13T12:43:20.025536841Z,2023-06-12T12:43:20.025536841Z,2023-06-06T17:58:38.541099116Z,799.9216,docker_cpu_usage_pct,bwa (DA71) (942),bwa (DA71) (942),2822953,942
,,0,2023-05-13T12:43:20.025536841Z,2023-06-12T12:43:20.025536841Z,2023-06-06T17:58:40.539171388Z,799.0427,docker_cpu_usage_pct,bwa (DA71) (942),bwa (DA71) (942),2822953,942
,,0,2023-05-13T12:43:20.025536841Z,2023-06-12T12:43:20.025536841Z,2023-06-06T17:58:43.545096892Z,794.6482,docker_cpu_usage_pct,bwa (DA71) (942),bwa (DA71) (942),2822953,942
,,0,2023-05-13T12:43:20.025536841Z,2023-06-12T12:43:20.025536841Z,2023-06-06T17:58:46.545145524Z,795.8627,docker_cpu_usage_pct,bwa (DA71) (942),bwa (DA71) (942),2822953,942
,,0,2023-05-13T12:43:20.025536841Z,2023-06-12T12:43:20.025536841Z,2023-06-06T17:58:49.545156426Z,797.8399,docker_cpu_usage_pct,bwa (DA71) (942),bwa (DA71) (942),2822953,942
,,0,2023-05-13T12:43:20.025536841Z,2023-06-12T12:43:20.025536841Z,2023-06-06T17:58:52.545123026Z,799.6711,docker_cpu_usage_pct,bwa (DA71) (942),bwa (DA71) (942),2822953,942
,,0,2023-05-13T12:43:20.025536841Z,2023-06-12T12:43:20.025536841Z,2023-06-06T17:58:55.545094676Z,788.9508,docker_cpu_usage_pct,bwa (DA71) (942),bwa (DA71) (942),2822953,942
,,0,2023-05-13T12:43:20.025536841Z,2023-06-12T12:43:20.025536841Z,2023-06-06T17:58:58.545073686Z,793.7731,docker_cpu_usage_pct,bwa (DA71) (942),bwa (DA71) (942),2822953,942
,,0,2023-05-13T12:43:20.025536841Z,2023-06-12T12:43:20.025536841Z,2023-06-06T17:59:02.53176459Z,791.7388,docker_cpu_usage_pct,bwa (DA71) (942),bwa (DA71) (942),2822953,942
,,0,2023-05-13T12:43:20.025536841Z,2023-06-12T12:43:20.025536841Z,2023-06-06T17:59:04.531510286Z,794.5594,docker_cpu_usage_pct,bwa (DA71) (942),bwa (DA71) (942),2822953,942
,,0,2023-05-13T12:43:20.025536841Z,2023-06-12T12:43:20.025536841Z,2023-06-06T17:59:07.545097718Z,796.0379,docker_cpu_usage_pct,bwa (DA71) (942),bwa (DA71) (942),2822953,942
,,0,2023-05-13T12:43:20.025536841Z,2023-06-12T12:43:20.025536841Z,2023-06-06T17:59:10.531717633Z,775.523,docker_cpu_usage_pct,bwa (DA71) (942),bwa (DA71) (942),2822953,942
,,0,2023-05-13T12:43:20.025536841Z,2023-06-12T12:43:20.025536841Z,2023-06-06T17:59:13.531824306Z,793.1736,docker_cpu_usage_pct,bwa (DA71) (942),bwa (DA71) (942),2822953,942
,,0,2023-05-13T12:43:20.025536841Z,2023-06-12T12:43:20.025536841Z,2023-06-06T17:59:16.531764884Z,792.6191,docker_cpu_usage_pct,bwa (DA71) (942),bwa (DA71) (942),2822953,942
,,0,2023-05-13T12:43:20.025536841Z,2023-06-12T12:43:20.025536841Z,2023-06-06T17:59:18.531808189Z,630.081,docker_cpu_usage_pct,bwa (DA71) (942),bwa (DA71) (942),2822953,942
,,0,2023-05-13T12:43:20.025536841Z,2023-06-12T12:43:20.025536841Z,2023-06-06T17:59:21.531684384Z,339.833,docker_cpu_usage_pct,bwa (DA71) (942),bwa (DA71) (942),2822953,942
,,0,2023-05-13T12:43:20.025536841Z,2023-06-12T12:43:20.025536841Z,2023-06-06T17:59:23.532490803Z,180.6305,docker_cpu_usage_pct,bwa (DA71) (942),bwa (DA71) (942),2822953,942
,,0,2023-05-13T12:43:20.025536841Z,2023-06-12T12:43:20.025536841Z,2023-06-06T17:59:25.532042492Z,100.3319,docker_cpu_usage_pct,bwa (DA71) (942),bwa (DA71) (942),2822953,942
,,0,2023-05-13T12:43:20.025536841Z,2023-06-12T12:43:20.025536841Z,2023-06-06T17:59:28.537060824Z,519.9148,docker_cpu_usage_pct,bwa (DA71) (942),bwa (DA71) (942),2822953,942
,,0,2023-05-13T12:43:20.025536841Z,2023-06-12T12:43:20.025536841Z,2023-06-06T17:59:31.545083304Z,796.7042,docker_cpu_usage_pct,bwa (DA71) (942),bwa (DA71) (942),2822953,942
,,0,2023-05-13T12:43:20.025536841Z,2023-06-12T12:43:20.025536841Z,2023-06-06T17:59:34.541176036Z,798.1765,docker_cpu_usage_pct,bwa (DA71) (942),bwa (DA71) (942),2822953,942
,,0,2023-05-13T12:43:20.025536841Z,2023-06-12T12:43:20.025536841Z,2023-06-06T17:59:37.541145034Z,797.2415,docker_cpu_usage_pct,bwa (DA71) (942),bwa (DA71) (942),2822953,942
,,0,2023-05-13T12:43:20.025536841Z,2023-06-12T12:43:20.025536841Z,2023-06-06T17:59:40.531705626Z,795.4759,docker_cpu_usage_pct,bwa (DA71) (942),bwa (DA71) (942),2822953,942
,,0,2023-05-13T12:43:20.025536841Z,2023-06-12T12:43:20.025536841Z,2023-06-06T17:59:42.541118164Z,793.2981,docker_cpu_usage_pct,bwa (DA71) (942),bwa (DA71) (942),2822953,942
,,0,2023-05-13T12:43:20.025536841Z,2023-06-12T12:43:20.025536841Z,2023-06-06T17:59:44.531645579Z,779.4713,docker_cpu_usage_pct,bwa (DA71) (942),bwa (DA71) (942),2822953,942
,,0,2023-05-13T12:43:20.025536841Z,2023-06-12T12:43:20.025536841Z,2023-06-06T17:59:46.531629871Z,794.9495,docker_cpu_usage_pct,bwa (DA71) (942),bwa (DA71) (942),2822953,942
,,0,2023-05-13T12:43:20.025536841Z,2023-06-12T12:43:20.025536841Z,2023-06-06T17:59:48.532398688Z,796.7775,docker_cpu_usage_pct,bwa (DA71) (942),bwa (DA71) (942),2822953,942
,,0,2023-05-13T12:43:20.025536841Z,2023-06-12T12:43:20.025536841Z,2023-06-06T17:59:50.53729092Z,796.546,docker_cpu_usage_pct,bwa (DA71) (942),bwa (DA71) (942),2822953,942
,,0,2023-05-13T12:43:20.025536841Z,2023-06-12T12:43:20.025536841Z,2023-06-06T17:59:54.531909809Z,797.8204,docker_cpu_usage_pct,bwa (DA71) (942),bwa (DA71) (942),2822953,942
,,0,2023-05-13T12:43:20.025536841Z,2023-06-12T12:43:20.025536841Z,2023-06-06T17:59:56.531642672Z,793.4951,docker_cpu_usage_pct,bwa (DA71) (942),bwa (DA71) (942),2822953,942
,,0,2023-05-13T12:43:20.025536841Z,2023-06-12T12:43:20.025536841Z,2023-06-06T17:59:59.545093257Z,793.0366,docker_cpu_usage_pct,bwa (DA71) (942),bwa (DA71) (942),2822953,942
,,0,2023-05-13T12:43:20.025536841Z,2023-06-12T12:43:20.025536841Z,2023-06-06T18:00:02.541293412Z,798.7114,docker_cpu_usage_pct,bwa (DA71) (942),bwa (DA71) (942),2822953,942
,,0,2023-05-13T12:43:20.025536841Z,2023-06-12T12:43:20.025536841Z,2023-06-06T18:00:05.541084612Z,792.9631,docker_cpu_usage_pct,bwa (DA71) (942),bwa (DA71) (942),2822953,942
,,0,2023-05-13T12:43:20.025536841Z,2023-06-12T12:43:20.025536841Z,2023-06-06T18:00:07.531962268Z,798.4446,docker_cpu_usage_pct,bwa (DA71) (942),bwa (DA71) (942),2822953,942
,,0,2023-05-13T12:43:20.025536841Z,2023-06-12T12:43:20.025536841Z,2023-06-06T18:00:09.531770023Z,801.8834,docker_cpu_usage_pct,bwa (DA71) (942),bwa (DA71) (942),2822953,942
,,0,2023-05-13T12:43:20.025536841Z,2023-06-12T12:43:20.025536841Z,2023-06-06T18:00:12.545102104Z,798.2139,docker_cpu_usage_pct,bwa (DA71) (942),bwa (DA71) (942),2822953,942
,,0,2023-05-13T12:43:20.025536841Z,2023-06-12T12:43:20.025536841Z,2023-06-06T18:00:15.532303326Z,671.1505,docker_cpu_usage_pct,bwa (DA71) (942),bwa (DA71) (942),2822953,942
,,0,2023-05-13T12:43:20.025536841Z,2023-06-12T12:43:20.025536841Z,2023-06-06T18:00:17.533261978Z,457.9722,docker_cpu_usage_pct,bwa (DA71) (942),bwa (DA71) (942),2822953,942
,,0,2023-05-13T12:43:20.025536841Z,2023-06-12T12:43:20.025536841Z,2023-06-06T18:00:19.533246179Z,200.5036,docker_cpu_usage_pct,bwa (DA71) (942),bwa (DA71) (942),2822953,942
,,0,2023-05-13T12:43:20.025536841Z,2023-06-12T12:43:20.025536841Z,2023-06-06T18:00:21.541156598Z,100.26,docker_cpu_usage_pct,bwa (DA71) (942),bwa (DA71) (942),2822953,942
,,0,2023-05-13T12:43:20.025536841Z,2023-06-12T12:43:20.025536841Z,2023-06-06T18:00:23.531745993Z,750.7855,docker_cpu_usage_pct,bwa (DA71) (942),bwa (DA71) (942),2822953,942
,,0,2023-05-13T12:43:20.025536841Z,2023-06-12T12:43:20.025536841Z,2023-06-06T18:00:26.531850613Z,755.8457,docker_cpu_usage_pct,bwa (DA71) (942),bwa (DA71) (942),2822953,942
,,0,2023-05-13T12:43:20.025536841Z,2023-06-12T12:43:20.025536841Z,2023-06-06T18:00:29.531762737Z,768.3681,docker_cpu_usage_pct,bwa (DA71) (942),bwa (DA71) (942),2822953,942
,,0,2023-05-13T12:43:20.025536841Z,2023-06-12T12:43:20.025536841Z,2023-06-06T18:00:32.531706702Z,765.2765,docker_cpu_usage_pct,bwa (DA71) (942),bwa (DA71) (942),2822953,942
,,0,2023-05-13T12:43:20.025536841Z,2023-06-12T12:43:20.025536841Z,2023-06-06T18:00:35.531597265Z,761.8625,docker_cpu_usage_pct,bwa (DA71) (942),bwa (DA71) (942),2822953,942
,,0,2023-05-13T12:43:20.025536841Z,2023-06-12T12:43:20.025536841Z,2023-06-06T18:00:37.541080935Z,799.2278,docker_cpu_usage_pct,bwa (DA71) (942),bwa (DA71) (942),2822953,942
,,0,2023-05-13T12:43:20.025536841Z,2023-06-12T12:43:20.025536841Z,2023-06-06T18:00:40.532995178Z,797.684,docker_cpu_usage_pct,bwa (DA71) (942),bwa (DA71) (942),2822953,942
,,0,2023-05-13T12:43:20.025536841Z,2023-06-12T12:43:20.025536841Z,2023-06-06T18:00:43.531470875Z,798.5674,docker_cpu_usage_pct,bwa (DA71) (942),bwa (DA71) (942),2822953,942
,,0,2023-05-13T12:43:20.025536841Z,2023-06-12T12:43:20.025536841Z,2023-06-06T18:00:45.532181809Z,802.6441,docker_cpu_usage_pct,bwa (DA71) (942),bwa (DA71) (942),2822953,942
,,0,2023-05-13T12:43:20.025536841Z,2023-06-12T12:43:20.025536841Z,2023-06-06T18:00:48.531676588Z,798.2668,docker_cpu_usage_pct,bwa (DA71) (942),bwa (DA71) (942),2822953,942
,,0,2023-05-13T12:43:20.025536841Z,2023-06-12T12:43:20.025536841Z,2023-06-06T18:00:49.53247296Z,798.5262,docker_cpu_usage_pct,bwa (DA71) (942),bwa (DA71) (942),2822953,942
,,0,2023-05-13T12:43:20.025536841Z,2023-06-12T12:43:20.025536841Z,2023-06-06T18:00:52.537348354Z,795.6161,docker_cpu_usage_pct,bwa (DA71) (942),bwa (DA71) (942),2822953,942
,,0,2023-05-13T12:43:20.025536841Z,2023-06-12T12:43:20.025536841Z,2023-06-06T18:00:54.53200045Z,792.6178,docker_cpu_usage_pct,bwa (DA71) (942),bwa (DA71) (942),2822953,942
,,0,2023-05-13T12:43:20.025536841Z,2023-06-12T12:43:20.025536841Z,2023-06-06T18:00:56.531979461Z,799.0296,docker_cpu_usage_pct,bwa (DA71) (942),bwa (DA71) (942),2822953,942
,,0,2023-05-13T12:43:20.025536841Z,2023-06-12T12:43:20.025536841Z,2023-06-06T18:00:58.531844597Z,798.2815,docker_cpu_usage_pct,bwa (DA71) (942),bwa (DA71) (942),2822953,942
,,0,2023-05-13T12:43:20.025536841Z,2023-06-12T12:43:20.025536841Z,2023-06-06T18:01:01.545123664Z,781.2907,docker_cpu_usage_pct,bwa (DA71) (942),bwa (DA71) (942),2822953,942
,,0,2023-05-13T12:43:20.025536841Z,2023-06-12T12:43:20.025536841Z,2023-06-06T18:01:05.545106044Z,776.3837,docker_cpu_usage_pct,bwa (DA71) (942),bwa (DA71) (942),2822953,942
,,0,2023-05-13T12:43:20.025536841Z,2023-06-12T12:43:20.025536841Z,2023-06-06T18:01:07.537236528Z,799.6022,docker_cpu_usage_pct,bwa (DA71) (942),bwa (DA71) (942),2822953,942
,,0,2023-05-13T12:43:20.025536841Z,2023-06-12T12:43:20.025536841Z,2023-06-06T18:01:11.531868864Z,796.8297,docker_cpu_usage_pct,bwa (DA71) (942),bwa (DA71) (942),2822953,942
,,0,2023-05-13T12:43:20.025536841Z,2023-06-12T12:43:20.025536841Z,2023-06-06T18:01:14.531564329Z,762.2161,docker_cpu_usage_pct,bwa (DA71) (942),bwa (DA71) (942),2822953,942
,,0,2023-05-13T12:43:20.025536841Z,2023-06-12T12:43:20.025536841Z,2023-06-06T18:01:16.533448781Z,299.9583,docker_cpu_usage_pct,bwa (DA71) (942),bwa (DA71) (942),2822953,942
,,0,2023-05-13T12:43:20.025536841Z,2023-06-12T12:43:20.025536841Z,2023-06-06T18:01:18.532091916Z,127.0155,docker_cpu_usage_pct,bwa (DA71) (942),bwa (DA71) (942),2822953,942
,,0,2023-05-13T12:43:20.025536841Z,2023-06-12T12:43:20.025536841Z,2023-06-06T18:01:21.532278417Z,796.5773,docker_cpu_usage_pct,bwa (DA71) (942),bwa (DA71) (942),2822953,942
,,0,2023-05-13T12:43:20.025536841Z,2023-06-12T12:43:20.025536841Z,2023-06-06T18:01:24.545158711Z,776.5568,docker_cpu_usage_pct,bwa (DA71) (942),bwa (DA71) (942),2822953,942
,,0,2023-05-13T12:43:20.025536841Z,2023-06-12T12:43:20.025536841Z,2023-06-06T18:01:28.531740444Z,779.2244,docker_cpu_usage_pct,bwa (DA71) (942),bwa (DA71) (942),2822953,942
,,0,2023-05-13T12:43:20.025536841Z,2023-06-12T12:43:20.025536841Z,2023-06-06T18:01:30.54421673Z,796.1794,docker_cpu_usage_pct,bwa (DA71) (942),bwa (DA71) (942),2822953,942
,,0,2023-05-13T12:43:20.025536841Z,2023-06-12T12:43:20.025536841Z,2023-06-06T18:01:34.531719722Z,798.8794,docker_cpu_usage_pct,bwa (DA71) (942),bwa (DA71) (942),2822953,942
,,0,2023-05-13T12:43:20.025536841Z,2023-06-12T12:43:20.025536841Z,2023-06-06T18:01:36.541254742Z,797.5895,docker_cpu_usage_pct,bwa (DA71) (942),bwa (DA71) (942),2822953,942
,,0,2023-05-13T12:43:20.025536841Z,2023-06-12T12:43:20.025536841Z,2023-06-06T18:01:39.531645454Z,794.2984,docker_cpu_usage_pct,bwa (DA71) (942),bwa (DA71) (942),2822953,942
,,0,2023-05-13T12:43:20.025536841Z,2023-06-12T12:43:20.025536841Z,2023-06-06T18:01:41.532370377Z,799.7231,docker_cpu_usage_pct,bwa (DA71) (942),bwa (DA71) (942),2822953,942
,,0,2023-05-13T12:43:20.025536841Z,2023-06-12T12:43:20.025536841Z,2023-06-06T18:01:44.536802125Z,768.9091,docker_cpu_usage_pct,bwa (DA71) (942),bwa (DA71) (942),2822953,942
,,0,2023-05-13T12:43:20.025536841Z,2023-06-12T12:43:20.025536841Z,2023-06-06T18:01:47.531684372Z,796.9459,docker_cpu_usage_pct,bwa (DA71) (942),bwa (DA71) (942),2822953,942
,,0,2023-05-13T12:43:20.025536841Z,2023-06-12T12:43:20.025536841Z,2023-06-06T18:01:49.531588658Z,796.6986,docker_cpu_usage_pct,bwa (DA71) (942),bwa (DA71) (942),2822953,942
,,0,2023-05-13T12:43:20.025536841Z,2023-06-12T12:43:20.025536841Z,2023-06-06T18:01:51.532184087Z,798.4402,docker_cpu_usage_pct,bwa (DA71) (942),bwa (DA71) (942),2822953,942
,,0,2023-05-13T12:43:20.025536841Z,2023-06-12T12:43:20.025536841Z,2023-06-06T18:01:53.537273222Z,799.2678,docker_cpu_usage_pct,bwa (DA71) (942),bwa (DA71) (942),2822953,942
,,0,2023-05-13T12:43:20.025536841Z,2023-06-12T12:43:20.025536841Z,2023-06-06T18:01:56.537363618Z,797.0907,docker_cpu_usage_pct,bwa (DA71) (942),bwa (DA71) (942),2822953,942
,,0,2023-05-13T12:43:20.025536841Z,2023-06-12T12:43:20.025536841Z,2023-06-06T18:01:59.533684752Z,796.6131,docker_cpu_usage_pct,bwa (DA71) (942),bwa (DA71) (942),2822953,942
,,0,2023-05-13T12:43:20.025536841Z,2023-06-12T12:43:20.025536841Z,2023-06-06T18:02:02.541289903Z,790.5037,docker_cpu_usage_pct,bwa (DA71) (942),bwa (DA71) (942),2822953,942
,,0,2023-05-13T12:43:20.025536841Z,2023-06-12T12:43:20.025536841Z,2023-06-06T18:02:05.541311947Z,792.5488,docker_cpu_usage_pct,bwa (DA71) (942),bwa (DA71) (942),2822953,942
,,0,2023-05-13T12:43:20.025536841Z,2023-06-12T12:43:20.025536841Z,2023-06-06T18:02:08.537269179Z,796.9904,docker_cpu_usage_pct,bwa (DA71) (942),bwa (DA71) (942),2822953,942
,,0,2023-05-13T12:43:20.025536841Z,2023-06-12T12:43:20.025536841Z,2023-06-06T18:02:11.537290473Z,790.77,docker_cpu_usage_pct,bwa (DA71) (942),bwa (DA71) (942),2822953,942
,,0,2023-05-13T12:43:20.025536841Z,2023-06-12T12:43:20.025536841Z,2023-06-06T18:02:14.541340568Z,797.6349,docker_cpu_usage_pct,bwa (DA71) (942),bwa (DA71) (942),2822953,942
,,0,2023-05-13T12:43:20.025536841Z,2023-06-12T12:43:20.025536841Z,2023-06-06T18:02:17.54131796Z,793.9848,docker_cpu_usage_pct,bwa (DA71) (942),bwa (DA71) (942),2822953,942
,,0,2023-05-13T12:43:20.025536841Z,2023-06-12T12:43:20.025536841Z,2023-06-06T18:02:20.541337964Z,793.244,docker_cpu_usage_pct,bwa (DA71) (942),bwa (DA71) (942),2822953,942
,,0,2023-05-13T12:43:20.025536841Z,2023-06-12T12:43:20.025536841Z,2023-06-06T18:02:23.541341036Z,795.5633,docker_cpu_usage_pct,bwa (DA71) (942),bwa (DA71) (942),2822953,942
,,0,2023-05-13T12:43:20.025536841Z,2023-06-12T12:43:20.025536841Z,2023-06-06T18:02:26.541324509Z,790.7506,docker_cpu_usage_pct,bwa (DA71) (942),bwa (DA71) (942),2822953,942
,,0,2023-05-13T12:43:20.025536841Z,2023-06-12T12:43:20.025536841Z,2023-06-06T18:02:29.53728673Z,801.4623,docker_cpu_usage_pct,bwa (DA71) (942),bwa (DA71) (942),2822953,942
,,0,2023-05-13T12:43:20.025536841Z,2023-06-12T12:43:20.025536841Z,2023-06-06T18:02:32.541250421Z,786.5591,docker_cpu_usage_pct,bwa (DA71) (942),bwa (DA71) (942),2822953,942
,,0,2023-05-13T12:43:20.025536841Z,2023-06-12T12:43:20.025536841Z,2023-06-06T18:02:35.531674032Z,796.2622,docker_cpu_usage_pct,bwa (DA71) (942),bwa (DA71) (942),2822953,942
,,0,2023-05-13T12:43:20.025536841Z,2023-06-12T12:43:20.025536841Z,2023-06-06T18:02:38.538762846Z,737.9471,docker_cpu_usage_pct,bwa (DA71) (942),bwa (DA71) (942),2822953,942
,,0,2023-05-13T12:43:20.025536841Z,2023-06-12T12:43:20.025536841Z,2023-06-06T18:02:41.531544523Z,587.6355,docker_cpu_usage_pct,bwa (DA71) (942),bwa (DA71) (942),2822953,942
,,0,2023-05-13T12:43:20.025536841Z,2023-06-12T12:43:20.025536841Z,2023-06-06T18:02:43.532205474Z,499.9668,docker_cpu_usage_pct,bwa (DA71) (942),bwa (DA71) (942),2822953,942
,,0,2023-05-13T12:43:20.025536841Z,2023-06-12T12:43:20.025536841Z,2023-06-06T18:02:45.532040677Z,397.9138,docker_cpu_usage_pct,bwa (DA71) (942),bwa (DA71) (942),2822953,942
,,0,2023-05-13T12:43:20.025536841Z,2023-06-12T12:43:20.025536841Z,2023-06-06T18:02:47.531778226Z,208.5555,docker_cpu_usage_pct,bwa (DA71) (942),bwa (DA71) (942),2822953,942
,,0,2023-05-13T12:43:20.025536841Z,2023-06-12T12:43:20.025536841Z,2023-06-06T18:02:49.531520006Z,97.4523,docker_cpu_usage_pct,bwa (DA71) (942),bwa (DA71) (942),2822953,942
,,0,2023-05-13T12:43:20.025536841Z,2023-06-12T12:43:20.025536841Z,2023-06-06T18:02:52.531561149Z,798.6342,docker_cpu_usage_pct,bwa (DA71) (942),bwa (DA71) (942),2822953,942
,,0,2023-05-13T12:43:20.025536841Z,2023-06-12T12:43:20.025536841Z,2023-06-06T18:02:55.532589764Z,795.5254,docker_cpu_usage_pct,bwa (DA71) (942),bwa (DA71) (942),2822953,942
,,0,2023-05-13T12:43:20.025536841Z,2023-06-12T12:43:20.025536841Z,2023-06-06T18:02:58.531714127Z,794.6074,docker_cpu_usage_pct,bwa (DA71) (942),bwa (DA71) (942),2822953,942
,,0,2023-05-13T12:43:20.025536841Z,2023-06-12T12:43:20.025536841Z,2023-06-06T18:03:00.533041968Z,798.2876,docker_cpu_usage_pct,bwa (DA71) (942),bwa (DA71) (942),2822953,942
,,0,2023-05-13T12:43:20.025536841Z,2023-06-12T12:43:20.025536841Z,2023-06-06T18:03:02.532296052Z,796.5483,docker_cpu_usage_pct,bwa (DA71) (942),bwa (DA71) (942),2822953,942
,,0,2023-05-13T12:43:20.025536841Z,2023-06-12T12:43:20.025536841Z,2023-06-06T18:03:04.531965299Z,799.7333,docker_cpu_usage_pct,bwa (DA71) (942),bwa (DA71) (942),2822953,942
,,0,2023-05-13T12:43:20.025536841Z,2023-06-12T12:43:20.025536841Z,2023-06-06T18:03:06.531875253Z,798.5284,docker_cpu_usage_pct,bwa (DA71) (942),bwa (DA71) (942),2822953,942
,,0,2023-05-13T12:43:20.025536841Z,2023-06-12T12:43:20.025536841Z,2023-06-06T18:03:09.541286711Z,789.9649,docker_cpu_usage_pct,bwa (DA71) (942),bwa (DA71) (942),2822953,942
,,0,2023-05-13T12:43:20.025536841Z,2023-06-12T12:43:20.025536841Z,2023-06-06T18:03:12.541259181Z,796.0338,docker_cpu_usage_pct,bwa (DA71) (942),bwa (DA71) (942),2822953,942
,,0,2023-05-13T12:43:20.025536841Z,2023-06-12T12:43:20.025536841Z,2023-06-06T18:03:15.541296584Z,795.664,docker_cpu_usage_pct,bwa (DA71) (942),bwa (DA71) (942),2822953,942
,,0,2023-05-13T12:43:20.025536841Z,2023-06-12T12:43:20.025536841Z,2023-06-06T18:03:18.541362017Z,792.9627,docker_cpu_usage_pct,bwa (DA71) (942),bwa (DA71) (942),2822953,942
,,0,2023-05-13T12:43:20.025536841Z,2023-06-12T12:43:20.025536841Z,2023-06-06T18:03:21.537298296Z,786.8884,docker_cpu_usage_pct,bwa (DA71) (942),bwa (DA71) (942),2822953,942
,,0,2023-05-13T12:43:20.025536841Z,2023-06-12T12:43:20.025536841Z,2023-06-06T18:03:24.532242873Z,798.5683,docker_cpu_usage_pct,bwa (DA71) (942),bwa (DA71) (942),2822953,942
,,0,2023-05-13T12:43:20.025536841Z,2023-06-12T12:43:20.025536841Z,2023-06-06T18:03:27.545162684Z,770.1493,docker_cpu_usage_pct,bwa (DA71) (942),bwa (DA71) (942),2822953,942
,,0,2023-05-13T12:43:20.025536841Z,2023-06-12T12:43:20.025536841Z,2023-06-06T18:03:30.531603494Z,798.6126,docker_cpu_usage_pct,bwa (DA71) (942),bwa (DA71) (942),2822953,942
,,0,2023-05-13T12:43:20.025536841Z,2023-06-12T12:43:20.025536841Z,2023-06-06T18:03:33.531695948Z,796.1186,docker_cpu_usage_pct,bwa (DA71) (942),bwa (DA71) (942),2822953,942
,,0,2023-05-13T12:43:20.025536841Z,2023-06-12T12:43:20.025536841Z,2023-06-06T18:03:36.537344062Z,773.5016,docker_cpu_usage_pct,bwa (DA71) (942),bwa (DA71) (942),2822953,942
,,0,2023-05-13T12:43:20.025536841Z,2023-06-12T12:43:20.025536841Z,2023-06-06T18:03:39.541344263Z,791.1435,docker_cpu_usage_pct,bwa (DA71) (942),bwa (DA71) (942),2822953,942
,,0,2023-05-13T12:43:20.025536841Z,2023-06-12T12:43:20.025536841Z,2023-06-06T18:03:42.545133986Z,795.459,docker_cpu_usage_pct,bwa (DA71) (942),bwa (DA71) (942),2822953,942
,,0,2023-05-13T12:43:20.025536841Z,2023-06-12T12:43:20.025536841Z,2023-06-06T18:03:45.533722336Z,796.4289,docker_cpu_usage_pct,bwa (DA71) (942),bwa (DA71) (942),2822953,942
,,0,2023-05-13T12:43:20.025536841Z,2023-06-12T12:43:20.025536841Z,2023-06-06T18:03:48.531577367Z,795.5916,docker_cpu_usage_pct,bwa (DA71) (942),bwa (DA71) (942),2822953,942
,,0,2023-05-13T12:43:20.025536841Z,2023-06-12T12:43:20.025536841Z,2023-06-06T18:03:50.533977401Z,798.4198,docker_cpu_usage_pct,bwa (DA71) (942),bwa (DA71) (942),2822953,942
,,0,2023-05-13T12:43:20.025536841Z,2023-06-12T12:43:20.025536841Z,2023-06-06T18:03:52.545157062Z,798.7977,docker_cpu_usage_pct,bwa (DA71) (942),bwa (DA71) (942),2822953,942
,,0,2023-05-13T12:43:20.025536841Z,2023-06-12T12:43:20.025536841Z,2023-06-06T18:03:54.532126785Z,751.5905,docker_cpu_usage_pct,bwa (DA71) (942),bwa (DA71) (942),2822953,942
,,0,2023-05-13T12:43:20.025536841Z,2023-06-12T12:43:20.025536841Z,2023-06-06T18:03:57.531848516Z,688.3973,docker_cpu_usage_pct,bwa (DA71) (942),bwa (DA71) (942),2822953,942
,,0,2023-05-13T12:43:20.025536841Z,2023-06-12T12:43:20.025536841Z,2023-06-06T18:03:59.531732759Z,698.9419,docker_cpu_usage_pct,bwa (DA71) (942),bwa (DA71) (942),2822953,942
,,0,2023-05-13T12:43:20.025536841Z,2023-06-12T12:43:20.025536841Z,2023-06-06T18:04:02.537256109Z,401.5332,docker_cpu_usage_pct,bwa (DA71) (942),bwa (DA71) (942),2822953,942
,,0,2023-05-13T12:43:20.025536841Z,2023-06-12T12:43:20.025536841Z,2023-06-06T18:04:04.531901221Z,398.5207,docker_cpu_usage_pct,bwa (DA71) (942),bwa (DA71) (942),2822953,942
,,0,2023-05-13T12:43:20.025536841Z,2023-06-12T12:43:20.025536841Z,2023-06-06T18:04:06.531610348Z,214.7519,docker_cpu_usage_pct,bwa (DA71) (942),bwa (DA71) (942),2822953,942
,,0,2023-05-13T12:43:20.025536841Z,2023-06-12T12:43:20.025536841Z,2023-06-06T18:04:08.545208657Z,100.0619,docker_cpu_usage_pct,bwa (DA71) (942),bwa (DA71) (942),2822953,942
,,0,2023-05-13T12:43:20.025536841Z,2023-06-12T12:43:20.025536841Z,2023-06-06T18:04:11.531900664Z,675.766,docker_cpu_usage_pct,bwa (DA71) (942),bwa (DA71) (942),2822953,942
,,0,2023-05-13T12:43:20.025536841Z,2023-06-12T12:43:20.025536841Z,2023-06-06T18:04:13.531747515Z,798.43,docker_cpu_usage_pct,bwa (DA71) (942),bwa (DA71) (942),2822953,942
,,0,2023-05-13T12:43:20.025536841Z,2023-06-12T12:43:20.025536841Z,2023-06-06T18:04:15.531595157Z,794.2826,docker_cpu_usage_pct,bwa (DA71) (942),bwa (DA71) (942),2822953,942
,,0,2023-05-13T12:43:20.025536841Z,2023-06-12T12:43:20.025536841Z,2023-06-06T18:04:17.532477522Z,798.3902,docker_cpu_usage_pct,bwa (DA71) (942),bwa (DA71) (942),2822953,942
,,0,2023-05-13T12:43:20.025536841Z,2023-06-12T12:43:20.025536841Z,2023-06-06T18:04:19.532038974Z,798.6333,docker_cpu_usage_pct,bwa (DA71) (942),bwa (DA71) (942),2822953,942
,,0,2023-05-13T12:43:20.025536841Z,2023-06-12T12:43:20.025536841Z,2023-06-06T18:04:21.537079124Z,799.5383,docker_cpu_usage_pct,bwa (DA71) (942),bwa (DA71) (942),2822953,942
,,0,2023-05-13T12:43:20.025536841Z,2023-06-12T12:43:20.025536841Z,2023-06-06T18:04:24.54128652Z,772.6606,docker_cpu_usage_pct,bwa (DA71) (942),bwa (DA71) (942),2822953,942
,,0,2023-05-13T12:43:20.025536841Z,2023-06-12T12:43:20.025536841Z,2023-06-06T18:04:27.537373093Z,783.5714,docker_cpu_usage_pct,bwa (DA71) (942),bwa (DA71) (942),2822953,942
,,0,2023-05-13T12:43:20.025536841Z,2023-06-12T12:43:20.025536841Z,2023-06-06T18:04:30.537373132Z,746.4374,docker_cpu_usage_pct,bwa (DA71) (942),bwa (DA71) (942),2822953,942
,,0,2023-05-13T12:43:20.025536841Z,2023-06-12T12:43:20.025536841Z,2023-06-06T18:04:33.537249598Z,726.3455,docker_cpu_usage_pct,bwa (DA71) (942),bwa (DA71) (942),2822953,942
,,0,2023-05-13T12:43:20.025536841Z,2023-06-12T12:43:20.025536841Z,2023-06-06T18:04:36.537263837Z,785.3463,docker_cpu_usage_pct,bwa (DA71) (942),bwa (DA71) (942),2822953,942
,,0,2023-05-13T12:43:20.025536841Z,2023-06-12T12:43:20.025536841Z,2023-06-06T18:04:38.532102376Z,802.6495,docker_cpu_usage_pct,bwa (DA71) (942),bwa (DA71) (942),2822953,942
,,0,2023-05-13T12:43:20.025536841Z,2023-06-12T12:43:20.025536841Z,2023-06-06T18:04:41.533364935Z,798.3945,docker_cpu_usage_pct,bwa (DA71) (942),bwa (DA71) (942),2822953,942
,,0,2023-05-13T12:43:20.025536841Z,2023-06-12T12:43:20.025536841Z,2023-06-06T18:04:44.541134637Z,771.8508,docker_cpu_usage_pct,bwa (DA71) (942),bwa (DA71) (942),2822953,942
,,0,2023-05-13T12:43:20.025536841Z,2023-06-12T12:43:20.025536841Z,2023-06-06T18:04:47.541125106Z,792.0405,docker_cpu_usage_pct,bwa (DA71) (942),bwa (DA71) (942),2822953,942
,,0,2023-05-13T12:43:20.025536841Z,2023-06-12T12:43:20.025536841Z,2023-06-06T18:04:50.545144785Z,784.814,docker_cpu_usage_pct,bwa (DA71) (942),bwa (DA71) (942),2822953,942
,,0,2023-05-13T12:43:20.025536841Z,2023-06-12T12:43:20.025536841Z,2023-06-06T18:04:53.545132234Z,790.0234,docker_cpu_usage_pct,bwa (DA71) (942),bwa (DA71) (942),2822953,942
,,0,2023-05-13T12:43:20.025536841Z,2023-06-12T12:43:20.025536841Z,2023-06-06T18:04:56.541120152Z,789.3325,docker_cpu_usage_pct,bwa (DA71) (942),bwa (DA71) (942),2822953,942
,,0,2023-05-13T12:43:20.025536841Z,2023-06-12T12:43:20.025536841Z,2023-06-06T18:04:59.53742068Z,782.8583,docker_cpu_usage_pct,bwa (DA71) (942),bwa (DA71) (942),2822953,942
,,0,2023-05-13T12:43:20.025536841Z,2023-06-12T12:43:20.025536841Z,2023-06-06T18:05:02.545109329Z,782.0887,docker_cpu_usage_pct,bwa (DA71) (942),bwa (DA71) (942),2822953,942
,,0,2023-05-13T12:43:20.025536841Z,2023-06-12T12:43:20.025536841Z,2023-06-06T18:05:05.545061056Z,792.6666,docker_cpu_usage_pct,bwa (DA71) (942),bwa (DA71) (942),2822953,942
,,0,2023-05-13T12:43:20.025536841Z,2023-06-12T12:43:20.025536841Z,2023-06-06T18:05:08.532079762Z,797.6819,docker_cpu_usage_pct,bwa (DA71) (942),bwa (DA71) (942),2822953,942
,,0,2023-05-13T12:43:20.025536841Z,2023-06-12T12:43:20.025536841Z,2023-06-06T18:05:10.532075177Z,798.563,docker_cpu_usage_pct,bwa (DA71) (942),bwa (DA71) (942),2822953,942
,,0,2023-05-13T12:43:20.025536841Z,2023-06-12T12:43:20.025536841Z,2023-06-06T18:05:12.531777103Z,801.4933,docker_cpu_usage_pct,bwa (DA71) (942),bwa (DA71) (942),2822953,942
,,0,2023-05-13T12:43:20.025536841Z,2023-06-12T12:43:20.025536841Z,2023-06-06T18:05:14.545160484Z,794.9781,docker_cpu_usage_pct,bwa (DA71) (942),bwa (DA71) (942),2822953,942
,,0,2023-05-13T12:43:20.025536841Z,2023-06-12T12:43:20.025536841Z,2023-06-06T18:05:17.545064779Z,791.355,docker_cpu_usage_pct,bwa (DA71) (942),bwa (DA71) (942),2822953,942
,,0,2023-05-13T12:43:20.025536841Z,2023-06-12T12:43:20.025536841Z,2023-06-06T18:05:20.537298045Z,786.2828,docker_cpu_usage_pct,bwa (DA71) (942),bwa (DA71) (942),2822953,942
,,0,2023-05-13T12:43:20.025536841Z,2023-06-12T12:43:20.025536841Z,2023-06-06T18:05:22.532072801Z,500.7174,docker_cpu_usage_pct,bwa (DA71) (942),bwa (DA71) (942),2822953,942
,,0,2023-05-13T12:43:20.025536841Z,2023-06-12T12:43:20.025536841Z,2023-06-06T18:05:24.531651872Z,200.541,docker_cpu_usage_pct,bwa (DA71) (942),bwa (DA71) (942),2822953,942
,,0,2023-05-13T12:43:20.025536841Z,2023-06-12T12:43:20.025536841Z,2023-06-06T18:05:26.533544199Z,100.2309,docker_cpu_usage_pct,bwa (DA71) (942),bwa (DA71) (942),2822953,942
,,0,2023-05-13T12:43:20.025536841Z,2023-06-12T12:43:20.025536841Z,2023-06-06T18:05:28.533524404Z,100.2075,docker_cpu_usage_pct,bwa (DA71) (942),bwa (DA71) (942),2822953,942
,,0,2023-05-13T12:43:20.025536841Z,2023-06-12T12:43:20.025536841Z,2023-06-06T18:05:30.532063742Z,464.993,docker_cpu_usage_pct,bwa (DA71) (942),bwa (DA71) (942),2822953,942
,,0,2023-05-13T12:43:20.025536841Z,2023-06-12T12:43:20.025536841Z,2023-06-06T18:05:32.533188173Z,798.9094,docker_cpu_usage_pct,bwa (DA71) (942),bwa (DA71) (942),2822953,942
,,0,2023-05-13T12:43:20.025536841Z,2023-06-12T12:43:20.025536841Z,2023-06-06T18:05:34.545140907Z,799.809,docker_cpu_usage_pct,bwa (DA71) (942),bwa (DA71) (942),2822953,942
,,0,2023-05-13T12:43:20.025536841Z,2023-06-12T12:43:20.025536841Z,2023-06-06T18:05:36.545097891Z,763.649,docker_cpu_usage_pct,bwa (DA71) (942),bwa (DA71) (942),2822953,942
,,0,2023-05-13T12:43:20.025536841Z,2023-06-12T12:43:20.025536841Z,2023-06-06T18:05:39.54513289Z,762.0616,docker_cpu_usage_pct,bwa (DA71) (942),bwa (DA71) (942),2822953,942
,,0,2023-05-13T12:43:20.025536841Z,2023-06-12T12:43:20.025536841Z,2023-06-06T18:05:42.545082796Z,765.4798,docker_cpu_usage_pct,bwa (DA71) (942),bwa (DA71) (942),2822953,942
,,0,2023-05-13T12:43:20.025536841Z,2023-06-12T12:43:20.025536841Z,2023-06-06T18:05:46.545081726Z,734.3992,docker_cpu_usage_pct,bwa (DA71) (942),bwa (DA71) (942),2822953,942
,,0,2023-05-13T12:43:20.025536841Z,2023-06-12T12:43:20.025536841Z,2023-06-06T18:05:48.545118262Z,767.116,docker_cpu_usage_pct,bwa (DA71) (942),bwa (DA71) (942),2822953,942
,,0,2023-05-13T12:43:20.025536841Z,2023-06-12T12:43:20.025536841Z,2023-06-06T18:05:52.541034469Z,761.0465,docker_cpu_usage_pct,bwa (DA71) (942),bwa (DA71) (942),2822953,942
,,0,2023-05-13T12:43:20.025536841Z,2023-06-12T12:43:20.025536841Z,2023-06-06T18:05:55.541314016Z,757.792,docker_cpu_usage_pct,bwa (DA71) (942),bwa (DA71) (942),2822953,942
,,0,2023-05-13T12:43:20.025536841Z,2023-06-12T12:43:20.025536841Z,2023-06-06T18:05:57.531990778Z,786.341,docker_cpu_usage_pct,bwa (DA71) (942),bwa (DA71) (942),2822953,942
,,0,2023-05-13T12:43:20.025536841Z,2023-06-12T12:43:20.025536841Z,2023-06-06T18:05:59.531752375Z,792.3004,docker_cpu_usage_pct,bwa (DA71) (942),bwa (DA71) (942),2822953,942
,,0,2023-05-13T12:43:20.025536841Z,2023-06-12T12:43:20.025536841Z,2023-06-06T18:06:02.545107816Z,797.3003,docker_cpu_usage_pct,bwa (DA71) (942),bwa (DA71) (942),2822953,942
,,0,2023-05-13T12:43:20.025536841Z,2023-06-12T12:43:20.025536841Z,2023-06-06T18:06:05.541113964Z,791.3808,docker_cpu_usage_pct,bwa (DA71) (942),bwa (DA71) (942),2822953,942
,,0,2023-05-13T12:43:20.025536841Z,2023-06-12T12:43:20.025536841Z,2023-06-06T18:06:08.545157052Z,794.1768,docker_cpu_usage_pct,bwa (DA71) (942),bwa (DA71) (942),2822953,942
,,0,2023-05-13T12:43:20.025536841Z,2023-06-12T12:43:20.025536841Z,2023-06-06T18:06:11.545213861Z,797.9956,docker_cpu_usage_pct,bwa (DA71) (942),bwa (DA71) (942),2822953,942
,,0,2023-05-13T12:43:20.025536841Z,2023-06-12T12:43:20.025536841Z,2023-06-06T18:06:14.545150416Z,797.2045,docker_cpu_usage_pct,bwa (DA71) (942),bwa (DA71) (942),2822953,942
,,0,2023-05-13T12:43:20.025536841Z,2023-06-12T12:43:20.025536841Z,2023-06-06T18:06:17.531639854Z,792.2374,docker_cpu_usage_pct,bwa (DA71) (942),bwa (DA71) (942),2822953,942
,,0,2023-05-13T12:43:20.025536841Z,2023-06-12T12:43:20.025536841Z,2023-06-06T18:06:19.532398173Z,417.9455,docker_cpu_usage_pct,bwa (DA71) (942),bwa (DA71) (942),2822953,942
,,0,2023-05-13T12:43:20.025536841Z,2023-06-12T12:43:20.025536841Z,2023-06-06T18:06:21.532350166Z,232.9892,docker_cpu_usage_pct,bwa (DA71) (942),bwa (DA71) (942),2822953,942
,,0,2023-05-13T12:43:20.025536841Z,2023-06-12T12:43:20.025536841Z,2023-06-06T18:06:24.531795955Z,197.5434,docker_cpu_usage_pct,bwa (DA71) (942),bwa (DA71) (942),2822953,942
,,0,2023-05-13T12:43:20.025536841Z,2023-06-12T12:43:20.025536841Z,2023-06-06T18:06:26.545113253Z,792.8681,docker_cpu_usage_pct,bwa (DA71) (942),bwa (DA71) (942),2822953,942
,,0,2023-05-13T12:43:20.025536841Z,2023-06-12T12:43:20.025536841Z,2023-06-06T18:06:28.532353112Z,769.7504,docker_cpu_usage_pct,bwa (DA71) (942),bwa (DA71) (942),2822953,942
,,0,2023-05-13T12:43:20.025536841Z,2023-06-12T12:43:20.025536841Z,2023-06-06T18:06:30.531614353Z,793.3364,docker_cpu_usage_pct,bwa (DA71) (942),bwa (DA71) (942),2822953,942
,,0,2023-05-13T12:43:20.025536841Z,2023-06-12T12:43:20.025536841Z,2023-06-06T18:06:32.531616327Z,798.4862,docker_cpu_usage_pct,bwa (DA71) (942),bwa (DA71) (942),2822953,942
,,0,2023-05-13T12:43:20.025536841Z,2023-06-12T12:43:20.025536841Z,2023-06-06T18:06:36.531772211Z,795.1987,docker_cpu_usage_pct,bwa (DA71) (942),bwa (DA71) (942),2822953,942
,,0,2023-05-13T12:43:20.025536841Z,2023-06-12T12:43:20.025536841Z,2023-06-06T18:06:39.531661134Z,794.5751,docker_cpu_usage_pct,bwa (DA71) (942),bwa (DA71) (942),2822953,942
,,0,2023-05-13T12:43:20.025536841Z,2023-06-12T12:43:20.025536841Z,2023-06-06T18:06:41.531742861Z,792.7677,docker_cpu_usage_pct,bwa (DA71) (942),bwa (DA71) (942),2822953,942
,,0,2023-05-13T12:43:20.025536841Z,2023-06-12T12:43:20.025536841Z,2023-06-06T18:06:44.531671245Z,796.5843,docker_cpu_usage_pct,bwa (DA71) (942),bwa (DA71) (942),2822953,942
,,0,2023-05-13T12:43:20.025536841Z,2023-06-12T12:43:20.025536841Z,2023-06-06T18:06:47.531746464Z,795.6848,docker_cpu_usage_pct,bwa (DA71) (942),bwa (DA71) (942),2822953,942
,,0,2023-05-13T12:43:20.025536841Z,2023-06-12T12:43:20.025536841Z,2023-06-06T18:06:50.541140206Z,778.5991,docker_cpu_usage_pct,bwa (DA71) (942),bwa (DA71) (942),2822953,942
,,0,2023-05-13T12:43:20.025536841Z,2023-06-12T12:43:20.025536841Z,2023-06-06T18:06:53.541201674Z,796.3141,docker_cpu_usage_pct,bwa (DA71) (942),bwa (DA71) (942),2822953,942
,,0,2023-05-13T12:43:20.025536841Z,2023-06-12T12:43:20.025536841Z,2023-06-06T18:06:56.545059466Z,799.8224,docker_cpu_usage_pct,bwa (DA71) (942),bwa (DA71) (942),2822953,942
,,0,2023-05-13T12:43:20.025536841Z,2023-06-12T12:43:20.025536841Z,2023-06-06T18:06:59.541100473Z,798.5341,docker_cpu_usage_pct,bwa (DA71) (942),bwa (DA71) (942),2822953,942
,,0,2023-05-13T12:43:20.025536841Z,2023-06-12T12:43:20.025536841Z,2023-06-06T18:07:02.545061758Z,797.081,docker_cpu_usage_pct,bwa (DA71) (942),bwa (DA71) (942),2822953,942
,,0,2023-05-13T12:43:20.025536841Z,2023-06-12T12:43:20.025536841Z,2023-06-06T18:07:05.545180298Z,797.6653,docker_cpu_usage_pct,bwa (DA71) (942),bwa (DA71) (942),2822953,942
,,0,2023-05-13T12:43:20.025536841Z,2023-06-12T12:43:20.025536841Z,2023-06-06T18:07:08.533027039Z,795.4574,docker_cpu_usage_pct,bwa (DA71) (942),bwa (DA71) (942),2822953,942
,,0,2023-05-13T12:43:20.025536841Z,2023-06-12T12:43:20.025536841Z,2023-06-06T18:07:10.541310292Z,781.2022,docker_cpu_usage_pct,bwa (DA71) (942),bwa (DA71) (942),2822953,942
,,0,2023-05-13T12:43:20.025536841Z,2023-06-12T12:43:20.025536841Z,2023-06-06T18:07:13.541352719Z,797.2421,docker_cpu_usage_pct,bwa (DA71) (942),bwa (DA71) (942),2822953,942
,,0,2023-05-13T12:43:20.025536841Z,2023-06-12T12:43:20.025536841Z,2023-06-06T18:07:16.541253772Z,800.9602,docker_cpu_usage_pct,bwa (DA71) (942),bwa (DA71) (942),2822953,942
,,0,2023-05-13T12:43:20.025536841Z,2023-06-12T12:43:20.025536841Z,2023-06-06T18:07:19.541398463Z,794.6774,docker_cpu_usage_pct,bwa (DA71) (942),bwa (DA71) (942),2822953,942
,,0,2023-05-13T12:43:20.025536841Z,2023-06-12T12:43:20.025536841Z,2023-06-06T18:07:22.541348727Z,798.0628,docker_cpu_usage_pct,bwa (DA71) (942),bwa (DA71) (942),2822953,942
,,0,2023-05-13T12:43:20.025536841Z,2023-06-12T12:43:20.025536841Z,2023-06-06T18:07:25.532281818Z,707.3769,docker_cpu_usage_pct,bwa (DA71) (942),bwa (DA71) (942),2822953,942
,,0,2023-05-13T12:43:20.025536841Z,2023-06-12T12:43:20.025536841Z,2023-06-06T18:07:27.531828027Z,276.9866,docker_cpu_usage_pct,bwa (DA71) (942),bwa (DA71) (942),2822953,942
,,0,2023-05-13T12:43:20.025536841Z,2023-06-12T12:43:20.025536841Z,2023-06-06T18:07:29.531873582Z,145.0114,docker_cpu_usage_pct,bwa (DA71) (942),bwa (DA71) (942),2822953,942
,,0,2023-05-13T12:43:20.025536841Z,2023-06-12T12:43:20.025536841Z,2023-06-06T18:07:31.531671109Z,799.5544,docker_cpu_usage_pct,bwa (DA71) (942),bwa (DA71) (942),2822953,942
,,0,2023-05-13T12:43:20.025536841Z,2023-06-12T12:43:20.025536841Z,2023-06-06T18:07:33.531590691Z,802.4394,docker_cpu_usage_pct,bwa (DA71) (942),bwa (DA71) (942),2822953,942
,,0,2023-05-13T12:43:20.025536841Z,2023-06-12T12:43:20.025536841Z,2023-06-06T18:07:35.538278492Z,766.51,docker_cpu_usage_pct,bwa (DA71) (942),bwa (DA71) (942),2822953,942
,,0,2023-05-13T12:43:20.025536841Z,2023-06-12T12:43:20.025536841Z,2023-06-06T18:07:38.541310496Z,795.7651,docker_cpu_usage_pct,bwa (DA71) (942),bwa (DA71) (942),2822953,942
,,0,2023-05-13T12:43:20.025536841Z,2023-06-12T12:43:20.025536841Z,2023-06-06T18:07:42.531870666Z,799.0575,docker_cpu_usage_pct,bwa (DA71) (942),bwa (DA71) (942),2822953,942
,,0,2023-05-13T12:43:20.025536841Z,2023-06-12T12:43:20.025536841Z,2023-06-06T18:07:44.537256635Z,792.3113,docker_cpu_usage_pct,bwa (DA71) (942),bwa (DA71) (942),2822953,942
,,0,2023-05-13T12:43:20.025536841Z,2023-06-12T12:43:20.025536841Z,2023-06-06T18:07:48.531804765Z,797.6072,docker_cpu_usage_pct,bwa (DA71) (942),bwa (DA71) (942),2822953,942
,,0,2023-05-13T12:43:20.025536841Z,2023-06-12T12:43:20.025536841Z,2023-06-06T18:07:51.531687536Z,794.8544,docker_cpu_usage_pct,bwa (DA71) (942),bwa (DA71) (942),2822953,942
,,0,2023-05-13T12:43:20.025536841Z,2023-06-12T12:43:20.025536841Z,2023-06-06T18:07:54.531745723Z,798.5079,docker_cpu_usage_pct,bwa (DA71) (942),bwa (DA71) (942),2822953,942
,,0,2023-05-13T12:43:20.025536841Z,2023-06-12T12:43:20.025536841Z,2023-06-06T18:07:57.531709097Z,797.0046,docker_cpu_usage_pct,bwa (DA71) (942),bwa (DA71) (942),2822953,942
,,0,2023-05-13T12:43:20.025536841Z,2023-06-12T12:43:20.025536841Z,2023-06-06T18:07:58.532225326Z,797.7031,docker_cpu_usage_pct,bwa (DA71) (942),bwa (DA71) (942),2822953,942
,,0,2023-05-13T12:43:20.025536841Z,2023-06-12T12:43:20.025536841Z,2023-06-06T18:08:00.532056824Z,800.8598,docker_cpu_usage_pct,bwa (DA71) (942),bwa (DA71) (942),2822953,942
,,0,2023-05-13T12:43:20.025536841Z,2023-06-12T12:43:20.025536841Z,2023-06-06T18:08:03.545084823Z,797.1637,docker_cpu_usage_pct,bwa (DA71) (942),bwa (DA71) (942),2822953,942
,,0,2023-05-13T12:43:20.025536841Z,2023-06-12T12:43:20.025536841Z,2023-06-06T18:08:06.545133479Z,782.1662,docker_cpu_usage_pct,bwa (DA71) (942),bwa (DA71) (942),2822953,942
,,0,2023-05-13T12:43:20.025536841Z,2023-06-12T12:43:20.025536841Z,2023-06-06T18:08:08.531687535Z,736.1405,docker_cpu_usage_pct,bwa (DA71) (942),bwa (DA71) (942),2822953,942
,,0,2023-05-13T12:43:20.025536841Z,2023-06-12T12:43:20.025536841Z,2023-06-06T18:08:10.532570997Z,799.1443,docker_cpu_usage_pct,bwa (DA71) (942),bwa (DA71) (942),2822953,942
,,0,2023-05-13T12:43:20.025536841Z,2023-06-12T12:43:20.025536841Z,2023-06-06T18:08:14.531705666Z,785.3006,docker_cpu_usage_pct,bwa (DA71) (942),bwa (DA71) (942),2822953,942
,,0,2023-05-13T12:43:20.025536841Z,2023-06-12T12:43:20.025536841Z,2023-06-06T18:08:17.537358535Z,793.4936,docker_cpu_usage_pct,bwa (DA71) (942),bwa (DA71) (942),2822953,942
,,0,2023-05-13T12:43:20.025536841Z,2023-06-12T12:43:20.025536841Z,2023-06-06T18:08:19.533472581Z,794.5093,docker_cpu_usage_pct,bwa (DA71) (942),bwa (DA71) (942),2822953,942
,,0,2023-05-13T12:43:20.025536841Z,2023-06-12T12:43:20.025536841Z,2023-06-06T18:08:23.53170194Z,798.9467,docker_cpu_usage_pct,bwa (DA71) (942),bwa (DA71) (942),2822953,942
,,0,2023-05-13T12:43:20.025536841Z,2023-06-12T12:43:20.025536841Z,2023-06-06T18:08:25.531493026Z,796.4549,docker_cpu_usage_pct,bwa (DA71) (942),bwa (DA71) (942),2822953,942
,,0,2023-05-13T12:43:20.025536841Z,2023-06-12T12:43:20.025536841Z,2023-06-06T18:08:27.532325617Z,395.9237,docker_cpu_usage_pct,bwa (DA71) (942),bwa (DA71) (942),2822953,942
,,0,2023-05-13T12:43:20.025536841Z,2023-06-12T12:43:20.025536841Z,2023-06-06T18:08:29.531914276Z,163.6251,docker_cpu_usage_pct,bwa (DA71) (942),bwa (DA71) (942),2822953,942
,,0,2023-05-13T12:43:20.025536841Z,2023-06-12T12:43:20.025536841Z,2023-06-06T18:08:31.533205242Z,797.4902,docker_cpu_usage_pct,bwa (DA71) (942),bwa (DA71) (942),2822953,942
,,0,2023-05-13T12:43:20.025536841Z,2023-06-12T12:43:20.025536841Z,2023-06-06T18:08:34.531697147Z,799.1677,docker_cpu_usage_pct,bwa (DA71) (942),bwa (DA71) (942),2822953,942
,,0,2023-05-13T12:43:20.025536841Z,2023-06-12T12:43:20.025536841Z,2023-06-06T18:08:36.531633488Z,801.903,docker_cpu_usage_pct,bwa (DA71) (942),bwa (DA71) (942),2822953,942
,,0,2023-05-13T12:43:20.025536841Z,2023-06-12T12:43:20.025536841Z,2023-06-06T18:08:38.532811469Z,796.5677,docker_cpu_usage_pct,bwa (DA71) (942),bwa (DA71) (942),2822953,942
,,0,2023-05-13T12:43:20.025536841Z,2023-06-12T12:43:20.025536841Z,2023-06-06T18:08:40.531893433Z,800.8674,docker_cpu_usage_pct,bwa (DA71) (942),bwa (DA71) (942),2822953,942
,,0,2023-05-13T12:43:20.025536841Z,2023-06-12T12:43:20.025536841Z,2023-06-06T18:08:42.532089462Z,799.4565,docker_cpu_usage_pct,bwa (DA71) (942),bwa (DA71) (942),2822953,942
,,0,2023-05-13T12:43:20.025536841Z,2023-06-12T12:43:20.025536841Z,2023-06-06T18:08:44.531686052Z,800.573,docker_cpu_usage_pct,bwa (DA71) (942),bwa (DA71) (942),2822953,942
,,0,2023-05-13T12:43:20.025536841Z,2023-06-12T12:43:20.025536841Z,2023-06-06T18:08:46.531453097Z,799.0867,docker_cpu_usage_pct,bwa (DA71) (942),bwa (DA71) (942),2822953,942
,,0,2023-05-13T12:43:20.025536841Z,2023-06-12T12:43:20.025536841Z,2023-06-06T18:08:48.532217015Z,797.7989,docker_cpu_usage_pct,bwa (DA71) (942),bwa (DA71) (942),2822953,942
,,0,2023-05-13T12:43:20.025536841Z,2023-06-12T12:43:20.025536841Z,2023-06-06T18:08:50.53166461Z,799.6109,docker_cpu_usage_pct,bwa (DA71) (942),bwa (DA71) (942),2822953,942
,,0,2023-05-13T12:43:20.025536841Z,2023-06-12T12:43:20.025536841Z,2023-06-06T18:08:52.531787717Z,799.3257,docker_cpu_usage_pct,bwa (DA71) (942),bwa (DA71) (942),2822953,942
,,0,2023-05-13T12:43:20.025536841Z,2023-06-12T12:43:20.025536841Z,2023-06-06T18:08:54.532351268Z,799.5893,docker_cpu_usage_pct,bwa (DA71) (942),bwa (DA71) (942),2822953,942
,,0,2023-05-13T12:43:20.025536841Z,2023-06-12T12:43:20.025536841Z,2023-06-06T18:08:56.531883396Z,800.0206,docker_cpu_usage_pct,bwa (DA71) (942),bwa (DA71) (942),2822953,942
,,0,2023-05-13T12:43:20.025536841Z,2023-06-12T12:43:20.025536841Z,2023-06-06T18:08:58.531735314Z,800.2362,docker_cpu_usage_pct,bwa (DA71) (942),bwa (DA71) (942),2822953,942
,,0,2023-05-13T12:43:20.025536841Z,2023-06-12T12:43:20.025536841Z,2023-06-06T18:09:00.532345316Z,797.3549,docker_cpu_usage_pct,bwa (DA71) (942),bwa (DA71) (942),2822953,942
,,0,2023-05-13T12:43:20.025536841Z,2023-06-12T12:43:20.025536841Z,2023-06-06T18:09:02.531687978Z,798.5126,docker_cpu_usage_pct,bwa (DA71) (942),bwa (DA71) (942),2822953,942
,,0,2023-05-13T12:43:20.025536841Z,2023-06-12T12:43:20.025536841Z,2023-06-06T18:09:04.532338471Z,795.3288,docker_cpu_usage_pct,bwa (DA71) (942),bwa (DA71) (942),2822953,942
,,0,2023-05-13T12:43:20.025536841Z,2023-06-12T12:43:20.025536841Z,2023-06-06T18:09:06.532198019Z,798.126,docker_cpu_usage_pct,bwa (DA71) (942),bwa (DA71) (942),2822953,942
,,0,2023-05-13T12:43:20.025536841Z,2023-06-12T12:43:20.025536841Z,2023-06-06T18:09:08.531767598Z,800.4898,docker_cpu_usage_pct,bwa (DA71) (942),bwa (DA71) (942),2822953,942
,,0,2023-05-13T12:43:20.025536841Z,2023-06-12T12:43:20.025536841Z,2023-06-06T18:09:10.531676178Z,799.6767,docker_cpu_usage_pct,bwa (DA71) (942),bwa (DA71) (942),2822953,942
,,0,2023-05-13T12:43:20.025536841Z,2023-06-12T12:43:20.025536841Z,2023-06-06T18:09:12.531407342Z,796.8417,docker_cpu_usage_pct,bwa (DA71) (942),bwa (DA71) (942),2822953,942
,,0,2023-05-13T12:43:20.025536841Z,2023-06-12T12:43:20.025536841Z,2023-06-06T18:09:14.533448081Z,799.2471,docker_cpu_usage_pct,bwa (DA71) (942),bwa (DA71) (942),2822953,942
,,0,2023-05-13T12:43:20.025536841Z,2023-06-12T12:43:20.025536841Z,2023-06-06T18:09:16.53211504Z,797.8164,docker_cpu_usage_pct,bwa (DA71) (942),bwa (DA71) (942),2822953,942
,,0,2023-05-13T12:43:20.025536841Z,2023-06-12T12:43:20.025536841Z,2023-06-06T18:09:18.537115185Z,798.8482,docker_cpu_usage_pct,bwa (DA71) (942),bwa (DA71) (942),2822953,942
,,0,2023-05-13T12:43:20.025536841Z,2023-06-12T12:43:20.025536841Z,2023-06-06T18:09:20.531696692Z,800.3621,docker_cpu_usage_pct,bwa (DA71) (942),bwa (DA71) (942),2822953,942
,,0,2023-05-13T12:43:20.025536841Z,2023-06-12T12:43:20.025536841Z,2023-06-06T18:09:22.532577313Z,798.987,docker_cpu_usage_pct,bwa (DA71) (942),bwa (DA71) (942),2822953,942
,,0,2023-05-13T12:43:20.025536841Z,2023-06-12T12:43:20.025536841Z,2023-06-06T18:09:24.53301983Z,797.8937,docker_cpu_usage_pct,bwa (DA71) (942),bwa (DA71) (942),2822953,942
,,0,2023-05-13T12:43:20.025536841Z,2023-06-12T12:43:20.025536841Z,2023-06-06T18:09:26.532269758Z,799.8305,docker_cpu_usage_pct,bwa (DA71) (942),bwa (DA71) (942),2822953,942
,,0,2023-05-13T12:43:20.025536841Z,2023-06-12T12:43:20.025536841Z,2023-06-06T18:09:28.531970721Z,799.4972,docker_cpu_usage_pct,bwa (DA71) (942),bwa (DA71) (942),2822953,942
,,0,2023-05-13T12:43:20.025536841Z,2023-06-12T12:43:20.025536841Z,2023-06-06T18:09:30.531773607Z,759.5115,docker_cpu_usage_pct,bwa (DA71) (942),bwa (DA71) (942),2822953,942
,,0,2023-05-13T12:43:20.025536841Z,2023-06-12T12:43:20.025536841Z,2023-06-06T18:09:32.531658816Z,575.3789,docker_cpu_usage_pct,bwa (DA71) (942),bwa (DA71) (942),2822953,942
,,0,2023-05-13T12:43:20.025536841Z,2023-06-12T12:43:20.025536841Z,2023-06-06T18:09:34.532445664Z,216.0982,docker_cpu_usage_pct,bwa (DA71) (942),bwa (DA71) (942),2822953,942
,,0,2023-05-13T12:43:20.025536841Z,2023-06-12T12:43:20.025536841Z,2023-06-06T18:09:36.532147157Z,798.5307,docker_cpu_usage_pct,bwa (DA71) (942),bwa (DA71) (942),2822953,942
,,0,2023-05-13T12:43:20.025536841Z,2023-06-12T12:43:20.025536841Z,2023-06-06T18:09:38.531800998Z,799.5886,docker_cpu_usage_pct,bwa (DA71) (942),bwa (DA71) (942),2822953,942
,,0,2023-05-13T12:43:20.025536841Z,2023-06-12T12:43:20.025536841Z,2023-06-06T18:09:40.531557122Z,799.6461,docker_cpu_usage_pct,bwa (DA71) (942),bwa (DA71) (942),2822953,942
,,0,2023-05-13T12:43:20.025536841Z,2023-06-12T12:43:20.025536841Z,2023-06-06T18:09:42.532396973Z,800.3037,docker_cpu_usage_pct,bwa (DA71) (942),bwa (DA71) (942),2822953,942
,,0,2023-05-13T12:43:20.025536841Z,2023-06-12T12:43:20.025536841Z,2023-06-06T18:09:44.532133806Z,798.3324,docker_cpu_usage_pct,bwa (DA71) (942),bwa (DA71) (942),2822953,942
,,0,2023-05-13T12:43:20.025536841Z,2023-06-12T12:43:20.025536841Z,2023-06-06T18:09:46.531996744Z,797.1339,docker_cpu_usage_pct,bwa (DA71) (942),bwa (DA71) (942),2822953,942
,,0,2023-05-13T12:43:20.025536841Z,2023-06-12T12:43:20.025536841Z,2023-06-06T18:09:48.531847842Z,799.07,docker_cpu_usage_pct,bwa (DA71) (942),bwa (DA71) (942),2822953,942
,,0,2023-05-13T12:43:20.025536841Z,2023-06-12T12:43:20.025536841Z,2023-06-06T18:09:50.531595906Z,795.7395,docker_cpu_usage_pct,bwa (DA71) (942),bwa (DA71) (942),2822953,942
,,0,2023-05-13T12:43:20.025536841Z,2023-06-12T12:43:20.025536841Z,2023-06-06T18:09:52.532356313Z,797.3621,docker_cpu_usage_pct,bwa (DA71) (942),bwa (DA71) (942),2822953,942
,,0,2023-05-13T12:43:20.025536841Z,2023-06-12T12:43:20.025536841Z,2023-06-06T18:09:54.532414627Z,798.0218,docker_cpu_usage_pct,bwa (DA71) (942),bwa (DA71) (942),2822953,942
,,0,2023-05-13T12:43:20.025536841Z,2023-06-12T12:43:20.025536841Z,2023-06-06T18:09:56.531905633Z,799.3412,docker_cpu_usage_pct,bwa (DA71) (942),bwa (DA71) (942),2822953,942
,,0,2023-05-13T12:43:20.025536841Z,2023-06-12T12:43:20.025536841Z,2023-06-06T18:09:58.531881524Z,798.7338,docker_cpu_usage_pct,bwa (DA71) (942),bwa (DA71) (942),2822953,942
,,0,2023-05-13T12:43:20.025536841Z,2023-06-12T12:43:20.025536841Z,2023-06-06T18:10:01.531587598Z,799.6527,docker_cpu_usage_pct,bwa (DA71) (942),bwa (DA71) (942),2822953,942
,,0,2023-05-13T12:43:20.025536841Z,2023-06-12T12:43:20.025536841Z,2023-06-06T18:10:02.5331336Z,799.5734,docker_cpu_usage_pct,bwa (DA71) (942),bwa (DA71) (942),2822953,942
,,0,2023-05-13T12:43:20.025536841Z,2023-06-12T12:43:20.025536841Z,2023-06-06T18:10:04.532367467Z,796.8371,docker_cpu_usage_pct,bwa (DA71) (942),bwa (DA71) (942),2822953,942
,,0,2023-05-13T12:43:20.025536841Z,2023-06-12T12:43:20.025536841Z,2023-06-06T18:10:06.533390712Z,799.1127,docker_cpu_usage_pct,bwa (DA71) (942),bwa (DA71) (942),2822953,942
,,0,2023-05-13T12:43:20.025536841Z,2023-06-12T12:43:20.025536841Z,2023-06-06T18:10:09.533015714Z,797.3559,docker_cpu_usage_pct,bwa (DA71) (942),bwa (DA71) (942),2822953,942
,,0,2023-05-13T12:43:20.025536841Z,2023-06-12T12:43:20.025536841Z,2023-06-06T18:10:11.531939391Z,799.7858,docker_cpu_usage_pct,bwa (DA71) (942),bwa (DA71) (942),2822953,942
,,0,2023-05-13T12:43:20.025536841Z,2023-06-12T12:43:20.025536841Z,2023-06-06T18:10:13.531890201Z,799.7145,docker_cpu_usage_pct,bwa (DA71) (942),bwa (DA71) (942),2822953,942
,,0,2023-05-13T12:43:20.025536841Z,2023-06-12T12:43:20.025536841Z,2023-06-06T18:10:15.531656976Z,799.1321,docker_cpu_usage_pct,bwa (DA71) (942),bwa (DA71) (942),2822953,942
,,0,2023-05-13T12:43:20.025536841Z,2023-06-12T12:43:20.025536841Z,2023-06-06T18:10:17.533199248Z,797.1889,docker_cpu_usage_pct,bwa (DA71) (942),bwa (DA71) (942),2822953,942
,,0,2023-05-13T12:43:20.025536841Z,2023-06-12T12:43:20.025536841Z,2023-06-06T18:10:19.532149126Z,799.2095,docker_cpu_usage_pct,bwa (DA71) (942),bwa (DA71) (942),2822953,942
,,0,2023-05-13T12:43:20.025536841Z,2023-06-12T12:43:20.025536841Z,2023-06-06T18:10:21.531790577Z,798.684,docker_cpu_usage_pct,bwa (DA71) (942),bwa (DA71) (942),2822953,942
,,0,2023-05-13T12:43:20.025536841Z,2023-06-12T12:43:20.025536841Z,2023-06-06T18:10:23.531567231Z,799.5386,docker_cpu_usage_pct,bwa (DA71) (942),bwa (DA71) (942),2822953,942
,,0,2023-05-13T12:43:20.025536841Z,2023-06-12T12:43:20.025536841Z,2023-06-06T18:10:25.532340519Z,800.2942,docker_cpu_usage_pct,bwa (DA71) (942),bwa (DA71) (942),2822953,942
,,0,2023-05-13T12:43:20.025536841Z,2023-06-12T12:43:20.025536841Z,2023-06-06T18:10:27.532099613Z,713.8509,docker_cpu_usage_pct,bwa (DA71) (942),bwa (DA71) (942),2822953,942
,,0,2023-05-13T12:43:20.025536841Z,2023-06-12T12:43:20.025536841Z,2023-06-06T18:10:29.531780954Z,697.1379,docker_cpu_usage_pct,bwa (DA71) (942),bwa (DA71) (942),2822953,942
,,0,2023-05-13T12:43:20.025536841Z,2023-06-12T12:43:20.025536841Z,2023-06-06T18:10:31.531468686Z,354.5053,docker_cpu_usage_pct,bwa (DA71) (942),bwa (DA71) (942),2822953,942
,,0,2023-05-13T12:43:20.025536841Z,2023-06-12T12:43:20.025536841Z,2023-06-06T18:10:33.532354917Z,241.462,docker_cpu_usage_pct,bwa (DA71) (942),bwa (DA71) (942),2822953,942
,,0,2023-05-13T12:43:20.025536841Z,2023-06-12T12:43:20.025536841Z,2023-06-06T18:10:35.531647316Z,180.5933,docker_cpu_usage_pct,bwa (DA71) (942),bwa (DA71) (942),2822953,942
,,0,2023-05-13T12:43:20.025536841Z,2023-06-12T12:43:20.025536841Z,2023-06-06T18:10:37.532477585Z,802.1044,docker_cpu_usage_pct,bwa (DA71) (942),bwa (DA71) (942),2822953,942
,,0,2023-05-13T12:43:20.025536841Z,2023-06-12T12:43:20.025536841Z,2023-06-06T18:10:39.532094315Z,797.5462,docker_cpu_usage_pct,bwa (DA71) (942),bwa (DA71) (942),2822953,942
,,0,2023-05-13T12:43:20.025536841Z,2023-06-12T12:43:20.025536841Z,2023-06-06T18:10:41.531918431Z,798.8781,docker_cpu_usage_pct,bwa (DA71) (942),bwa (DA71) (942),2822953,942
,,0,2023-05-13T12:43:20.025536841Z,2023-06-12T12:43:20.025536841Z,2023-06-06T18:10:43.531741057Z,795.1763,docker_cpu_usage_pct,bwa (DA71) (942),bwa (DA71) (942),2822953,942
,,0,2023-05-13T12:43:20.025536841Z,2023-06-12T12:43:20.025536841Z,2023-06-06T18:10:45.531388708Z,799.6279,docker_cpu_usage_pct,bwa (DA71) (942),bwa (DA71) (942),2822953,942
,,0,2023-05-13T12:43:20.025536841Z,2023-06-12T12:43:20.025536841Z,2023-06-06T18:10:47.53232364Z,796.0564,docker_cpu_usage_pct,bwa (DA71) (942),bwa (DA71) (942),2822953,942
,,0,2023-05-13T12:43:20.025536841Z,2023-06-12T12:43:20.025536841Z,2023-06-06T18:10:49.53196942Z,799.7924,docker_cpu_usage_pct,bwa (DA71) (942),bwa (DA71) (942),2822953,942
,,0,2023-05-13T12:43:20.025536841Z,2023-06-12T12:43:20.025536841Z,2023-06-06T18:10:51.531664132Z,797.148,docker_cpu_usage_pct,bwa (DA71) (942),bwa (DA71) (942),2822953,942
,,0,2023-05-13T12:43:20.025536841Z,2023-06-12T12:43:20.025536841Z,2023-06-06T18:10:53.533283597Z,799.8301,docker_cpu_usage_pct,bwa (DA71) (942),bwa (DA71) (942),2822953,942
,,0,2023-05-13T12:43:20.025536841Z,2023-06-12T12:43:20.025536841Z,2023-06-06T18:10:55.532036168Z,800.793,docker_cpu_usage_pct,bwa (DA71) (942),bwa (DA71) (942),2822953,942
,,0,2023-05-13T12:43:20.025536841Z,2023-06-12T12:43:20.025536841Z,2023-06-06T18:10:57.531659348Z,798.2779,docker_cpu_usage_pct,bwa (DA71) (942),bwa (DA71) (942),2822953,942
,,0,2023-05-13T12:43:20.025536841Z,2023-06-12T12:43:20.025536841Z,2023-06-06T18:10:59.531499234Z,799.1457,docker_cpu_usage_pct,bwa (DA71) (942),bwa (DA71) (942),2822953,942
,,0,2023-05-13T12:43:20.025536841Z,2023-06-12T12:43:20.025536841Z,2023-06-06T18:11:01.53224315Z,797.9556,docker_cpu_usage_pct,bwa (DA71) (942),bwa (DA71) (942),2822953,942
,,0,2023-05-13T12:43:20.025536841Z,2023-06-12T12:43:20.025536841Z,2023-06-06T18:11:03.531991403Z,798.1769,docker_cpu_usage_pct,bwa (DA71) (942),bwa (DA71) (942),2822953,942
,,0,2023-05-13T12:43:20.025536841Z,2023-06-12T12:43:20.025536841Z,2023-06-06T18:11:05.531774098Z,796.6786,docker_cpu_usage_pct,bwa (DA71) (942),bwa (DA71) (942),2822953,942
,,0,2023-05-13T12:43:20.025536841Z,2023-06-12T12:43:20.025536841Z,2023-06-06T18:11:07.531470361Z,796.0317,docker_cpu_usage_pct,bwa (DA71) (942),bwa (DA71) (942),2822953,942
,,0,2023-05-13T12:43:20.025536841Z,2023-06-12T12:43:20.025536841Z,2023-06-06T18:11:09.532240228Z,800.8422,docker_cpu_usage_pct,bwa (DA71) (942),bwa (DA71) (942),2822953,942
,,0,2023-05-13T12:43:20.025536841Z,2023-06-12T12:43:20.025536841Z,2023-06-06T18:11:11.531850587Z,799.9177,docker_cpu_usage_pct,bwa (DA71) (942),bwa (DA71) (942),2822953,942
,,0,2023-05-13T12:43:20.025536841Z,2023-06-12T12:43:20.025536841Z,2023-06-06T18:11:13.531638402Z,799.4746,docker_cpu_usage_pct,bwa (DA71) (942),bwa (DA71) (942),2822953,942
,,0,2023-05-13T12:43:20.025536841Z,2023-06-12T12:43:20.025536841Z,2023-06-06T18:11:15.532349806Z,798.6556,docker_cpu_usage_pct,bwa (DA71) (942),bwa (DA71) (942),2822953,942
,,0,2023-05-13T12:43:20.025536841Z,2023-06-12T12:43:20.025536841Z,2023-06-06T18:11:17.532230974Z,798.864,docker_cpu_usage_pct,bwa (DA71) (942),bwa (DA71) (942),2822953,942
,,0,2023-05-13T12:43:20.025536841Z,2023-06-12T12:43:20.025536841Z,2023-06-06T18:11:19.536584078Z,799.9381,docker_cpu_usage_pct,bwa (DA71) (942),bwa (DA71) (942),2822953,942
,,0,2023-05-13T12:43:20.025536841Z,2023-06-12T12:43:20.025536841Z,2023-06-06T18:11:21.531602847Z,800.4682,docker_cpu_usage_pct,bwa (DA71) (942),bwa (DA71) (942),2822953,942
,,0,2023-05-13T12:43:20.025536841Z,2023-06-12T12:43:20.025536841Z,2023-06-06T18:11:23.532126786Z,802.3562,docker_cpu_usage_pct,bwa (DA71) (942),bwa (DA71) (942),2822953,942
,,0,2023-05-13T12:43:20.025536841Z,2023-06-12T12:43:20.025536841Z,2023-06-06T18:11:25.532120297Z,799.5107,docker_cpu_usage_pct,bwa (DA71) (942),bwa (DA71) (942),2822953,942
,,0,2023-05-13T12:43:20.025536841Z,2023-06-12T12:43:20.025536841Z,2023-06-06T18:11:27.531655564Z,801.8305,docker_cpu_usage_pct,bwa (DA71) (942),bwa (DA71) (942),2822953,942
,,0,2023-05-13T12:43:20.025536841Z,2023-06-12T12:43:20.025536841Z,2023-06-06T18:11:29.533267178Z,798.5096,docker_cpu_usage_pct,bwa (DA71) (942),bwa (DA71) (942),2822953,942
,,0,2023-05-13T12:43:20.025536841Z,2023-06-12T12:43:20.025536841Z,2023-06-06T18:11:31.532043549Z,801.4257,docker_cpu_usage_pct,bwa (DA71) (942),bwa (DA71) (942),2822953,942
,,0,2023-05-13T12:43:20.025536841Z,2023-06-12T12:43:20.025536841Z,2023-06-06T18:11:33.531693949Z,518.9937,docker_cpu_usage_pct,bwa (DA71) (942),bwa (DA71) (942),2822953,942
,,0,2023-05-13T12:43:20.025536841Z,2023-06-12T12:43:20.025536841Z,2023-06-06T18:11:35.531422952Z,316.8448,docker_cpu_usage_pct,bwa (DA71) (942),bwa (DA71) (942),2822953,942
,,0,2023-05-13T12:43:20.025536841Z,2023-06-12T12:43:20.025536841Z,2023-06-06T18:11:38.531747015Z,110.5847,docker_cpu_usage_pct,bwa (DA71) (942),bwa (DA71) (942),2822953,942
,,0,2023-05-13T12:43:20.025536841Z,2023-06-12T12:43:20.025536841Z,2023-06-06T18:11:40.531615293Z,799.0355,docker_cpu_usage_pct,bwa (DA71) (942),bwa (DA71) (942),2822953,942
,,0,2023-05-13T12:43:20.025536841Z,2023-06-12T12:43:20.025536841Z,2023-06-06T18:11:42.531611864Z,800.5266,docker_cpu_usage_pct,bwa (DA71) (942),bwa (DA71) (942),2822953,942
,,0,2023-05-13T12:43:20.025536841Z,2023-06-12T12:43:20.025536841Z,2023-06-06T18:11:44.532437562Z,798.7974,docker_cpu_usage_pct,bwa (DA71) (942),bwa (DA71) (942),2822953,942
,,0,2023-05-13T12:43:20.025536841Z,2023-06-12T12:43:20.025536841Z,2023-06-06T18:11:46.532094973Z,801.3989,docker_cpu_usage_pct,bwa (DA71) (942),bwa (DA71) (942),2822953,942
,,0,2023-05-13T12:43:20.025536841Z,2023-06-12T12:43:20.025536841Z,2023-06-06T18:11:48.537122747Z,801.9585,docker_cpu_usage_pct,bwa (DA71) (942),bwa (DA71) (942),2822953,942
,,0,2023-05-13T12:43:20.025536841Z,2023-06-12T12:43:20.025536841Z,2023-06-06T18:11:50.532443617Z,799.4804,docker_cpu_usage_pct,bwa (DA71) (942),bwa (DA71) (942),2822953,942
,,0,2023-05-13T12:43:20.025536841Z,2023-06-12T12:43:20.025536841Z,2023-06-06T18:11:52.54511979Z,800.2283,docker_cpu_usage_pct,bwa (DA71) (942),bwa (DA71) (942),2822953,942
,,0,2023-05-13T12:43:20.025536841Z,2023-06-12T12:43:20.025536841Z,2023-06-06T18:11:54.532092688Z,794.2253,docker_cpu_usage_pct,bwa (DA71) (942),bwa (DA71) (942),2822953,942
,,0,2023-05-13T12:43:20.025536841Z,2023-06-12T12:43:20.025536841Z,2023-06-06T18:11:56.531861032Z,801.2522,docker_cpu_usage_pct,bwa (DA71) (942),bwa (DA71) (942),2822953,942
,,0,2023-05-13T12:43:20.025536841Z,2023-06-12T12:43:20.025536841Z,2023-06-06T18:11:58.531529592Z,798.7507,docker_cpu_usage_pct,bwa (DA71) (942),bwa (DA71) (942),2822953,942
,,0,2023-05-13T12:43:20.025536841Z,2023-06-12T12:43:20.025536841Z,2023-06-06T18:12:00.532363241Z,800.2317,docker_cpu_usage_pct,bwa (DA71) (942),bwa (DA71) (942),2822953,942
,,0,2023-05-13T12:43:20.025536841Z,2023-06-12T12:43:20.025536841Z,2023-06-06T18:12:02.532327361Z,801.6034,docker_cpu_usage_pct,bwa (DA71) (942),bwa (DA71) (942),2822953,942
,,0,2023-05-13T12:43:20.025536841Z,2023-06-12T12:43:20.025536841Z,2023-06-06T18:12:04.531874758Z,798.9681,docker_cpu_usage_pct,bwa (DA71) (942),bwa (DA71) (942),2822953,942
,,0,2023-05-13T12:43:20.025536841Z,2023-06-12T12:43:20.025536841Z,2023-06-06T18:12:06.531756756Z,799.5038,docker_cpu_usage_pct,bwa (DA71) (942),bwa (DA71) (942),2822953,942
,,0,2023-05-13T12:43:20.025536841Z,2023-06-12T12:43:20.025536841Z,2023-06-06T18:12:08.532301014Z,801.2546,docker_cpu_usage_pct,bwa (DA71) (942),bwa (DA71) (942),2822953,942
,,0,2023-05-13T12:43:20.025536841Z,2023-06-12T12:43:20.025536841Z,2023-06-06T18:12:10.532267445Z,800.1117,docker_cpu_usage_pct,bwa (DA71) (942),bwa (DA71) (942),2822953,942
,,0,2023-05-13T12:43:20.025536841Z,2023-06-12T12:43:20.025536841Z,2023-06-06T18:12:12.531900124Z,802.8751,docker_cpu_usage_pct,bwa (DA71) (942),bwa (DA71) (942),2822953,942
,,0,2023-05-13T12:43:20.025536841Z,2023-06-12T12:43:20.025536841Z,2023-06-06T18:12:14.531552364Z,798.5324,docker_cpu_usage_pct,bwa (DA71) (942),bwa (DA71) (942),2822953,942
,,0,2023-05-13T12:43:20.025536841Z,2023-06-12T12:43:20.025536841Z,2023-06-06T18:12:16.532282979Z,799.4543,docker_cpu_usage_pct,bwa (DA71) (942),bwa (DA71) (942),2822953,942
,,0,2023-05-13T12:43:20.025536841Z,2023-06-12T12:43:20.025536841Z,2023-06-06T18:12:18.533348005Z,798.0483,docker_cpu_usage_pct,bwa (DA71) (942),bwa (DA71) (942),2822953,942
,,0,2023-05-13T12:43:20.025536841Z,2023-06-12T12:43:20.025536841Z,2023-06-06T18:12:20.532092305Z,798.6688,docker_cpu_usage_pct,bwa (DA71) (942),bwa (DA71) (942),2822953,942
,,0,2023-05-13T12:43:20.025536841Z,2023-06-12T12:43:20.025536841Z,2023-06-06T18:12:22.531768086Z,795.5296,docker_cpu_usage_pct,bwa (DA71) (942),bwa (DA71) (942),2822953,942
,,0,2023-05-13T12:43:20.025536841Z,2023-06-12T12:43:20.025536841Z,2023-06-06T18:12:24.531702775Z,797.9944,docker_cpu_usage_pct,bwa (DA71) (942),bwa (DA71) (942),2822953,942
,,0,2023-05-13T12:43:20.025536841Z,2023-06-12T12:43:20.025536841Z,2023-06-06T18:12:26.532344177Z,798.7738,docker_cpu_usage_pct,bwa (DA71) (942),bwa (DA71) (942),2822953,942
,,0,2023-05-13T12:43:20.025536841Z,2023-06-12T12:43:20.025536841Z,2023-06-06T18:12:28.532027508Z,670.6475,docker_cpu_usage_pct,bwa (DA71) (942),bwa (DA71) (942),2822953,942
,,0,2023-05-13T12:43:20.025536841Z,2023-06-12T12:43:20.025536841Z,2023-06-06T18:12:30.531707299Z,600.1134,docker_cpu_usage_pct,bwa (DA71) (942),bwa (DA71) (942),2822953,942
,,0,2023-05-13T12:43:20.025536841Z,2023-06-12T12:43:20.025536841Z,2023-06-06T18:12:32.531556485Z,407.31,docker_cpu_usage_pct,bwa (DA71) (942),bwa (DA71) (942),2822953,942
,,0,2023-05-13T12:43:20.025536841Z,2023-06-12T12:43:20.025536841Z,2023-06-06T18:12:34.532196597Z,200.0303,docker_cpu_usage_pct,bwa (DA71) (942),bwa (DA71) (942),2822953,942
,,0,2023-05-13T12:43:20.025536841Z,2023-06-12T12:43:20.025536841Z,2023-06-06T18:12:36.532021782Z,156.0767,docker_cpu_usage_pct,bwa (DA71) (942),bwa (DA71) (942),2822953,942
,,0,2023-05-13T12:43:20.025536841Z,2023-06-12T12:43:20.025536841Z,2023-06-06T18:12:38.53192258Z,800.2149,docker_cpu_usage_pct,bwa (DA71) (942),bwa (DA71) (942),2822953,942
,,0,2023-05-13T12:43:20.025536841Z,2023-06-12T12:43:20.025536841Z,2023-06-06T18:12:40.531594911Z,800.3989,docker_cpu_usage_pct,bwa (DA71) (942),bwa (DA71) (942),2822953,942
,,0,2023-05-13T12:43:20.025536841Z,2023-06-12T12:43:20.025536841Z,2023-06-06T18:12:42.532296674Z,800.6902,docker_cpu_usage_pct,bwa (DA71) (942),bwa (DA71) (942),2822953,942
,,0,2023-05-13T12:43:20.025536841Z,2023-06-12T12:43:20.025536841Z,2023-06-06T18:12:44.532363558Z,803.6156,docker_cpu_usage_pct,bwa (DA71) (942),bwa (DA71) (942),2822953,942
,,0,2023-05-13T12:43:20.025536841Z,2023-06-12T12:43:20.025536841Z,2023-06-06T18:12:46.531825221Z,802.9091,docker_cpu_usage_pct,bwa (DA71) (942),bwa (DA71) (942),2822953,942
,,0,2023-05-13T12:43:20.025536841Z,2023-06-12T12:43:20.025536841Z,2023-06-06T18:12:48.5317261Z,800.6933,docker_cpu_usage_pct,bwa (DA71) (942),bwa (DA71) (942),2822953,942
,,0,2023-05-13T12:43:20.025536841Z,2023-06-12T12:43:20.025536841Z,2023-06-06T18:12:50.533817628Z,799.825,docker_cpu_usage_pct,bwa (DA71) (942),bwa (DA71) (942),2822953,942
,,0,2023-05-13T12:43:20.025536841Z,2023-06-12T12:43:20.025536841Z,2023-06-06T18:12:52.531620318Z,798.0664,docker_cpu_usage_pct,bwa (DA71) (942),bwa (DA71) (942),2822953,942
,,0,2023-05-13T12:43:20.025536841Z,2023-06-12T12:43:20.025536841Z,2023-06-06T18:12:54.532332502Z,795.8176,docker_cpu_usage_pct,bwa (DA71) (942),bwa (DA71) (942),2822953,942
,,0,2023-05-13T12:43:20.025536841Z,2023-06-12T12:43:20.025536841Z,2023-06-06T18:12:56.5334606Z,797.5593,docker_cpu_usage_pct,bwa (DA71) (942),bwa (DA71) (942),2822953,942
,,0,2023-05-13T12:43:20.025536841Z,2023-06-12T12:43:20.025536841Z,2023-06-06T18:12:58.532060995Z,798.8187,docker_cpu_usage_pct,bwa (DA71) (942),bwa (DA71) (942),2822953,942
,,0,2023-05-13T12:43:20.025536841Z,2023-06-12T12:43:20.025536841Z,2023-06-06T18:13:00.531816348Z,799.2016,docker_cpu_usage_pct,bwa (DA71) (942),bwa (DA71) (942),2822953,942
,,0,2023-05-13T12:43:20.025536841Z,2023-06-12T12:43:20.025536841Z,2023-06-06T18:13:02.531738557Z,799.3726,docker_cpu_usage_pct,bwa (DA71) (942),bwa (DA71) (942),2822953,942
,,0,2023-05-13T12:43:20.025536841Z,2023-06-12T12:43:20.025536841Z,2023-06-06T18:13:04.532509543Z,800.1336,docker_cpu_usage_pct,bwa (DA71) (942),bwa (DA71) (942),2822953,942
,,0,2023-05-13T12:43:20.025536841Z,2023-06-12T12:43:20.025536841Z,2023-06-06T18:13:06.532485373Z,800.5062,docker_cpu_usage_pct,bwa (DA71) (942),bwa (DA71) (942),2822953,942
,,0,2023-05-13T12:43:20.025536841Z,2023-06-12T12:43:20.025536841Z,2023-06-06T18:13:08.533066023Z,798.7474,docker_cpu_usage_pct,bwa (DA71) (942),bwa (DA71) (942),2822953,942
,,0,2023-05-13T12:43:20.025536841Z,2023-06-12T12:43:20.025536841Z,2023-06-06T18:13:10.5332727Z,796.8395,docker_cpu_usage_pct,bwa (DA71) (942),bwa (DA71) (942),2822953,942
,,0,2023-05-13T12:43:20.025536841Z,2023-06-12T12:43:20.025536841Z,2023-06-06T18:13:12.532216997Z,800.442,docker_cpu_usage_pct,bwa (DA71) (942),bwa (DA71) (942),2822953,942
,,0,2023-05-13T12:43:20.025536841Z,2023-06-12T12:43:20.025536841Z,2023-06-06T18:13:14.533487889Z,797.6939,docker_cpu_usage_pct,bwa (DA71) (942),bwa (DA71) (942),2822953,942
,,0,2023-05-13T12:43:20.025536841Z,2023-06-12T12:43:20.025536841Z,2023-06-06T18:13:17.532071014Z,799.3775,docker_cpu_usage_pct,bwa (DA71) (942),bwa (DA71) (942),2822953,942
,,0,2023-05-13T12:43:20.025536841Z,2023-06-12T12:43:20.025536841Z,2023-06-06T18:13:19.541261604Z,797.8383,docker_cpu_usage_pct,bwa (DA71) (942),bwa (DA71) (942),2822953,942
,,0,2023-05-13T12:43:20.025536841Z,2023-06-12T12:43:20.025536841Z,2023-06-06T18:13:21.532183429Z,598.5257,docker_cpu_usage_pct,bwa (DA71) (942),bwa (DA71) (942),2822953,942
,,0,2023-05-13T12:43:20.025536841Z,2023-06-12T12:43:20.025536841Z,2023-06-06T18:13:23.531825249Z,221.1167,docker_cpu_usage_pct,bwa (DA71) (942),bwa (DA71) (942),2822953,942
,,0,2023-05-13T12:43:20.025536841Z,2023-06-12T12:43:20.025536841Z,2023-06-06T18:13:25.531640513Z,161.1996,docker_cpu_usage_pct,bwa (DA71) (942),bwa (DA71) (942),2822953,942
,,0,2023-05-13T12:43:20.025536841Z,2023-06-12T12:43:20.025536841Z,2023-06-06T18:13:27.532385339Z,802.5801,docker_cpu_usage_pct,bwa (DA71) (942),bwa (DA71) (942),2822953,942
,,0,2023-05-13T12:43:20.025536841Z,2023-06-12T12:43:20.025536841Z,2023-06-06T18:13:29.532171822Z,798.3467,docker_cpu_usage_pct,bwa (DA71) (942),bwa (DA71) (942),2822953,942
,,0,2023-05-13T12:43:20.025536841Z,2023-06-12T12:43:20.025536841Z,2023-06-06T18:13:31.531581394Z,799.9356,docker_cpu_usage_pct,bwa (DA71) (942),bwa (DA71) (942),2822953,942
,,0,2023-05-13T12:43:20.025536841Z,2023-06-12T12:43:20.025536841Z,2023-06-06T18:13:33.532415802Z,795.7568,docker_cpu_usage_pct,bwa (DA71) (942),bwa (DA71) (942),2822953,942
,,0,2023-05-13T12:43:20.025536841Z,2023-06-12T12:43:20.025536841Z,2023-06-06T18:13:35.532100793Z,795.1973,docker_cpu_usage_pct,bwa (DA71) (942),bwa (DA71) (942),2822953,942
,,0,2023-05-13T12:43:20.025536841Z,2023-06-12T12:43:20.025536841Z,2023-06-06T18:13:37.532125814Z,799.825,docker_cpu_usage_pct,bwa (DA71) (942),bwa (DA71) (942),2822953,942
,,0,2023-05-13T12:43:20.025536841Z,2023-06-12T12:43:20.025536841Z,2023-06-06T18:13:39.531605038Z,798.6395,docker_cpu_usage_pct,bwa (DA71) (942),bwa (DA71) (942),2822953,942
,,0,2023-05-13T12:43:20.025536841Z,2023-06-12T12:43:20.025536841Z,2023-06-06T18:13:41.532310962Z,799.7031,docker_cpu_usage_pct,bwa (DA71) (942),bwa (DA71) (942),2822953,942
,,0,2023-05-13T12:43:20.025536841Z,2023-06-12T12:43:20.025536841Z,2023-06-06T18:13:43.532193678Z,799.3049,docker_cpu_usage_pct,bwa (DA71) (942),bwa (DA71) (942),2822953,942
,,0,2023-05-13T12:43:20.025536841Z,2023-06-12T12:43:20.025536841Z,2023-06-06T18:13:45.531967672Z,800.1513,docker_cpu_usage_pct,bwa (DA71) (942),bwa (DA71) (942),2822953,942
,,0,2023-05-13T12:43:20.025536841Z,2023-06-12T12:43:20.025536841Z,2023-06-06T18:13:47.531559619Z,801.9465,docker_cpu_usage_pct,bwa (DA71) (942),bwa (DA71) (942),2822953,942
,,0,2023-05-13T12:43:20.025536841Z,2023-06-12T12:43:20.025536841Z,2023-06-06T18:13:49.531419446Z,800.2361,docker_cpu_usage_pct,bwa (DA71) (942),bwa (DA71) (942),2822953,942
,,0,2023-05-13T12:43:20.025536841Z,2023-06-12T12:43:20.025536841Z,2023-06-06T18:13:51.532118899Z,796.7403,docker_cpu_usage_pct,bwa (DA71) (942),bwa (DA71) (942),2822953,942
,,0,2023-05-13T12:43:20.025536841Z,2023-06-12T12:43:20.025536841Z,2023-06-06T18:13:53.531869722Z,799.9879,docker_cpu_usage_pct,bwa (DA71) (942),bwa (DA71) (942),2822953,942
,,0,2023-05-13T12:43:20.025536841Z,2023-06-12T12:43:20.025536841Z,2023-06-06T18:13:55.533689522Z,795.5151,docker_cpu_usage_pct,bwa (DA71) (942),bwa (DA71) (942),2822953,942
,,0,2023-05-13T12:43:20.025536841Z,2023-06-12T12:43:20.025536841Z,2023-06-06T18:13:57.532508504Z,798.2931,docker_cpu_usage_pct,bwa (DA71) (942),bwa (DA71) (942),2822953,942
,,0,2023-05-13T12:43:20.025536841Z,2023-06-12T12:43:20.025536841Z,2023-06-06T18:13:59.532143933Z,801.4454,docker_cpu_usage_pct,bwa (DA71) (942),bwa (DA71) (942),2822953,942
,,0,2023-05-13T12:43:20.025536841Z,2023-06-12T12:43:20.025536841Z,2023-06-06T18:14:01.531918136Z,798.3129,docker_cpu_usage_pct,bwa (DA71) (942),bwa (DA71) (942),2822953,942
,,0,2023-05-13T12:43:20.025536841Z,2023-06-12T12:43:20.025536841Z,2023-06-06T18:14:03.531565065Z,802.1149,docker_cpu_usage_pct,bwa (DA71) (942),bwa (DA71) (942),2822953,942
,,0,2023-05-13T12:43:20.025536841Z,2023-06-12T12:43:20.025536841Z,2023-06-06T18:14:05.532283759Z,795.9573,docker_cpu_usage_pct,bwa (DA71) (942),bwa (DA71) (942),2822953,942
,,0,2023-05-13T12:43:20.025536841Z,2023-06-12T12:43:20.025536841Z,2023-06-06T18:14:07.532083903Z,665.4336,docker_cpu_usage_pct,bwa (DA71) (942),bwa (DA71) (942),2822953,942
,,0,2023-05-13T12:43:20.025536841Z,2023-06-12T12:43:20.025536841Z,2023-06-06T18:14:09.53196719Z,521.3937,docker_cpu_usage_pct,bwa (DA71) (942),bwa (DA71) (942),2822953,942
,,0,2023-05-13T12:43:20.025536841Z,2023-06-12T12:43:20.025536841Z,2023-06-06T18:14:11.531521616Z,223.7094,docker_cpu_usage_pct,bwa (DA71) (942),bwa (DA71) (942),2822953,942
,,0,2023-05-13T12:43:20.025536841Z,2023-06-12T12:43:20.025536841Z,2023-06-06T18:14:13.532302622Z,151.2208,docker_cpu_usage_pct,bwa (DA71) (942),bwa (DA71) (942),2822953,942
,,0,2023-05-13T12:43:20.025536841Z,2023-06-12T12:43:20.025536841Z,2023-06-06T18:14:15.531667312Z,799.4818,docker_cpu_usage_pct,bwa (DA71) (942),bwa (DA71) (942),2822953,942
,,0,2023-05-13T12:43:20.025536841Z,2023-06-12T12:43:20.025536841Z,2023-06-06T18:14:17.531375203Z,799.0795,docker_cpu_usage_pct,bwa (DA71) (942),bwa (DA71) (942),2822953,942
,,0,2023-05-13T12:43:20.025536841Z,2023-06-12T12:43:20.025536841Z,2023-06-06T18:14:19.533293896Z,800.4434,docker_cpu_usage_pct,bwa (DA71) (942),bwa (DA71) (942),2822953,942
,,0,2023-05-13T12:43:20.025536841Z,2023-06-12T12:43:20.025536841Z,2023-06-06T18:14:21.531970833Z,799.1975,docker_cpu_usage_pct,bwa (DA71) (942),bwa (DA71) (942),2822953,942
,,0,2023-05-13T12:43:20.025536841Z,2023-06-12T12:43:20.025536841Z,2023-06-06T18:14:23.531680504Z,800.4003,docker_cpu_usage_pct,bwa (DA71) (942),bwa (DA71) (942),2822953,942
,,0,2023-05-13T12:43:20.025536841Z,2023-06-12T12:43:20.025536841Z,2023-06-06T18:14:25.531480568Z,796.5288,docker_cpu_usage_pct,bwa (DA71) (942),bwa (DA71) (942),2822953,942
,,0,2023-05-13T12:43:20.025536841Z,2023-06-12T12:43:20.025536841Z,2023-06-06T18:14:27.5321166Z,798.3582,docker_cpu_usage_pct,bwa (DA71) (942),bwa (DA71) (942),2822953,942
,,0,2023-05-13T12:43:20.025536841Z,2023-06-12T12:43:20.025536841Z,2023-06-06T18:14:29.531913734Z,801.8083,docker_cpu_usage_pct,bwa (DA71) (942),bwa (DA71) (942),2822953,942
,,0,2023-05-13T12:43:20.025536841Z,2023-06-12T12:43:20.025536841Z,2023-06-06T18:14:31.531569723Z,798.9204,docker_cpu_usage_pct,bwa (DA71) (942),bwa (DA71) (942),2822953,942
,,0,2023-05-13T12:43:20.025536841Z,2023-06-12T12:43:20.025536841Z,2023-06-06T18:14:33.532545805Z,799.9671,docker_cpu_usage_pct,bwa (DA71) (942),bwa (DA71) (942),2822953,942
,,0,2023-05-13T12:43:20.025536841Z,2023-06-12T12:43:20.025536841Z,2023-06-06T18:14:35.532203535Z,799.2473,docker_cpu_usage_pct,bwa (DA71) (942),bwa (DA71) (942),2822953,942
,,0,2023-05-13T12:43:20.025536841Z,2023-06-12T12:43:20.025536841Z,2023-06-06T18:14:37.531877914Z,798.4543,docker_cpu_usage_pct,bwa (DA71) (942),bwa (DA71) (942),2822953,942
,,0,2023-05-13T12:43:20.025536841Z,2023-06-12T12:43:20.025536841Z,2023-06-06T18:14:39.531654317Z,798.0614,docker_cpu_usage_pct,bwa (DA71) (942),bwa (DA71) (942),2822953,942
,,0,2023-05-13T12:43:20.025536841Z,2023-06-12T12:43:20.025536841Z,2023-06-06T18:14:41.533170337Z,797.7818,docker_cpu_usage_pct,bwa (DA71) (942),bwa (DA71) (942),2822953,942
,,0,2023-05-13T12:43:20.025536841Z,2023-06-12T12:43:20.025536841Z,2023-06-06T18:14:43.533185568Z,794.364,docker_cpu_usage_pct,bwa (DA71) (942),bwa (DA71) (942),2822953,942
,,0,2023-05-13T12:43:20.025536841Z,2023-06-12T12:43:20.025536841Z,2023-06-06T18:14:46.531854566Z,799.9654,docker_cpu_usage_pct,bwa (DA71) (942),bwa (DA71) (942),2822953,942
,,0,2023-05-13T12:43:20.025536841Z,2023-06-12T12:43:20.025536841Z,2023-06-06T18:14:48.531648739Z,798.4277,docker_cpu_usage_pct,bwa (DA71) (942),bwa (DA71) (942),2822953,942
,,0,2023-05-13T12:43:20.025536841Z,2023-06-12T12:43:20.025536841Z,2023-06-06T18:14:50.531696431Z,798.8038,docker_cpu_usage_pct,bwa (DA71) (942),bwa (DA71) (942),2822953,942
,,0,2023-05-13T12:43:20.025536841Z,2023-06-12T12:43:20.025536841Z,2023-06-06T18:14:52.531710352Z,801.2145,docker_cpu_usage_pct,bwa (DA71) (942),bwa (DA71) (942),2822953,942
,,0,2023-05-13T12:43:20.025536841Z,2023-06-12T12:43:20.025536841Z,2023-06-06T18:14:54.531353011Z,802.5382,docker_cpu_usage_pct,bwa (DA71) (942),bwa (DA71) (942),2822953,942
,,0,2023-05-13T12:43:20.025536841Z,2023-06-12T12:43:20.025536841Z,2023-06-06T18:14:56.532221399Z,798.6931,docker_cpu_usage_pct,bwa (DA71) (942),bwa (DA71) (942),2822953,942
,,0,2023-05-13T12:43:20.025536841Z,2023-06-12T12:43:20.025536841Z,2023-06-06T18:14:58.531702773Z,796.4629,docker_cpu_usage_pct,bwa (DA71) (942),bwa (DA71) (942),2822953,942
,,0,2023-05-13T12:43:20.025536841Z,2023-06-12T12:43:20.025536841Z,2023-06-06T18:15:00.532408506Z,798.5791,docker_cpu_usage_pct,bwa (DA71) (942),bwa (DA71) (942),2822953,942
,,0,2023-05-13T12:43:20.025536841Z,2023-06-12T12:43:20.025536841Z,2023-06-06T18:15:02.532006143Z,796.8113,docker_cpu_usage_pct,bwa (DA71) (942),bwa (DA71) (942),2822953,942
,,0,2023-05-13T12:43:20.025536841Z,2023-06-12T12:43:20.025536841Z,2023-06-06T18:15:04.531757556Z,797.7868,docker_cpu_usage_pct,bwa (DA71) (942),bwa (DA71) (942),2822953,942
,,0,2023-05-13T12:43:20.025536841Z,2023-06-12T12:43:20.025536841Z,2023-06-06T18:15:06.531504648Z,638.7602,docker_cpu_usage_pct,bwa (DA71) (942),bwa (DA71) (942),2822953,942
,,0,2023-05-13T12:43:20.025536841Z,2023-06-12T12:43:20.025536841Z,2023-06-06T18:15:08.532385317Z,264.824,docker_cpu_usage_pct,bwa (DA71) (942),bwa (DA71) (942),2822953,942
,,0,2023-05-13T12:43:20.025536841Z,2023-06-12T12:43:20.025536841Z,2023-06-06T18:15:10.531933702Z,796.5834,docker_cpu_usage_pct,bwa (DA71) (942),bwa (DA71) (942),2822953,942
,,0,2023-05-13T12:43:20.025536841Z,2023-06-12T12:43:20.025536841Z,2023-06-06T18:15:12.531670354Z,798.9675,docker_cpu_usage_pct,bwa (DA71) (942),bwa (DA71) (942),2822953,942
,,0,2023-05-13T12:43:20.025536841Z,2023-06-12T12:43:20.025536841Z,2023-06-06T18:15:14.531628963Z,798.093,docker_cpu_usage_pct,bwa (DA71) (942),bwa (DA71) (942),2822953,942
,,0,2023-05-13T12:43:20.025536841Z,2023-06-12T12:43:20.025536841Z,2023-06-06T18:15:16.532212812Z,799.6215,docker_cpu_usage_pct,bwa (DA71) (942),bwa (DA71) (942),2822953,942
,,0,2023-05-13T12:43:20.025536841Z,2023-06-12T12:43:20.025536841Z,2023-06-06T18:15:18.531896623Z,796.2933,docker_cpu_usage_pct,bwa (DA71) (942),bwa (DA71) (942),2822953,942
,,0,2023-05-13T12:43:20.025536841Z,2023-06-12T12:43:20.025536841Z,2023-06-06T18:15:20.531826431Z,798.2075,docker_cpu_usage_pct,bwa (DA71) (942),bwa (DA71) (942),2822953,942
,,0,2023-05-13T12:43:20.025536841Z,2023-06-12T12:43:20.025536841Z,2023-06-06T18:15:22.532450382Z,799.4075,docker_cpu_usage_pct,bwa (DA71) (942),bwa (DA71) (942),2822953,942
,,0,2023-05-13T12:43:20.025536841Z,2023-06-12T12:43:20.025536841Z,2023-06-06T18:15:24.531628105Z,797.7891,docker_cpu_usage_pct,bwa (DA71) (942),bwa (DA71) (942),2822953,942
,,0,2023-05-13T12:43:20.025536841Z,2023-06-12T12:43:20.025536841Z,2023-06-06T18:15:26.531405888Z,799.7346,docker_cpu_usage_pct,bwa (DA71) (942),bwa (DA71) (942),2822953,942
,,0,2023-05-13T12:43:20.025536841Z,2023-06-12T12:43:20.025536841Z,2023-06-06T18:15:28.532177124Z,800.3931,docker_cpu_usage_pct,bwa (DA71) (942),bwa (DA71) (942),2822953,942
,,0,2023-05-13T12:43:20.025536841Z,2023-06-12T12:43:20.025536841Z,2023-06-06T18:15:30.531873374Z,797.6557,docker_cpu_usage_pct,bwa (DA71) (942),bwa (DA71) (942),2822953,942
,,0,2023-05-13T12:43:20.025536841Z,2023-06-12T12:43:20.025536841Z,2023-06-06T18:15:32.531706449Z,802.5181,docker_cpu_usage_pct,bwa (DA71) (942),bwa (DA71) (942),2822953,942
,,0,2023-05-13T12:43:20.025536841Z,2023-06-12T12:43:20.025536841Z,2023-06-06T18:15:34.532438413Z,797.1894,docker_cpu_usage_pct,bwa (DA71) (942),bwa (DA71) (942),2822953,942
,,0,2023-05-13T12:43:20.025536841Z,2023-06-12T12:43:20.025536841Z,2023-06-06T18:15:36.532213086Z,796.999,docker_cpu_usage_pct,bwa (DA71) (942),bwa (DA71) (942),2822953,942
,,0,2023-05-13T12:43:20.025536841Z,2023-06-12T12:43:20.025536841Z,2023-06-06T18:15:38.531940147Z,794.6884,docker_cpu_usage_pct,bwa (DA71) (942),bwa (DA71) (942),2822953,942
,,0,2023-05-13T12:43:20.025536841Z,2023-06-12T12:43:20.025536841Z,2023-06-06T18:15:40.531667228Z,798.1703,docker_cpu_usage_pct,bwa (DA71) (942),bwa (DA71) (942),2822953,942
,,0,2023-05-13T12:43:20.025536841Z,2023-06-12T12:43:20.025536841Z,2023-06-06T18:15:42.533476967Z,800.5617,docker_cpu_usage_pct,bwa (DA71) (942),bwa (DA71) (942),2822953,942
,,0,2023-05-13T12:43:20.025536841Z,2023-06-12T12:43:20.025536841Z,2023-06-06T18:15:44.532044401Z,798.8079,docker_cpu_usage_pct,bwa (DA71) (942),bwa (DA71) (942),2822953,942
,,0,2023-05-13T12:43:20.025536841Z,2023-06-12T12:43:20.025536841Z,2023-06-06T18:15:46.531771792Z,798.5588,docker_cpu_usage_pct,bwa (DA71) (942),bwa (DA71) (942),2822953,942
,,0,2023-05-13T12:43:20.025536841Z,2023-06-12T12:43:20.025536841Z,2023-06-06T18:15:48.531599466Z,799.3629,docker_cpu_usage_pct,bwa (DA71) (942),bwa (DA71) (942),2822953,942
,,0,2023-05-13T12:43:20.025536841Z,2023-06-12T12:43:20.025536841Z,2023-06-06T18:15:50.531561155Z,795.8306,docker_cpu_usage_pct,bwa (DA71) (942),bwa (DA71) (942),2822953,942
,,0,2023-05-13T12:43:20.025536841Z,2023-06-12T12:43:20.025536841Z,2023-06-06T18:15:52.532572079Z,795.7219,docker_cpu_usage_pct,bwa (DA71) (942),bwa (DA71) (942),2822953,942
,,0,2023-05-13T12:43:20.025536841Z,2023-06-12T12:43:20.025536841Z,2023-06-06T18:15:54.53168894Z,795.5441,docker_cpu_usage_pct,bwa (DA71) (942),bwa (DA71) (942),2822953,942
,,0,2023-05-13T12:43:20.025536841Z,2023-06-12T12:43:20.025536841Z,2023-06-06T18:15:56.532349861Z,696.8287,docker_cpu_usage_pct,bwa (DA71) (942),bwa (DA71) (942),2822953,942
,,0,2023-05-13T12:43:20.025536841Z,2023-06-12T12:43:20.025536841Z,2023-06-06T18:15:58.532105584Z,432.5135,docker_cpu_usage_pct,bwa (DA71) (942),bwa (DA71) (942),2822953,942
,,0,2023-05-13T12:43:20.025536841Z,2023-06-12T12:43:20.025536841Z,2023-06-06T18:16:00.531870006Z,151.0509,docker_cpu_usage_pct,bwa (DA71) (942),bwa (DA71) (942),2822953,942
,,0,2023-05-13T12:43:20.025536841Z,2023-06-12T12:43:20.025536841Z,2023-06-06T18:16:02.531607728Z,100.0154,docker_cpu_usage_pct,bwa (DA71) (942),bwa (DA71) (942),2822953,942
,,0,2023-05-13T12:43:20.025536841Z,2023-06-12T12:43:20.025536841Z,2023-06-06T18:16:04.532486006Z,705.2684,docker_cpu_usage_pct,bwa (DA71) (942),bwa (DA71) (942),2822953,942
,,0,2023-05-13T12:43:20.025536841Z,2023-06-12T12:43:20.025536841Z,2023-06-06T18:16:06.532146075Z,799.0362,docker_cpu_usage_pct,bwa (DA71) (942),bwa (DA71) (942),2822953,942
,,0,2023-05-13T12:43:20.025536841Z,2023-06-12T12:43:20.025536841Z,2023-06-06T18:16:08.531932718Z,795.3873,docker_cpu_usage_pct,bwa (DA71) (942),bwa (DA71) (942),2822953,942
,,0,2023-05-13T12:43:20.025536841Z,2023-06-12T12:43:20.025536841Z,2023-06-06T18:16:10.53168017Z,799.9115,docker_cpu_usage_pct,bwa (DA71) (942),bwa (DA71) (942),2822953,942
,,0,2023-05-13T12:43:20.025536841Z,2023-06-12T12:43:20.025536841Z,2023-06-06T18:16:12.531346079Z,801.5716,docker_cpu_usage_pct,bwa (DA71) (942),bwa (DA71) (942),2822953,942
,,0,2023-05-13T12:43:20.025536841Z,2023-06-12T12:43:20.025536841Z,2023-06-06T18:16:14.532125854Z,798.6094,docker_cpu_usage_pct,bwa (DA71) (942),bwa (DA71) (942),2822953,942
,,0,2023-05-13T12:43:20.025536841Z,2023-06-12T12:43:20.025536841Z,2023-06-06T18:16:16.533294463Z,799.1109,docker_cpu_usage_pct,bwa (DA71) (942),bwa (DA71) (942),2822953,942
,,0,2023-05-13T12:43:20.025536841Z,2023-06-12T12:43:20.025536841Z,2023-06-06T18:16:18.533184859Z,799.0994,docker_cpu_usage_pct,bwa (DA71) (942),bwa (DA71) (942),2822953,942
,,0,2023-05-13T12:43:20.025536841Z,2023-06-12T12:43:20.025536841Z,2023-06-06T18:16:21.537046074Z,798.0264,docker_cpu_usage_pct,bwa (DA71) (942),bwa (DA71) (942),2822953,942
,,0,2023-05-13T12:43:20.025536841Z,2023-06-12T12:43:20.025536841Z,2023-06-06T18:16:23.537159498Z,798.9729,docker_cpu_usage_pct,bwa (DA71) (942),bwa (DA71) (942),2822953,942
,,0,2023-05-13T12:43:20.025536841Z,2023-06-12T12:43:20.025536841Z,2023-06-06T18:16:25.531716542Z,797.5251,docker_cpu_usage_pct,bwa (DA71) (942),bwa (DA71) (942),2822953,942
,,0,2023-05-13T12:43:20.025536841Z,2023-06-12T12:43:20.025536841Z,2023-06-06T18:16:27.532475146Z,793.6595,docker_cpu_usage_pct,bwa (DA71) (942),bwa (DA71) (942),2822953,942
,,0,2023-05-13T12:43:20.025536841Z,2023-06-12T12:43:20.025536841Z,2023-06-06T18:16:29.532234488Z,801.6175,docker_cpu_usage_pct,bwa (DA71) (942),bwa (DA71) (942),2822953,942
,,0,2023-05-13T12:43:20.025536841Z,2023-06-12T12:43:20.025536841Z,2023-06-06T18:16:31.531834095Z,798.5453,docker_cpu_usage_pct,bwa (DA71) (942),bwa (DA71) (942),2822953,942
,,0,2023-05-13T12:43:20.025536841Z,2023-06-12T12:43:20.025536841Z,2023-06-06T18:16:33.531534505Z,796.7569,docker_cpu_usage_pct,bwa (DA71) (942),bwa (DA71) (942),2822953,942
,,0,2023-05-13T12:43:20.025536841Z,2023-06-12T12:43:20.025536841Z,2023-06-06T18:16:35.53322Z,798.9627,docker_cpu_usage_pct,bwa (DA71) (942),bwa (DA71) (942),2822953,942
,,0,2023-05-13T12:43:20.025536841Z,2023-06-12T12:43:20.025536841Z,2023-06-06T18:16:37.533245371Z,799.2349,docker_cpu_usage_pct,bwa (DA71) (942),bwa (DA71) (942),2822953,942
,,0,2023-05-13T12:43:20.025536841Z,2023-06-12T12:43:20.025536841Z,2023-06-06T18:16:39.531603978Z,799.9223,docker_cpu_usage_pct,bwa (DA71) (942),bwa (DA71) (942),2822953,942
,,0,2023-05-13T12:43:20.025536841Z,2023-06-12T12:43:20.025536841Z,2023-06-06T18:16:41.533319793Z,798.8786,docker_cpu_usage_pct,bwa (DA71) (942),bwa (DA71) (942),2822953,942
,,0,2023-05-13T12:43:20.025536841Z,2023-06-12T12:43:20.025536841Z,2023-06-06T18:16:43.531961159Z,787.0767,docker_cpu_usage_pct,bwa (DA71) (942),bwa (DA71) (942),2822953,942
,,0,2023-05-13T12:43:20.025536841Z,2023-06-12T12:43:20.025536841Z,2023-06-06T18:16:45.531829905Z,699.9732,docker_cpu_usage_pct,bwa (DA71) (942),bwa (DA71) (942),2822953,942
,,0,2023-05-13T12:43:20.025536841Z,2023-06-12T12:43:20.025536841Z,2023-06-06T18:16:47.531510444Z,508.2992,docker_cpu_usage_pct,bwa (DA71) (942),bwa (DA71) (942),2822953,942
,,0,2023-05-13T12:43:20.025536841Z,2023-06-12T12:43:20.025536841Z,2023-06-06T18:16:49.532164285Z,136.8715,docker_cpu_usage_pct,bwa (DA71) (942),bwa (DA71) (942),2822953,942
,,0,2023-05-13T12:43:20.025536841Z,2023-06-12T12:43:20.025536841Z,2023-06-06T18:16:51.5320159Z,799.5996,docker_cpu_usage_pct,bwa (DA71) (942),bwa (DA71) (942),2822953,942
,,0,2023-05-13T12:43:20.025536841Z,2023-06-12T12:43:20.025536841Z,2023-06-06T18:16:53.533176358Z,796.479,docker_cpu_usage_pct,bwa (DA71) (942),bwa (DA71) (942),2822953,942
,,0,2023-05-13T12:43:20.025536841Z,2023-06-12T12:43:20.025536841Z,2023-06-06T18:16:55.532044001Z,803.0008,docker_cpu_usage_pct,bwa (DA71) (942),bwa (DA71) (942),2822953,942
,,0,2023-05-13T12:43:20.025536841Z,2023-06-12T12:43:20.025536841Z,2023-06-06T18:16:57.531639248Z,798.9531,docker_cpu_usage_pct,bwa (DA71) (942),bwa (DA71) (942),2822953,942
,,0,2023-05-13T12:43:20.025536841Z,2023-06-12T12:43:20.025536841Z,2023-06-06T18:16:59.532470344Z,796.0825,docker_cpu_usage_pct,bwa (DA71) (942),bwa (DA71) (942),2822953,942
,,0,2023-05-13T12:43:20.025536841Z,2023-06-12T12:43:20.025536841Z,2023-06-06T18:17:01.532200645Z,800.9362,docker_cpu_usage_pct,bwa (DA71) (942),bwa (DA71) (942),2822953,942
,,0,2023-05-13T12:43:20.025536841Z,2023-06-12T12:43:20.025536841Z,2023-06-06T18:17:03.53203902Z,801.5817,docker_cpu_usage_pct,bwa (DA71) (942),bwa (DA71) (942),2822953,942
,,0,2023-05-13T12:43:20.025536841Z,2023-06-12T12:43:20.025536841Z,2023-06-06T18:17:05.531561304Z,798.1925,docker_cpu_usage_pct,bwa (DA71) (942),bwa (DA71) (942),2822953,942
,,0,2023-05-13T12:43:20.025536841Z,2023-06-12T12:43:20.025536841Z,2023-06-06T18:17:07.532301408Z,800.9819,docker_cpu_usage_pct,bwa (DA71) (942),bwa (DA71) (942),2822953,942
,,0,2023-05-13T12:43:20.025536841Z,2023-06-12T12:43:20.025536841Z,2023-06-06T18:17:09.532109752Z,793.3838,docker_cpu_usage_pct,bwa (DA71) (942),bwa (DA71) (942),2822953,942
,,0,2023-05-13T12:43:20.025536841Z,2023-06-12T12:43:20.025536841Z,2023-06-06T18:17:11.531834112Z,800.3987,docker_cpu_usage_pct,bwa (DA71) (942),bwa (DA71) (942),2822953,942
,,0,2023-05-13T12:43:20.025536841Z,2023-06-12T12:43:20.025536841Z,2023-06-06T18:17:13.537283799Z,800.307,docker_cpu_usage_pct,bwa (DA71) (942),bwa (DA71) (942),2822953,942
,,0,2023-05-13T12:43:20.025536841Z,2023-06-12T12:43:20.025536841Z,2023-06-06T18:17:15.531929635Z,796.8634,docker_cpu_usage_pct,bwa (DA71) (942),bwa (DA71) (942),2822953,942
,,0,2023-05-13T12:43:20.025536841Z,2023-06-12T12:43:20.025536841Z,2023-06-06T18:17:17.531600134Z,799.4332,docker_cpu_usage_pct,bwa (DA71) (942),bwa (DA71) (942),2822953,942
,,0,2023-05-13T12:43:20.025536841Z,2023-06-12T12:43:20.025536841Z,2023-06-06T18:17:19.5314886Z,800.7399,docker_cpu_usage_pct,bwa (DA71) (942),bwa (DA71) (942),2822953,942
,,0,2023-05-13T12:43:20.025536841Z,2023-06-12T12:43:20.025536841Z,2023-06-06T18:17:21.532220424Z,797.4335,docker_cpu_usage_pct,bwa (DA71) (942),bwa (DA71) (942),2822953,942
,,0,2023-05-13T12:43:20.025536841Z,2023-06-12T12:43:20.025536841Z,2023-06-06T18:17:23.532269245Z,801.2312,docker_cpu_usage_pct,bwa (DA71) (942),bwa (DA71) (942),2822953,942
,,0,2023-05-13T12:43:20.025536841Z,2023-06-12T12:43:20.025536841Z,2023-06-06T18:17:25.532011766Z,797.3523,docker_cpu_usage_pct,bwa (DA71) (942),bwa (DA71) (942),2822953,942
,,0,2023-05-13T12:43:20.025536841Z,2023-06-12T12:43:20.025536841Z,2023-06-06T18:17:27.531876852Z,795.0993,docker_cpu_usage_pct,bwa (DA71) (942),bwa (DA71) (942),2822953,942
,,0,2023-05-13T12:43:20.025536841Z,2023-06-12T12:43:20.025536841Z,2023-06-06T18:17:29.532405249Z,801.7718,docker_cpu_usage_pct,bwa (DA71) (942),bwa (DA71) (942),2822953,942
,,0,2023-05-13T12:43:20.025536841Z,2023-06-12T12:43:20.025536841Z,2023-06-06T18:17:31.532108859Z,798.6552,docker_cpu_usage_pct,bwa (DA71) (942),bwa (DA71) (942),2822953,942
,,0,2023-05-13T12:43:20.025536841Z,2023-06-12T12:43:20.025536841Z,2023-06-06T18:17:33.531938133Z,796.6599,docker_cpu_usage_pct,bwa (DA71) (942),bwa (DA71) (942),2822953,942
,,0,2023-05-13T12:43:20.025536841Z,2023-06-12T12:43:20.025536841Z,2023-06-06T18:17:35.531508289Z,799.5624,docker_cpu_usage_pct,bwa (DA71) (942),bwa (DA71) (942),2822953,942
,,0,2023-05-13T12:43:20.025536841Z,2023-06-12T12:43:20.025536841Z,2023-06-06T18:17:37.532234062Z,634.8633,docker_cpu_usage_pct,bwa (DA71) (942),bwa (DA71) (942),2822953,942
,,0,2023-05-13T12:43:20.025536841Z,2023-06-12T12:43:20.025536841Z,2023-06-06T18:17:39.531979004Z,343.9931,docker_cpu_usage_pct,bwa (DA71) (942),bwa (DA71) (942),2822953,942
,,0,2023-05-13T12:43:20.025536841Z,2023-06-12T12:43:20.025536841Z,2023-06-06T18:17:41.531740966Z,100.0178,docker_cpu_usage_pct,bwa (DA71) (942),bwa (DA71) (942),2822953,942
,,0,2023-05-13T12:43:20.025536841Z,2023-06-12T12:43:20.025536841Z,2023-06-06T18:17:43.531648532Z,594.7113,docker_cpu_usage_pct,bwa (DA71) (942),bwa (DA71) (942),2822953,942
,,0,2023-05-13T12:43:20.025536841Z,2023-06-12T12:43:20.025536841Z,2023-06-06T18:17:45.532253161Z,800.5182,docker_cpu_usage_pct,bwa (DA71) (942),bwa (DA71) (942),2822953,942
,,0,2023-05-13T12:43:20.025536841Z,2023-06-12T12:43:20.025536841Z,2023-06-06T18:17:47.532046374Z,801.0993,docker_cpu_usage_pct,bwa (DA71) (942),bwa (DA71) (942),2822953,942
,,0,2023-05-13T12:43:20.025536841Z,2023-06-12T12:43:20.025536841Z,2023-06-06T18:17:49.531792366Z,798.581,docker_cpu_usage_pct,bwa (DA71) (942),bwa (DA71) (942),2822953,942
,,0,2023-05-13T12:43:20.025536841Z,2023-06-12T12:43:20.025536841Z,2023-06-06T18:17:51.531748584Z,801.0446,docker_cpu_usage_pct,bwa (DA71) (942),bwa (DA71) (942),2822953,942
,,0,2023-05-13T12:43:20.025536841Z,2023-06-12T12:43:20.025536841Z,2023-06-06T18:17:54.533224481Z,800.0011,docker_cpu_usage_pct,bwa (DA71) (942),bwa (DA71) (942),2822953,942
,,0,2023-05-13T12:43:20.025536841Z,2023-06-12T12:43:20.025536841Z,2023-06-06T18:17:55.533432868Z,797.8147,docker_cpu_usage_pct,bwa (DA71) (942),bwa (DA71) (942),2822953,942
,,0,2023-05-13T12:43:20.025536841Z,2023-06-12T12:43:20.025536841Z,2023-06-06T18:17:57.53197355Z,801.5809,docker_cpu_usage_pct,bwa (DA71) (942),bwa (DA71) (942),2822953,942
,,0,2023-05-13T12:43:20.025536841Z,2023-06-12T12:43:20.025536841Z,2023-06-06T18:18:00.531785503Z,796.0171,docker_cpu_usage_pct,bwa (DA71) (942),bwa (DA71) (942),2822953,942
,,0,2023-05-13T12:43:20.025536841Z,2023-06-12T12:43:20.025536841Z,2023-06-06T18:18:02.541350794Z,799.3437,docker_cpu_usage_pct,bwa (DA71) (942),bwa (DA71) (942),2822953,942
,,0,2023-05-13T12:43:20.025536841Z,2023-06-12T12:43:20.025536841Z,2023-06-06T18:18:04.531767232Z,800.0744,docker_cpu_usage_pct,bwa (DA71) (942),bwa (DA71) (942),2822953,942
,,0,2023-05-13T12:43:20.025536841Z,2023-06-12T12:43:20.025536841Z,2023-06-06T18:18:06.532490255Z,797.4897,docker_cpu_usage_pct,bwa (DA71) (942),bwa (DA71) (942),2822953,942
,,0,2023-05-13T12:43:20.025536841Z,2023-06-12T12:43:20.025536841Z,2023-06-06T18:18:08.533112265Z,796.3245,docker_cpu_usage_pct,bwa (DA71) (942),bwa (DA71) (942),2822953,942
,,0,2023-05-13T12:43:20.025536841Z,2023-06-12T12:43:20.025536841Z,2023-06-06T18:18:10.53172164Z,796.0814,docker_cpu_usage_pct,bwa (DA71) (942),bwa (DA71) (942),2822953,942
,,0,2023-05-13T12:43:20.025536841Z,2023-06-12T12:43:20.025536841Z,2023-06-06T18:18:13.531566744Z,800.1116,docker_cpu_usage_pct,bwa (DA71) (942),bwa (DA71) (942),2822953,942
,,0,2023-05-13T12:43:20.025536841Z,2023-06-12T12:43:20.025536841Z,2023-06-06T18:18:15.531621165Z,799.1449,docker_cpu_usage_pct,bwa (DA71) (942),bwa (DA71) (942),2822953,942
,,0,2023-05-13T12:43:20.025536841Z,2023-06-12T12:43:20.025536841Z,2023-06-06T18:18:17.532510884Z,801.0866,docker_cpu_usage_pct,bwa (DA71) (942),bwa (DA71) (942),2822953,942
,,0,2023-05-13T12:43:20.025536841Z,2023-06-12T12:43:20.025536841Z,2023-06-06T18:18:19.532054169Z,793.5736,docker_cpu_usage_pct,bwa (DA71) (942),bwa (DA71) (942),2822953,942
,,0,2023-05-13T12:43:20.025536841Z,2023-06-12T12:43:20.025536841Z,2023-06-06T18:18:21.53180114Z,802.8338,docker_cpu_usage_pct,bwa (DA71) (942),bwa (DA71) (942),2822953,942
,,0,2023-05-13T12:43:20.025536841Z,2023-06-12T12:43:20.025536841Z,2023-06-06T18:18:23.531631254Z,799.8007,docker_cpu_usage_pct,bwa (DA71) (942),bwa (DA71) (942),2822953,942
,,0,2023-05-13T12:43:20.025536841Z,2023-06-12T12:43:20.025536841Z,2023-06-06T18:18:25.532349127Z,799.5297,docker_cpu_usage_pct,bwa (DA71) (942),bwa (DA71) (942),2822953,942
,,0,2023-05-13T12:43:20.025536841Z,2023-06-12T12:43:20.025536841Z,2023-06-06T18:18:27.532252313Z,690.9266,docker_cpu_usage_pct,bwa (DA71) (942),bwa (DA71) (942),2822953,942
,,0,2023-05-13T12:43:20.025536841Z,2023-06-12T12:43:20.025536841Z,2023-06-06T18:18:29.531960993Z,602.1906,docker_cpu_usage_pct,bwa (DA71) (942),bwa (DA71) (942),2822953,942
,,0,2023-05-13T12:43:20.025536841Z,2023-06-12T12:43:20.025536841Z,2023-06-06T18:18:31.531706545Z,431.9154,docker_cpu_usage_pct,bwa (DA71) (942),bwa (DA71) (942),2822953,942
,,0,2023-05-13T12:43:20.025536841Z,2023-06-12T12:43:20.025536841Z,2023-06-06T18:18:33.532360196Z,200.5693,docker_cpu_usage_pct,bwa (DA71) (942),bwa (DA71) (942),2822953,942
,,0,2023-05-13T12:43:20.025536841Z,2023-06-12T12:43:20.025536841Z,2023-06-06T18:18:35.532136808Z,201.2186,docker_cpu_usage_pct,bwa (DA71) (942),bwa (DA71) (942),2822953,942
,,0,2023-05-13T12:43:20.025536841Z,2023-06-12T12:43:20.025536841Z,2023-06-06T18:18:37.532022103Z,798.9295,docker_cpu_usage_pct,bwa (DA71) (942),bwa (DA71) (942),2822953,942
,,0,2023-05-13T12:43:20.025536841Z,2023-06-12T12:43:20.025536841Z,2023-06-06T18:18:39.531754604Z,797.9078,docker_cpu_usage_pct,bwa (DA71) (942),bwa (DA71) (942),2822953,942
,,0,2023-05-13T12:43:20.025536841Z,2023-06-12T12:43:20.025536841Z,2023-06-06T18:18:41.53164492Z,799.2222,docker_cpu_usage_pct,bwa (DA71) (942),bwa (DA71) (942),2822953,942
,,0,2023-05-13T12:43:20.025536841Z,2023-06-12T12:43:20.025536841Z,2023-06-06T18:18:43.531607269Z,796.8956,docker_cpu_usage_pct,bwa (DA71) (942),bwa (DA71) (942),2822953,942
,,0,2023-05-13T12:43:20.025536841Z,2023-06-12T12:43:20.025536841Z,2023-06-06T18:18:45.5322948Z,803.3669,docker_cpu_usage_pct,bwa (DA71) (942),bwa (DA71) (942),2822953,942
,,0,2023-05-13T12:43:20.025536841Z,2023-06-12T12:43:20.025536841Z,2023-06-06T18:18:47.531951229Z,804.4649,docker_cpu_usage_pct,bwa (DA71) (942),bwa (DA71) (942),2822953,942
,,0,2023-05-13T12:43:20.025536841Z,2023-06-12T12:43:20.025536841Z,2023-06-06T18:18:49.531664179Z,797.4283,docker_cpu_usage_pct,bwa (DA71) (942),bwa (DA71) (942),2822953,942
,,0,2023-05-13T12:43:20.025536841Z,2023-06-12T12:43:20.025536841Z,2023-06-06T18:18:51.532372702Z,796.2826,docker_cpu_usage_pct,bwa (DA71) (942),bwa (DA71) (942),2822953,942
,,0,2023-05-13T12:43:20.025536841Z,2023-06-12T12:43:20.025536841Z,2023-06-06T18:18:53.531352887Z,797.4567,docker_cpu_usage_pct,bwa (DA71) (942),bwa (DA71) (942),2822953,942
,,0,2023-05-13T12:43:20.025536841Z,2023-06-12T12:43:20.025536841Z,2023-06-06T18:18:55.532391011Z,798.5056,docker_cpu_usage_pct,bwa (DA71) (942),bwa (DA71) (942),2822953,942
,,0,2023-05-13T12:43:20.025536841Z,2023-06-12T12:43:20.025536841Z,2023-06-06T18:18:57.531614515Z,802.1563,docker_cpu_usage_pct,bwa (DA71) (942),bwa (DA71) (942),2822953,942
,,0,2023-05-13T12:43:20.025536841Z,2023-06-12T12:43:20.025536841Z,2023-06-06T18:18:59.531667696Z,794.5208,docker_cpu_usage_pct,bwa (DA71) (942),bwa (DA71) (942),2822953,942
,,0,2023-05-13T12:43:20.025536841Z,2023-06-12T12:43:20.025536841Z,2023-06-06T18:19:01.537265238Z,700.2345,docker_cpu_usage_pct,bwa (DA71) (942),bwa (DA71) (942),2822953,942
,,0,2023-05-13T12:43:20.025536841Z,2023-06-12T12:43:20.025536841Z,2023-06-06T18:19:03.532035397Z,649.7492,docker_cpu_usage_pct,bwa (DA71) (942),bwa (DA71) (942),2822953,942
,,0,2023-05-13T12:43:20.025536841Z,2023-06-12T12:43:20.025536841Z,2023-06-06T18:19:05.531680985Z,470.9584,docker_cpu_usage_pct,bwa (DA71) (942),bwa (DA71) (942),2822953,942
,,0,2023-05-13T12:43:20.025536841Z,2023-06-12T12:43:20.025536841Z,2023-06-06T18:19:07.531411936Z,100.0058,docker_cpu_usage_pct,bwa (DA71) (942),bwa (DA71) (942),2822953,942
,,0,2023-05-13T12:43:20.025536841Z,2023-06-12T12:43:20.025536841Z,2023-06-06T18:19:09.532209661Z,100.0042,docker_cpu_usage_pct,bwa (DA71) (942),bwa (DA71) (942),2822953,942
,,0,2023-05-13T12:43:20.025536841Z,2023-06-12T12:43:20.025536841Z,2023-06-06T18:19:11.531977093Z,114.9745,docker_cpu_usage_pct,bwa (DA71) (942),bwa (DA71) (942),2822953,942
,,0,2023-05-13T12:43:20.025536841Z,2023-06-12T12:43:20.025536841Z,2023-06-06T18:19:13.531717574Z,110.4321,docker_cpu_usage_pct,bwa (DA71) (942),bwa (DA71) (942),2822953,942
,,0,2023-05-13T12:43:20.025536841Z,2023-06-12T12:43:20.025536841Z,2023-06-06T18:19:15.531693183Z,100.5671,docker_cpu_usage_pct,bwa (DA71) (942),bwa (DA71) (942),2822953,942
,,0,2023-05-13T12:43:20.025536841Z,2023-06-12T12:43:20.025536841Z,2023-06-06T18:19:17.532318192Z,99.3914,docker_cpu_usage_pct,bwa (DA71) (942),bwa (DA71) (942),2822953,942
,,0,2023-05-13T12:43:20.025536841Z,2023-06-12T12:43:20.025536841Z,2023-06-06T18:19:19.532168827Z,99.6767,docker_cpu_usage_pct,bwa (DA71) (942),bwa (DA71) (942),2822953,942
,,0,2023-05-13T12:43:20.025536841Z,2023-06-12T12:43:20.025536841Z,2023-06-06T18:19:21.531922938Z,100.041,docker_cpu_usage_pct,bwa (DA71) (942),bwa (DA71) (942),2822953,942
,,0,2023-05-13T12:43:20.025536841Z,2023-06-12T12:43:20.025536841Z,2023-06-06T18:19:23.531628548Z,97.7636,docker_cpu_usage_pct,bwa (DA71) (942),bwa (DA71) (942),2822953,942
,,0,2023-05-13T12:43:20.025536841Z,2023-06-12T12:43:20.025536841Z,2023-06-06T18:19:26.531551955Z,100.0935,docker_cpu_usage_pct,bwa (DA71) (942),bwa (DA71) (942),2822953,942
,,0,2023-05-13T12:43:20.025536841Z,2023-06-12T12:43:20.025536841Z,2023-06-06T18:19:27.532295998Z,100.0376,docker_cpu_usage_pct,bwa (DA71) (942),bwa (DA71) (942),2822953,942
,,0,2023-05-13T12:43:20.025536841Z,2023-06-12T12:43:20.025536841Z,2023-06-06T18:19:29.531907745Z,98.598,docker_cpu_usage_pct,bwa (DA71) (942),bwa (DA71) (942),2822953,942
,,0,2023-05-13T12:43:20.025536841Z,2023-06-12T12:43:20.025536841Z,2023-06-06T18:19:32.531715968Z,99.9305,docker_cpu_usage_pct,bwa (DA71) (942),bwa (DA71) (942),2822953,942
,,0,2023-05-13T12:43:20.025536841Z,2023-06-12T12:43:20.025536841Z,2023-06-06T18:19:34.531582583Z,100.1583,docker_cpu_usage_pct,bwa (DA71) (942),bwa (DA71) (942),2822953,942
,,0,2023-05-13T12:43:20.025536841Z,2023-06-12T12:43:20.025536841Z,2023-06-06T18:19:36.532353188Z,98.4788,docker_cpu_usage_pct,bwa (DA71) (942),bwa (DA71) (942),2822953,942
,,0,2023-05-13T12:43:20.025536841Z,2023-06-12T12:43:20.025536841Z,2023-06-06T18:19:38.532037396Z,99.3718,docker_cpu_usage_pct,bwa (DA71) (942),bwa (DA71) (942),2822953,942
,,0,2023-05-13T12:43:20.025536841Z,2023-06-12T12:43:20.025536841Z,2023-06-06T18:19:40.531746547Z,99.9886,docker_cpu_usage_pct,bwa (DA71) (942),bwa (DA71) (942),2822953,942
,,0,2023-05-13T12:43:20.025536841Z,2023-06-12T12:43:20.025536841Z,2023-06-06T18:19:42.531537469Z,98.548,docker_cpu_usage_pct,bwa (DA71) (942),bwa (DA71) (942),2822953,942
,,0,2023-05-13T12:43:20.025536841Z,2023-06-12T12:43:20.025536841Z,2023-06-06T18:19:44.5321971Z,110.7271,docker_cpu_usage_pct,bwa (DA71) (942),bwa (DA71) (942),2822953,942
,,0,2023-05-13T12:43:20.025536841Z,2023-06-12T12:43:20.025536841Z,2023-06-06T18:19:46.531901529Z,99.9452,docker_cpu_usage_pct,bwa (DA71) (942),bwa (DA71) (942),2822953,942
,,0,2023-05-13T12:43:20.025536841Z,2023-06-12T12:43:20.025536841Z,2023-06-06T18:19:48.53195016Z,98.6379,docker_cpu_usage_pct,bwa (DA71) (942),bwa (DA71) (942),2822953,942
,,0,2023-05-13T12:43:20.025536841Z,2023-06-12T12:43:20.025536841Z,2023-06-06T18:19:50.53165715Z,99.7836,docker_cpu_usage_pct,bwa (DA71) (942),bwa (DA71) (942),2822953,942
,,0,2023-05-13T12:43:20.025536841Z,2023-06-12T12:43:20.025536841Z,2023-06-06T18:19:52.531389451Z,99.6611,docker_cpu_usage_pct,bwa (DA71) (942),bwa (DA71) (942),2822953,942
,,0,2023-05-13T12:43:20.025536841Z,2023-06-12T12:43:20.025536841Z,2023-06-06T18:19:54.532116114Z,98.9703,docker_cpu_usage_pct,bwa (DA71) (942),bwa (DA71) (942),2822953,942
,,0,2023-05-13T12:43:20.025536841Z,2023-06-12T12:43:20.025536841Z,2023-06-06T18:19:56.531951638Z,99.9674,docker_cpu_usage_pct,bwa (DA71) (942),bwa (DA71) (942),2822953,942
,,0,2023-05-13T12:43:20.025536841Z,2023-06-12T12:43:20.025536841Z,2023-06-06T18:19:58.531674558Z,99.9976,docker_cpu_usage_pct,bwa (DA71) (942),bwa (DA71) (942),2822953,942
,,0,2023-05-13T12:43:20.025536841Z,2023-06-12T12:43:20.025536841Z,2023-06-06T18:20:00.531400419Z,99.0009,docker_cpu_usage_pct,bwa (DA71) (942),bwa (DA71) (942),2822953,942
,,0,2023-05-13T12:43:20.025536841Z,2023-06-12T12:43:20.025536841Z,2023-06-06T18:20:02.531745129Z,115.33,docker_cpu_usage_pct,bwa (DA71) (942),bwa (DA71) (942),2822953,942
,,0,2023-05-13T12:43:20.025536841Z,2023-06-12T12:43:20.025536841Z,2023-06-06T18:20:04.531411737Z,99.5629,docker_cpu_usage_pct,bwa (DA71) (942),bwa (DA71) (942),2822953,942
,,0,2023-05-13T12:43:20.025536841Z,2023-06-12T12:43:20.025536841Z,2023-06-06T18:20:06.532171371Z,99.9673,docker_cpu_usage_pct,bwa (DA71) (942),bwa (DA71) (942),2822953,942
,,0,2023-05-13T12:43:20.025536841Z,2023-06-12T12:43:20.025536841Z,2023-06-06T18:20:08.531792158Z,119.2255,docker_cpu_usage_pct,bwa (DA71) (942),bwa (DA71) (942),2822953,942
,,0,2023-05-13T12:43:20.025536841Z,2023-06-12T12:43:20.025536841Z,2023-06-06T18:20:10.531632662Z,100.0248,docker_cpu_usage_pct,bwa (DA71) (942),bwa (DA71) (942),2822953,942
,,0,2023-05-13T12:43:20.025536841Z,2023-06-12T12:43:20.025536841Z,2023-06-06T18:20:12.532466669Z,99.7578,docker_cpu_usage_pct,bwa (DA71) (942),bwa (DA71) (942),2822953,942
,,0,2023-05-13T12:43:20.025536841Z,2023-06-12T12:43:20.025536841Z,2023-06-06T18:20:14.532086115Z,121.2538,docker_cpu_usage_pct,bwa (DA71) (942),bwa (DA71) (942),2822953,942
,,0,2023-05-13T12:43:20.025536841Z,2023-06-12T12:43:20.025536841Z,2023-06-06T18:20:16.531822506Z,99.9507,docker_cpu_usage_pct,bwa (DA71) (942),bwa (DA71) (942),2822953,942
,,0,2023-05-13T12:43:20.025536841Z,2023-06-12T12:43:20.025536841Z,2023-06-06T18:20:18.531515075Z,100.0525,docker_cpu_usage_pct,bwa (DA71) (942),bwa (DA71) (942),2822953,942
,,0,2023-05-13T12:43:20.025536841Z,2023-06-12T12:43:20.025536841Z,2023-06-06T18:20:20.532324161Z,129.2444,docker_cpu_usage_pct,bwa (DA71) (942),bwa (DA71) (942),2822953,942
,,0,2023-05-13T12:43:20.025536841Z,2023-06-12T12:43:20.025536841Z,2023-06-06T18:20:22.53201746Z,99.9968,docker_cpu_usage_pct,bwa (DA71) (942),bwa (DA71) (942),2822953,942
,,0,2023-05-13T12:43:20.025536841Z,2023-06-12T12:43:20.025536841Z,2023-06-06T18:20:24.53172895Z,99.9682,docker_cpu_usage_pct,bwa (DA71) (942),bwa (DA71) (942),2822953,942
,,0,2023-05-13T12:43:20.025536841Z,2023-06-12T12:43:20.025536841Z,2023-06-06T18:20:26.531506232Z,119.7442,docker_cpu_usage_pct,bwa (DA71) (942),bwa (DA71) (942),2822953,942
,,0,2023-05-13T12:43:20.025536841Z,2023-06-12T12:43:20.025536841Z,2023-06-06T18:20:28.532117881Z,100.2601,docker_cpu_usage_pct,bwa (DA71) (942),bwa (DA71) (942),2822953,942
,,0,2023-05-13T12:43:20.025536841Z,2023-06-12T12:43:20.025536841Z,2023-06-06T18:20:30.531633664Z,100.0095,docker_cpu_usage_pct,bwa (DA71) (942),bwa (DA71) (942),2822953,942
,,0,2023-05-13T12:43:20.025536841Z,2023-06-12T12:43:20.025536841Z,2023-06-06T18:20:32.532407149Z,119.9848,docker_cpu_usage_pct,bwa (DA71) (942),bwa (DA71) (942),2822953,942
,,0,2023-05-13T12:43:20.025536841Z,2023-06-12T12:43:20.025536841Z,2023-06-06T18:20:34.53214149Z,99.4928,docker_cpu_usage_pct,bwa (DA71) (942),bwa (DA71) (942),2822953,942
,,0,2023-05-13T12:43:20.025536841Z,2023-06-12T12:43:20.025536841Z,2023-06-06T18:20:36.532024655Z,99.6899,docker_cpu_usage_pct,bwa (DA71) (942),bwa (DA71) (942),2822953,942
,,0,2023-05-13T12:43:20.025536841Z,2023-06-12T12:43:20.025536841Z,2023-06-06T18:20:38.531642241Z,119.6406,docker_cpu_usage_pct,bwa (DA71) (942),bwa (DA71) (942),2822953,942
,,0,2023-05-13T12:43:20.025536841Z,2023-06-12T12:43:20.025536841Z,2023-06-06T18:20:40.531428284Z,99.9747,docker_cpu_usage_pct,bwa (DA71) (942),bwa (DA71) (942),2822953,942
,,0,2023-05-13T12:43:20.025536841Z,2023-06-12T12:43:20.025536841Z,2023-06-06T18:20:42.532167117Z,100.05,docker_cpu_usage_pct,bwa (DA71) (942),bwa (DA71) (942),2822953,942
,,0,2023-05-13T12:43:20.025536841Z,2023-06-12T12:43:20.025536841Z,2023-06-06T18:20:44.53197158Z,127.5943,docker_cpu_usage_pct,bwa (DA71) (942),bwa (DA71) (942),2822953,942
,,0,2023-05-13T12:43:20.025536841Z,2023-06-12T12:43:20.025536841Z,2023-06-06T18:20:46.531675369Z,99.9675,docker_cpu_usage_pct,bwa (DA71) (942),bwa (DA71) (942),2822953,942
,,0,2023-05-13T12:43:20.025536841Z,2023-06-12T12:43:20.025536841Z,2023-06-06T18:20:48.531290666Z,100.3691,docker_cpu_usage_pct,bwa (DA71) (942),bwa (DA71) (942),2822953,942
,,0,2023-05-13T12:43:20.025536841Z,2023-06-12T12:43:20.025536841Z,2023-06-06T18:20:50.532126942Z,120.3426,docker_cpu_usage_pct,bwa (DA71) (942),bwa (DA71) (942),2822953,942
,,0,2023-05-13T12:43:20.025536841Z,2023-06-12T12:43:20.025536841Z,2023-06-06T18:20:52.532229555Z,100.3313,docker_cpu_usage_pct,bwa (DA71) (942),bwa (DA71) (942),2822953,942
,,0,2023-05-13T12:43:20.025536841Z,2023-06-12T12:43:20.025536841Z,2023-06-06T18:20:54.531895523Z,99.907,docker_cpu_usage_pct,bwa (DA71) (942),bwa (DA71) (942),2822953,942
,,0,2023-05-13T12:43:20.025536841Z,2023-06-12T12:43:20.025536841Z,2023-06-06T18:20:56.531719796Z,119.3202,docker_cpu_usage_pct,bwa (DA71) (942),bwa (DA71) (942),2822953,942
,,0,2023-05-13T12:43:20.025536841Z,2023-06-12T12:43:20.025536841Z,2023-06-06T18:20:58.531426566Z,99.9699,docker_cpu_usage_pct,bwa (DA71) (942),bwa (DA71) (942),2822953,942
,,0,2023-05-13T12:43:20.025536841Z,2023-06-12T12:43:20.025536841Z,2023-06-06T18:21:00.532470319Z,100.0545,docker_cpu_usage_pct,bwa (DA71) (942),bwa (DA71) (942),2822953,942
,,0,2023-05-13T12:43:20.025536841Z,2023-06-12T12:43:20.025536841Z,2023-06-06T18:21:02.531950471Z,115.63,docker_cpu_usage_pct,bwa (DA71) (942),bwa (DA71) (942),2822953,942
,,0,2023-05-13T12:43:20.025536841Z,2023-06-12T12:43:20.025536841Z,2023-06-06T18:21:04.532274151Z,99.9486,docker_cpu_usage_pct,bwa (DA71) (942),bwa (DA71) (942),2822953,942
,,0,2023-05-13T12:43:20.025536841Z,2023-06-12T12:43:20.025536841Z,2023-06-06T18:21:06.532111985Z,99.5743,docker_cpu_usage_pct,bwa (DA71) (942),bwa (DA71) (942),2822953,942
,,0,2023-05-13T12:43:20.025536841Z,2023-06-12T12:43:20.025536841Z,2023-06-06T18:21:09.532022271Z,113.789,docker_cpu_usage_pct,bwa (DA71) (942),bwa (DA71) (942),2822953,942
,,0,2023-05-13T12:43:20.025536841Z,2023-06-12T12:43:20.025536841Z,2023-06-06T18:21:11.53172642Z,100.379,docker_cpu_usage_pct,bwa (DA71) (942),bwa (DA71) (942),2822953,942
,,0,2023-05-13T12:43:20.025536841Z,2023-06-12T12:43:20.025536841Z,2023-06-06T18:21:13.531517672Z,99.9601,docker_cpu_usage_pct,bwa (DA71) (942),bwa (DA71) (942),2822953,942
,,0,2023-05-13T12:43:20.025536841Z,2023-06-12T12:43:20.025536841Z,2023-06-06T18:21:15.532206774Z,97.9083,docker_cpu_usage_pct,bwa (DA71) (942),bwa (DA71) (942),2822953,942
,,0,2023-05-13T12:43:20.025536841Z,2023-06-12T12:43:20.025536841Z,2023-06-06T18:21:17.531945294Z,99.9991,docker_cpu_usage_pct,bwa (DA71) (942),bwa (DA71) (942),2822953,942
,,0,2023-05-13T12:43:20.025536841Z,2023-06-12T12:43:20.025536841Z,2023-06-06T18:21:19.531621323Z,99.7435,docker_cpu_usage_pct,bwa (DA71) (942),bwa (DA71) (942),2822953,942
,,0,2023-05-13T12:43:20.025536841Z,2023-06-12T12:43:20.025536841Z,2023-06-06T18:21:21.531426906Z,98.4586,docker_cpu_usage_pct,bwa (DA71) (942),bwa (DA71) (942),2822953,942
,,0,2023-05-13T12:43:20.025536841Z,2023-06-12T12:43:20.025536841Z,2023-06-06T18:21:23.532012964Z,99.9166,docker_cpu_usage_pct,bwa (DA71) (942),bwa (DA71) (942),2822953,942
,,0,2023-05-13T12:43:20.025536841Z,2023-06-12T12:43:20.025536841Z,2023-06-06T18:21:25.531566919Z,100.0162,docker_cpu_usage_pct,bwa (DA71) (942),bwa (DA71) (942),2822953,942
,,0,2023-05-13T12:43:20.025536841Z,2023-06-12T12:43:20.025536841Z,2023-06-06T18:21:27.532389454Z,98.2321,docker_cpu_usage_pct,bwa (DA71) (942),bwa (DA71) (942),2822953,942
,,0,2023-05-13T12:43:20.025536841Z,2023-06-12T12:43:20.025536841Z,2023-06-06T18:21:29.532111634Z,99.263,docker_cpu_usage_pct,bwa (DA71) (942),bwa (DA71) (942),2822953,942
,,0,2023-05-13T12:43:20.025536841Z,2023-06-12T12:43:20.025536841Z,2023-06-06T18:21:31.531880046Z,100.0644,docker_cpu_usage_pct,bwa (DA71) (942),bwa (DA71) (942),2822953,942
,,0,2023-05-13T12:43:20.025536841Z,2023-06-12T12:43:20.025536841Z,2023-06-06T18:21:33.531596666Z,98.9595,docker_cpu_usage_pct,bwa (DA71) (942),bwa (DA71) (942),2822953,942
,,0,2023-05-13T12:43:20.025536841Z,2023-06-12T12:43:20.025536841Z,2023-06-06T18:21:35.532416512Z,98.2791,docker_cpu_usage_pct,bwa (DA71) (942),bwa (DA71) (942),2822953,942
,,0,2023-05-13T12:43:20.025536841Z,2023-06-12T12:43:20.025536841Z,2023-06-06T18:21:37.531975056Z,99.97,docker_cpu_usage_pct,bwa (DA71) (942),bwa (DA71) (942),2822953,942
,,0,2023-05-13T12:43:20.025536841Z,2023-06-12T12:43:20.025536841Z,2023-06-06T18:21:39.532038768Z,97.685,docker_cpu_usage_pct,bwa (DA71) (942),bwa (DA71) (942),2822953,942
,,0,2023-05-13T12:43:20.025536841Z,2023-06-12T12:43:20.025536841Z,2023-06-06T18:21:41.531720166Z,99.7909,docker_cpu_usage_pct,bwa (DA71) (942),bwa (DA71) (942),2822953,942
,,0,2023-05-13T12:43:20.025536841Z,2023-06-12T12:43:20.025536841Z,2023-06-06T18:21:43.532351926Z,100.3778,docker_cpu_usage_pct,bwa (DA71) (942),bwa (DA71) (942),2822953,942
,,0,2023-05-13T12:43:20.025536841Z,2023-06-12T12:43:20.025536841Z,2023-06-06T18:21:45.532246391Z,98.2603,docker_cpu_usage_pct,bwa (DA71) (942),bwa (DA71) (942),2822953,942
,,0,2023-05-13T12:43:20.025536841Z,2023-06-12T12:43:20.025536841Z,2023-06-06T18:21:47.531949881Z,99.3349,docker_cpu_usage_pct,bwa (DA71) (942),bwa (DA71) (942),2822953,942
,,0,2023-05-13T12:43:20.025536841Z,2023-06-12T12:43:20.025536841Z,2023-06-06T18:21:49.531730073Z,99.6439,docker_cpu_usage_pct,bwa (DA71) (942),bwa (DA71) (942),2822953,942
,,0,2023-05-13T12:43:20.025536841Z,2023-06-12T12:43:20.025536841Z,2023-06-06T18:21:51.531451133Z,98.9899,docker_cpu_usage_pct,bwa (DA71) (942),bwa (DA71) (942),2822953,942
,,0,2023-05-13T12:43:20.025536841Z,2023-06-12T12:43:20.025536841Z,2023-06-06T18:21:53.532256878Z,101.8216,docker_cpu_usage_pct,bwa (DA71) (942),bwa (DA71) (942),2822953,942
,,0,2023-05-13T12:43:20.025536841Z,2023-06-12T12:43:20.025536841Z,2023-06-06T18:21:55.532120212Z,99.9569,docker_cpu_usage_pct,bwa (DA71) (942),bwa (DA71) (942),2822953,942
,,0,2023-05-13T12:43:20.025536841Z,2023-06-12T12:43:20.025536841Z,2023-06-06T18:21:57.531659856Z,98.7648,docker_cpu_usage_pct,bwa (DA71) (942),bwa (DA71) (942),2822953,942
,,0,2023-05-13T12:43:20.025536841Z,2023-06-12T12:43:20.025536841Z,2023-06-06T18:21:59.531651585Z,104.5008,docker_cpu_usage_pct,bwa (DA71) (942),bwa (DA71) (942),2822953,942
,,0,2023-05-13T12:43:20.025536841Z,2023-06-12T12:43:20.025536841Z,2023-06-06T18:22:01.532355757Z,99.4388,docker_cpu_usage_pct,bwa (DA71) (942),bwa (DA71) (942),2822953,942
,,0,2023-05-13T12:43:20.025536841Z,2023-06-12T12:43:20.025536841Z,2023-06-06T18:22:03.532061286Z,98.2705,docker_cpu_usage_pct,bwa (DA71) (942),bwa (DA71) (942),2822953,942
,,0,2023-05-13T12:43:20.025536841Z,2023-06-12T12:43:20.025536841Z,2023-06-06T18:22:05.531822808Z,99.8846,docker_cpu_usage_pct,bwa (DA71) (942),bwa (DA71) (942),2822953,942
,,0,2023-05-13T12:43:20.025536841Z,2023-06-12T12:43:20.025536841Z,2023-06-06T18:22:07.53163471Z,100.0416,docker_cpu_usage_pct,bwa (DA71) (942),bwa (DA71) (942),2822953,942
,,0,2023-05-13T12:43:20.025536841Z,2023-06-12T12:43:20.025536841Z,2023-06-06T18:22:09.532312541Z,97.8494,docker_cpu_usage_pct,bwa (DA71) (942),bwa (DA71) (942),2822953,942
,,0,2023-05-13T12:43:20.025536841Z,2023-06-12T12:43:20.025536841Z,2023-06-06T18:22:11.532212127Z,99.9369,docker_cpu_usage_pct,bwa (DA71) (942),bwa (DA71) (942),2822953,942
,,0,2023-05-13T12:43:20.025536841Z,2023-06-12T12:43:20.025536841Z,2023-06-06T18:22:13.531912166Z,107.7093,docker_cpu_usage_pct,bwa (DA71) (942),bwa (DA71) (942),2822953,942
,,0,2023-05-13T12:43:20.025536841Z,2023-06-12T12:43:20.025536841Z,2023-06-06T18:22:15.531543343Z,98.6064,docker_cpu_usage_pct,bwa (DA71) (942),bwa (DA71) (942),2822953,942
,,0,2023-05-13T12:43:20.025536841Z,2023-06-12T12:43:20.025536841Z,2023-06-06T18:22:17.532377079Z,102.2676,docker_cpu_usage_pct,bwa (DA71) (942),bwa (DA71) (942),2822953,942
,,0,2023-05-13T12:43:20.025536841Z,2023-06-12T12:43:20.025536841Z,2023-06-06T18:22:19.531455799Z,99.9661,docker_cpu_usage_pct,bwa (DA71) (942),bwa (DA71) (942),2822953,942
,,0,2023-05-13T12:43:20.025536841Z,2023-06-12T12:43:20.025536841Z,2023-06-06T18:22:21.532415099Z,99.5934,docker_cpu_usage_pct,bwa (DA71) (942),bwa (DA71) (942),2822953,942
,,0,2023-05-13T12:43:20.025536841Z,2023-06-12T12:43:20.025536841Z,2023-06-06T18:22:23.532216411Z,120.3419,docker_cpu_usage_pct,bwa (DA71) (942),bwa (DA71) (942),2822953,942
,,0,2023-05-13T12:43:20.025536841Z,2023-06-12T12:43:20.025536841Z,2023-06-06T18:22:25.531833258Z,99.9334,docker_cpu_usage_pct,bwa (DA71) (942),bwa (DA71) (942),2822953,942
,,0,2023-05-13T12:43:20.025536841Z,2023-06-12T12:43:20.025536841Z,2023-06-06T18:22:27.532467577Z,99.9876,docker_cpu_usage_pct,bwa (DA71) (942),bwa (DA71) (942),2822953,942
,,0,2023-05-13T12:43:20.025536841Z,2023-06-12T12:43:20.025536841Z,2023-06-06T18:22:29.532301311Z,124.2565,docker_cpu_usage_pct,bwa (DA71) (942),bwa (DA71) (942),2822953,942
,,0,2023-05-13T12:43:20.025536841Z,2023-06-12T12:43:20.025536841Z,2023-06-06T18:22:31.533207869Z,100.007,docker_cpu_usage_pct,bwa (DA71) (942),bwa (DA71) (942),2822953,942
,,0,2023-05-13T12:43:20.025536841Z,2023-06-12T12:43:20.025536841Z,2023-06-06T18:22:33.532050531Z,100.0267,docker_cpu_usage_pct,bwa (DA71) (942),bwa (DA71) (942),2822953,942
,,0,2023-05-13T12:43:20.025536841Z,2023-06-12T12:43:20.025536841Z,2023-06-06T18:22:35.53174211Z,128.8859,docker_cpu_usage_pct,bwa (DA71) (942),bwa (DA71) (942),2822953,942
,,0,2023-05-13T12:43:20.025536841Z,2023-06-12T12:43:20.025536841Z,2023-06-06T18:22:37.531508961Z,100.0593,docker_cpu_usage_pct,bwa (DA71) (942),bwa (DA71) (942),2822953,942
,,0,2023-05-13T12:43:20.025536841Z,2023-06-12T12:43:20.025536841Z,2023-06-06T18:22:39.532206122Z,100.0067,docker_cpu_usage_pct,bwa (DA71) (942),bwa (DA71) (942),2822953,942
,,0,2023-05-13T12:43:20.025536841Z,2023-06-12T12:43:20.025536841Z,2023-06-06T18:22:41.53217586Z,119.807,docker_cpu_usage_pct,bwa (DA71) (942),bwa (DA71) (942),2822953,942
,,0,2023-05-13T12:43:20.025536841Z,2023-06-12T12:43:20.025536841Z,2023-06-06T18:22:43.532700456Z,109.7857,docker_cpu_usage_pct,bwa (DA71) (942),bwa (DA71) (942),2822953,942
,,0,2023-05-13T12:43:20.025536841Z,2023-06-12T12:43:20.025536841Z,2023-06-06T18:22:46.531442604Z,99.6285,docker_cpu_usage_pct,bwa (DA71) (942),bwa (DA71) (942),2822953,942
,,0,2023-05-13T12:43:20.025536841Z,2023-06-12T12:43:20.025536841Z,2023-06-06T18:22:48.532205268Z,118.884,docker_cpu_usage_pct,bwa (DA71) (942),bwa (DA71) (942),2822953,942
,,0,2023-05-13T12:43:20.025536841Z,2023-06-12T12:43:20.025536841Z,2023-06-06T18:22:50.53201611Z,100.0381,docker_cpu_usage_pct,bwa (DA71) (942),bwa (DA71) (942),2822953,942
,,0,2023-05-13T12:43:20.025536841Z,2023-06-12T12:43:20.025536841Z,2023-06-06T18:22:52.531692019Z,98.5749,docker_cpu_usage_pct,bwa (DA71) (942),bwa (DA71) (942),2822953,942
,,0,2023-05-13T12:43:20.025536841Z,2023-06-12T12:43:20.025536841Z,2023-06-06T18:22:54.532328508Z,112.9892,docker_cpu_usage_pct,bwa (DA71) (942),bwa (DA71) (942),2822953,942
,,0,2023-05-13T12:43:20.025536841Z,2023-06-12T12:43:20.025536841Z,2023-06-06T18:22:56.532206863Z,99.9146,docker_cpu_usage_pct,bwa (DA71) (942),bwa (DA71) (942),2822953,942
,,0,2023-05-13T12:43:20.025536841Z,2023-06-12T12:43:20.025536841Z,2023-06-06T18:22:58.531603452Z,98.8416,docker_cpu_usage_pct,bwa (DA71) (942),bwa (DA71) (942),2822953,942
,,0,2023-05-13T12:43:20.025536841Z,2023-06-12T12:43:20.025536841Z,2023-06-06T18:23:00.531332652Z,99.9365,docker_cpu_usage_pct,bwa (DA71) (942),bwa (DA71) (942),2822953,942
,,0,2023-05-13T12:43:20.025536841Z,2023-06-12T12:43:20.025536841Z,2023-06-06T18:23:02.532063715Z,99.7104,docker_cpu_usage_pct,bwa (DA71) (942),bwa (DA71) (942),2822953,942
,,0,2023-05-13T12:43:20.025536841Z,2023-06-12T12:43:20.025536841Z,2023-06-06T18:23:04.531903669Z,98.3824,docker_cpu_usage_pct,bwa (DA71) (942),bwa (DA71) (942),2822953,942
,,0,2023-05-13T12:43:20.025536841Z,2023-06-12T12:43:20.025536841Z,2023-06-06T18:23:06.531578907Z,105.2397,docker_cpu_usage_pct,bwa (DA71) (942),bwa (DA71) (942),2822953,942
,,0,2023-05-13T12:43:20.025536841Z,2023-06-12T12:43:20.025536841Z,2023-06-06T18:23:08.532212216Z,99.9679,docker_cpu_usage_pct,bwa (DA71) (942),bwa (DA71) (942),2822953,942
,,0,2023-05-13T12:43:20.025536841Z,2023-06-12T12:43:20.025536841Z,2023-06-06T18:23:10.531909246Z,99.0641,docker_cpu_usage_pct,bwa (DA71) (942),bwa (DA71) (942),2822953,942
,,0,2023-05-13T12:43:20.025536841Z,2023-06-12T12:43:20.025536841Z,2023-06-06T18:23:12.531690927Z,112.7524,docker_cpu_usage_pct,bwa (DA71) (942),bwa (DA71) (942),2822953,942
,,0,2023-05-13T12:43:20.025536841Z,2023-06-12T12:43:20.025536841Z,2023-06-06T18:23:14.532488272Z,110.7802,docker_cpu_usage_pct,bwa (DA71) (942),bwa (DA71) (942),2822953,942
,,0,2023-05-13T12:43:20.025536841Z,2023-06-12T12:43:20.025536841Z,2023-06-06T18:23:16.532194901Z,99.5553,docker_cpu_usage_pct,bwa (DA71) (942),bwa (DA71) (942),2822953,942
,,0,2023-05-13T12:43:20.025536841Z,2023-06-12T12:43:20.025536841Z,2023-06-06T18:23:18.531925191Z,120.0042,docker_cpu_usage_pct,bwa (DA71) (942),bwa (DA71) (942),2822953,942
,,0,2023-05-13T12:43:20.025536841Z,2023-06-12T12:43:20.025536841Z,2023-06-06T18:23:20.531718204Z,99.9694,docker_cpu_usage_pct,bwa (DA71) (942),bwa (DA71) (942),2822953,942
,,0,2023-05-13T12:43:20.025536841Z,2023-06-12T12:43:20.025536841Z,2023-06-06T18:23:22.531502536Z,99.5411,docker_cpu_usage_pct,bwa (DA71) (942),bwa (DA71) (942),2822953,942
,,0,2023-05-13T12:43:20.025536841Z,2023-06-12T12:43:20.025536841Z,2023-06-06T18:23:24.532220107Z,117.6905,docker_cpu_usage_pct,bwa (DA71) (942),bwa (DA71) (942),2822953,942
,,0,2023-05-13T12:43:20.025536841Z,2023-06-12T12:43:20.025536841Z,2023-06-06T18:23:26.531980328Z,100.3098,docker_cpu_usage_pct,bwa (DA71) (942),bwa (DA71) (942),2822953,942
,,0,2023-05-13T12:43:20.025536841Z,2023-06-12T12:43:20.025536841Z,2023-06-06T18:23:28.531920556Z,99.7474,docker_cpu_usage_pct,bwa (DA71) (942),bwa (DA71) (942),2822953,942
,,0,2023-05-13T12:43:20.025536841Z,2023-06-12T12:43:20.025536841Z,2023-06-06T18:23:30.531580253Z,112.4962,docker_cpu_usage_pct,bwa (DA71) (942),bwa (DA71) (942),2822953,942
,,0,2023-05-13T12:43:20.025536841Z,2023-06-12T12:43:20.025536841Z,2023-06-06T18:23:32.532407519Z,100.0449,docker_cpu_usage_pct,bwa (DA71) (942),bwa (DA71) (942),2822953,942
,,0,2023-05-13T12:43:20.025536841Z,2023-06-12T12:43:20.025536841Z,2023-06-06T18:23:34.532095028Z,99.7903,docker_cpu_usage_pct,bwa (DA71) (942),bwa (DA71) (942),2822953,942
,,0,2023-05-13T12:43:20.025536841Z,2023-06-12T12:43:20.025536841Z,2023-06-06T18:23:36.531869419Z,120.6388,docker_cpu_usage_pct,bwa (DA71) (942),bwa (DA71) (942),2822953,942
,,0,2023-05-13T12:43:20.025536841Z,2023-06-12T12:43:20.025536841Z,2023-06-06T18:23:38.531753564Z,99.936,docker_cpu_usage_pct,bwa (DA71) (942),bwa (DA71) (942),2822953,942
,,0,2023-05-13T12:43:20.025536841Z,2023-06-12T12:43:20.025536841Z,2023-06-06T18:23:40.531414832Z,99.8478,docker_cpu_usage_pct,bwa (DA71) (942),bwa (DA71) (942),2822953,942
,,0,2023-05-13T12:43:20.025536841Z,2023-06-12T12:43:20.025536841Z,2023-06-06T18:23:42.531657709Z,119.4426,docker_cpu_usage_pct,bwa (DA71) (942),bwa (DA71) (942),2822953,942
,,0,2023-05-13T12:43:20.025536841Z,2023-06-12T12:43:20.025536841Z,2023-06-06T18:23:44.531526223Z,110.4415,docker_cpu_usage_pct,bwa (DA71) (942),bwa (DA71) (942),2822953,942
,,0,2023-05-13T12:43:20.025536841Z,2023-06-12T12:43:20.025536841Z,2023-06-06T18:23:46.53241135Z,100.0704,docker_cpu_usage_pct,bwa (DA71) (942),bwa (DA71) (942),2822953,942
,,0,2023-05-13T12:43:20.025536841Z,2023-06-12T12:43:20.025536841Z,2023-06-06T18:23:48.532002366Z,127.3036,docker_cpu_usage_pct,bwa (DA71) (942),bwa (DA71) (942),2822953,942
,,0,2023-05-13T12:43:20.025536841Z,2023-06-12T12:43:20.025536841Z,2023-06-06T18:23:50.531645243Z,99.9704,docker_cpu_usage_pct,bwa (DA71) (942),bwa (DA71) (942),2822953,942
,,0,2023-05-13T12:43:20.025536841Z,2023-06-12T12:43:20.025536841Z,2023-06-06T18:23:52.531372573Z,99.7096,docker_cpu_usage_pct,bwa (DA71) (942),bwa (DA71) (942),2822953,942
,,0,2023-05-13T12:43:20.025536841Z,2023-06-12T12:43:20.025536841Z,2023-06-06T18:23:54.532134807Z,119.8584,docker_cpu_usage_pct,bwa (DA71) (942),bwa (DA71) (942),2822953,942
,,0,2023-05-13T12:43:20.025536841Z,2023-06-12T12:43:20.025536841Z,2023-06-06T18:23:56.531762183Z,99.9935,docker_cpu_usage_pct,bwa (DA71) (942),bwa (DA71) (942),2822953,942
,,0,2023-05-13T12:43:20.025536841Z,2023-06-12T12:43:20.025536841Z,2023-06-06T18:23:58.53171156Z,99.2714,docker_cpu_usage_pct,bwa (DA71) (942),bwa (DA71) (942),2822953,942
,,0,2023-05-13T12:43:20.025536841Z,2023-06-12T12:43:20.025536841Z,2023-06-06T18:24:00.531399229Z,112.8129,docker_cpu_usage_pct,bwa (DA71) (942),bwa (DA71) (942),2822953,942
,,0,2023-05-13T12:43:20.025536841Z,2023-06-12T12:43:20.025536841Z,2023-06-06T18:24:02.53208755Z,100.061,docker_cpu_usage_pct,bwa (DA71) (942),bwa (DA71) (942),2822953,942
,,0,2023-05-13T12:43:20.025536841Z,2023-06-12T12:43:20.025536841Z,2023-06-06T18:24:04.531958795Z,97.8884,docker_cpu_usage_pct,bwa (DA71) (942),bwa (DA71) (942),2822953,942
,,0,2023-05-13T12:43:20.025536841Z,2023-06-12T12:43:20.025536841Z,2023-06-06T18:24:06.531613702Z,107.7934,docker_cpu_usage_pct,bwa (DA71) (942),bwa (DA71) (942),2822953,942
,,0,2023-05-13T12:43:20.025536841Z,2023-06-12T12:43:20.025536841Z,2023-06-06T18:24:08.532362545Z,99.5327,docker_cpu_usage_pct,bwa (DA71) (942),bwa (DA71) (942),2822953,942
,,0,2023-05-13T12:43:20.025536841Z,2023-06-12T12:43:20.025536841Z,2023-06-06T18:24:10.533203892Z,99.0313,docker_cpu_usage_pct,bwa (DA71) (942),bwa (DA71) (942),2822953,942
,,0,2023-05-13T12:43:20.025536841Z,2023-06-12T12:43:20.025536841Z,2023-06-06T18:24:12.532042353Z,121.8583,docker_cpu_usage_pct,bwa (DA71) (942),bwa (DA71) (942),2822953,942
,,0,2023-05-13T12:43:20.025536841Z,2023-06-12T12:43:20.025536841Z,2023-06-06T18:24:14.531763732Z,104.2289,docker_cpu_usage_pct,bwa (DA71) (942),bwa (DA71) (942),2822953,942
,,0,2023-05-13T12:43:20.025536841Z,2023-06-12T12:43:20.025536841Z,2023-06-06T18:24:17.531767131Z,99.7339,docker_cpu_usage_pct,bwa (DA71) (942),bwa (DA71) (942),2822953,942
,,0,2023-05-13T12:43:20.025536841Z,2023-06-12T12:43:20.025536841Z,2023-06-06T18:24:19.531578213Z,124.7107,docker_cpu_usage_pct,bwa (DA71) (942),bwa (DA71) (942),2822953,942
,,0,2023-05-13T12:43:20.025536841Z,2023-06-12T12:43:20.025536841Z,2023-06-06T18:24:21.532235063Z,99.9782,docker_cpu_usage_pct,bwa (DA71) (942),bwa (DA71) (942),2822953,942
,,0,2023-05-13T12:43:20.025536841Z,2023-06-12T12:43:20.025536841Z,2023-06-06T18:24:23.531987454Z,99.9587,docker_cpu_usage_pct,bwa (DA71) (942),bwa (DA71) (942),2822953,942
,,0,2023-05-13T12:43:20.025536841Z,2023-06-12T12:43:20.025536841Z,2023-06-06T18:24:25.531838298Z,120.6438,docker_cpu_usage_pct,bwa (DA71) (942),bwa (DA71) (942),2822953,942
,,0,2023-05-13T12:43:20.025536841Z,2023-06-12T12:43:20.025536841Z,2023-06-06T18:24:27.531564658Z,99.8439,docker_cpu_usage_pct,bwa (DA71) (942),bwa (DA71) (942),2822953,942
,,0,2023-05-13T12:43:20.025536841Z,2023-06-12T12:43:20.025536841Z,2023-06-06T18:24:29.532309671Z,100.0474,docker_cpu_usage_pct,bwa (DA71) (942),bwa (DA71) (942),2822953,942
,,0,2023-05-13T12:43:20.025536841Z,2023-06-12T12:43:20.025536841Z,2023-06-06T18:24:31.532108223Z,119.6075,docker_cpu_usage_pct,bwa (DA71) (942),bwa (DA71) (942),2822953,942
,,0,2023-05-13T12:43:20.025536841Z,2023-06-12T12:43:20.025536841Z,2023-06-06T18:24:33.531768961Z,99.9909,docker_cpu_usage_pct,bwa (DA71) (942),bwa (DA71) (942),2822953,942
,,0,2023-05-13T12:43:20.025536841Z,2023-06-12T12:43:20.025536841Z,2023-06-06T18:24:35.531605024Z,100.4162,docker_cpu_usage_pct,bwa (DA71) (942),bwa (DA71) (942),2822953,942
,,0,2023-05-13T12:43:20.025536841Z,2023-06-12T12:43:20.025536841Z,2023-06-06T18:24:37.531740107Z,121.5445,docker_cpu_usage_pct,bwa (DA71) (942),bwa (DA71) (942),2822953,942
,,0,2023-05-13T12:43:20.025536841Z,2023-06-12T12:43:20.025536841Z,2023-06-06T18:24:39.532401807Z,100.056,docker_cpu_usage_pct,bwa (DA71) (942),bwa (DA71) (942),2822953,942
,,0,2023-05-13T12:43:20.025536841Z,2023-06-12T12:43:20.025536841Z,2023-06-06T18:24:41.532192839Z,99.2214,docker_cpu_usage_pct,bwa (DA71) (942),bwa (DA71) (942),2822953,942
,,0,2023-05-13T12:43:20.025536841Z,2023-06-12T12:43:20.025536841Z,2023-06-06T18:24:43.531894838Z,121.0487,docker_cpu_usage_pct,bwa (DA71) (942),bwa (DA71) (942),2822953,942
,,0,2023-05-13T12:43:20.025536841Z,2023-06-12T12:43:20.025536841Z,2023-06-06T18:24:45.531801704Z,100.0106,docker_cpu_usage_pct,bwa (DA71) (942),bwa (DA71) (942),2822953,942
,,0,2023-05-13T12:43:20.025536841Z,2023-06-12T12:43:20.025536841Z,2023-06-06T18:24:47.531587886Z,100.33,docker_cpu_usage_pct,bwa (DA71) (942),bwa (DA71) (942),2822953,942
,,0,2023-05-13T12:43:20.025536841Z,2023-06-12T12:43:20.025536841Z,2023-06-06T18:24:49.532459132Z,120.7487,docker_cpu_usage_pct,bwa (DA71) (942),bwa (DA71) (942),2822953,942
,,0,2023-05-13T12:43:20.025536841Z,2023-06-12T12:43:20.025536841Z,2023-06-06T18:24:51.532093319Z,99.9428,docker_cpu_usage_pct,bwa (DA71) (942),bwa (DA71) (942),2822953,942
,,0,2023-05-13T12:43:20.025536841Z,2023-06-12T12:43:20.025536841Z,2023-06-06T18:24:53.531972554Z,99.9715,docker_cpu_usage_pct,bwa (DA71) (942),bwa (DA71) (942),2822953,942
,,0,2023-05-13T12:43:20.025536841Z,2023-06-12T12:43:20.025536841Z,2023-06-06T18:24:55.531729525Z,122.9504,docker_cpu_usage_pct,bwa (DA71) (942),bwa (DA71) (942),2822953,942
,,0,2023-05-13T12:43:20.025536841Z,2023-06-12T12:43:20.025536841Z,2023-06-06T18:24:57.531578949Z,98.9792,docker_cpu_usage_pct,bwa (DA71) (942),bwa (DA71) (942),2822953,942
,,0,2023-05-13T12:43:20.025536841Z,2023-06-12T12:43:20.025536841Z,2023-06-06T18:24:59.532164006Z,99.9629,docker_cpu_usage_pct,bwa (DA71) (942),bwa (DA71) (942),2822953,942
,,0,2023-05-13T12:43:20.025536841Z,2023-06-12T12:43:20.025536841Z,2023-06-06T18:25:01.532062992Z,124.6806,docker_cpu_usage_pct,bwa (DA71) (942),bwa (DA71) (942),2822953,942
,,0,2023-05-13T12:43:20.025536841Z,2023-06-12T12:43:20.025536841Z,2023-06-06T18:25:03.531723359Z,99.3796,docker_cpu_usage_pct,bwa (DA71) (942),bwa (DA71) (942),2822953,942
,,0,2023-05-13T12:43:20.025536841Z,2023-06-12T12:43:20.025536841Z,2023-06-06T18:25:05.531738579Z,99.511,docker_cpu_usage_pct,bwa (DA71) (942),bwa (DA71) (942),2822953,942
,,0,2023-05-13T12:43:20.025536841Z,2023-06-12T12:43:20.025536841Z,2023-06-06T18:25:07.532478471Z,115.472,docker_cpu_usage_pct,bwa (DA71) (942),bwa (DA71) (942),2822953,942
,,0,2023-05-13T12:43:20.025536841Z,2023-06-12T12:43:20.025536841Z,2023-06-06T18:25:09.532183491Z,99.9056,docker_cpu_usage_pct,bwa (DA71) (942),bwa (DA71) (942),2822953,942
,,0,2023-05-13T12:43:20.025536841Z,2023-06-12T12:43:20.025536841Z,2023-06-06T18:25:11.531874259Z,100.3118,docker_cpu_usage_pct,bwa (DA71) (942),bwa (DA71) (942),2822953,942
,,0,2023-05-13T12:43:20.025536841Z,2023-06-12T12:43:20.025536841Z,2023-06-06T18:25:13.531677861Z,121.0027,docker_cpu_usage_pct,bwa (DA71) (942),bwa (DA71) (942),2822953,942
,,0,2023-05-13T12:43:20.025536841Z,2023-06-12T12:43:20.025536841Z,2023-06-06T18:25:15.532397433Z,99.9305,docker_cpu_usage_pct,bwa (DA71) (942),bwa (DA71) (942),2822953,942
,,0,2023-05-13T12:43:20.025536841Z,2023-06-12T12:43:20.025536841Z,2023-06-06T18:25:17.532100103Z,99.9708,docker_cpu_usage_pct,bwa (DA71) (942),bwa (DA71) (942),2822953,942
,,0,2023-05-13T12:43:20.025536841Z,2023-06-12T12:43:20.025536841Z,2023-06-06T18:25:19.531952256Z,128.0789,docker_cpu_usage_pct,bwa (DA71) (942),bwa (DA71) (942),2822953,942
,,0,2023-05-13T12:43:20.025536841Z,2023-06-12T12:43:20.025536841Z,2023-06-06T18:25:21.531672976Z,99.9442,docker_cpu_usage_pct,bwa (DA71) (942),bwa (DA71) (942),2822953,942
,,0,2023-05-13T12:43:20.025536841Z,2023-06-12T12:43:20.025536841Z,2023-06-06T18:25:23.531315043Z,99.6337,docker_cpu_usage_pct,bwa (DA71) (942),bwa (DA71) (942),2822953,942
,,0,2023-05-13T12:43:20.025536841Z,2023-06-12T12:43:20.025536841Z,2023-06-06T18:25:25.532259462Z,120.6831,docker_cpu_usage_pct,bwa (DA71) (942),bwa (DA71) (942),2822953,942
,,0,2023-05-13T12:43:20.025536841Z,2023-06-12T12:43:20.025536841Z,2023-06-06T18:25:27.531903019Z,99.9288,docker_cpu_usage_pct,bwa (DA71) (942),bwa (DA71) (942),2822953,942
,,0,2023-05-13T12:43:20.025536841Z,2023-06-12T12:43:20.025536841Z,2023-06-06T18:25:29.531586528Z,99.9817,docker_cpu_usage_pct,bwa (DA71) (942),bwa (DA71) (942),2822953,942
,,0,2023-05-13T12:43:20.025536841Z,2023-06-12T12:43:20.025536841Z,2023-06-06T18:25:31.532459925Z,119.8648,docker_cpu_usage_pct,bwa (DA71) (942),bwa (DA71) (942),2822953,942
,,0,2023-05-13T12:43:20.025536841Z,2023-06-12T12:43:20.025536841Z,2023-06-06T18:25:33.532504725Z,99.7124,docker_cpu_usage_pct,bwa (DA71) (942),bwa (DA71) (942),2822953,942
,,0,2023-05-13T12:43:20.025536841Z,2023-06-12T12:43:20.025536841Z,2023-06-06T18:25:35.532348328Z,99.1383,docker_cpu_usage_pct,bwa (DA71) (942),bwa (DA71) (942),2822953,942
,,0,2023-05-13T12:43:20.025536841Z,2023-06-12T12:43:20.025536841Z,2023-06-06T18:25:37.531975225Z,122.2246,docker_cpu_usage_pct,bwa (DA71) (942),bwa (DA71) (942),2822953,942
,,0,2023-05-13T12:43:20.025536841Z,2023-06-12T12:43:20.025536841Z,2023-06-06T18:25:39.531650413Z,98.6366,docker_cpu_usage_pct,bwa (DA71) (942),bwa (DA71) (942),2822953,942
,,0,2023-05-13T12:43:20.025536841Z,2023-06-12T12:43:20.025536841Z,2023-06-06T18:25:41.533417049Z,100.0038,docker_cpu_usage_pct,bwa (DA71) (942),bwa (DA71) (942),2822953,942
,,0,2023-05-13T12:43:20.025536841Z,2023-06-12T12:43:20.025536841Z,2023-06-06T18:25:43.533229142Z,120.0874,docker_cpu_usage_pct,bwa (DA71) (942),bwa (DA71) (942),2822953,942
,,0,2023-05-13T12:43:20.025536841Z,2023-06-12T12:43:20.025536841Z,2023-06-06T18:25:45.533213649Z,98.6061,docker_cpu_usage_pct,bwa (DA71) (942),bwa (DA71) (942),2822953,942
,,0,2023-05-13T12:43:20.025536841Z,2023-06-12T12:43:20.025536841Z,2023-06-06T18:25:47.535509122Z,99.5864,docker_cpu_usage_pct,bwa (DA71) (942),bwa (DA71) (942),2822953,942
,,0,2023-05-13T12:43:20.025536841Z,2023-06-12T12:43:20.025536841Z,2023-06-06T18:25:50.531736057Z,125.5198,docker_cpu_usage_pct,bwa (DA71) (942),bwa (DA71) (942),2822953,942
,,0,2023-05-13T12:43:20.025536841Z,2023-06-12T12:43:20.025536841Z,2023-06-06T18:25:51.533479244Z,98.6891,docker_cpu_usage_pct,bwa (DA71) (942),bwa (DA71) (942),2822953,942
,,0,2023-05-13T12:43:20.025536841Z,2023-06-12T12:43:20.025536841Z,2023-06-06T18:25:54.532150158Z,99.5816,docker_cpu_usage_pct,bwa (DA71) (942),bwa (DA71) (942),2822953,942
,,0,2023-05-13T12:43:20.025536841Z,2023-06-12T12:43:20.025536841Z,2023-06-06T18:25:55.534476843Z,120.3734,docker_cpu_usage_pct,bwa (DA71) (942),bwa (DA71) (942),2822953,942
,,0,2023-05-13T12:43:20.025536841Z,2023-06-12T12:43:20.025536841Z,2023-06-06T18:25:58.532049422Z,100.0543,docker_cpu_usage_pct,bwa (DA71) (942),bwa (DA71) (942),2822953,942
,,0,2023-05-13T12:43:20.025536841Z,2023-06-12T12:43:20.025536841Z,2023-06-06T18:26:00.531674398Z,99.5846,docker_cpu_usage_pct,bwa (DA71) (942),bwa (DA71) (942),2822953,942
,,0,2023-05-13T12:43:20.025536841Z,2023-06-12T12:43:20.025536841Z,2023-06-06T18:26:02.532442682Z,121.7665,docker_cpu_usage_pct,bwa (DA71) (942),bwa (DA71) (942),2822953,942
,,0,2023-05-13T12:43:20.025536841Z,2023-06-12T12:43:20.025536841Z,2023-06-06T18:26:04.531555582Z,99.997,docker_cpu_usage_pct,bwa (DA71) (942),bwa (DA71) (942),2822953,942
,,0,2023-05-13T12:43:20.025536841Z,2023-06-12T12:43:20.025536841Z,2023-06-06T18:26:06.532368257Z,99.6266,docker_cpu_usage_pct,bwa (DA71) (942),bwa (DA71) (942),2822953,942
,,0,2023-05-13T12:43:20.025536841Z,2023-06-12T12:43:20.025536841Z,2023-06-06T18:26:08.532114267Z,120.8264,docker_cpu_usage_pct,bwa (DA71) (942),bwa (DA71) (942),2822953,942
,,0,2023-05-13T12:43:20.025536841Z,2023-06-12T12:43:20.025536841Z,2023-06-06T18:26:10.531815656Z,99.225,docker_cpu_usage_pct,bwa (DA71) (942),bwa (DA71) (942),2822953,942
,,0,2023-05-13T12:43:20.025536841Z,2023-06-12T12:43:20.025536841Z,2023-06-06T18:26:12.531541196Z,100.0394,docker_cpu_usage_pct,bwa (DA71) (942),bwa (DA71) (942),2822953,942
,,0,2023-05-13T12:43:20.025536841Z,2023-06-12T12:43:20.025536841Z,2023-06-06T18:26:14.532243307Z,119.5453,docker_cpu_usage_pct,bwa (DA71) (942),bwa (DA71) (942),2822953,942
,,0,2023-05-13T12:43:20.025536841Z,2023-06-12T12:43:20.025536841Z,2023-06-06T18:26:16.531913565Z,100.0176,docker_cpu_usage_pct,bwa (DA71) (942),bwa (DA71) (942),2822953,942
,,0,2023-05-13T12:43:20.025536841Z,2023-06-12T12:43:20.025536841Z,2023-06-06T18:26:18.531743628Z,99.7199,docker_cpu_usage_pct,bwa (DA71) (942),bwa (DA71) (942),2822953,942
,,0,2023-05-13T12:43:20.025536841Z,2023-06-12T12:43:20.025536841Z,2023-06-06T18:26:20.532432209Z,120.9376,docker_cpu_usage_pct,bwa (DA71) (942),bwa (DA71) (942),2822953,942
,,0,2023-05-13T12:43:20.025536841Z,2023-06-12T12:43:20.025536841Z,2023-06-06T18:26:22.532205651Z,100.344,docker_cpu_usage_pct,bwa (DA71) (942),bwa (DA71) (942),2822953,942
,,0,2023-05-13T12:43:20.025536841Z,2023-06-12T12:43:20.025536841Z,2023-06-06T18:26:24.531715573Z,99.987,docker_cpu_usage_pct,bwa (DA71) (942),bwa (DA71) (942),2822953,942
,,0,2023-05-13T12:43:20.025536841Z,2023-06-12T12:43:20.025536841Z,2023-06-06T18:26:26.532371653Z,120.824,docker_cpu_usage_pct,bwa (DA71) (942),bwa (DA71) (942),2822953,942
,,0,2023-05-13T12:43:20.025536841Z,2023-06-12T12:43:20.025536841Z,2023-06-06T18:26:28.532080032Z,99.7432,docker_cpu_usage_pct,bwa (DA71) (942),bwa (DA71) (942),2822953,942
,,0,2023-05-13T12:43:20.025536841Z,2023-06-12T12:43:20.025536841Z,2023-06-06T18:26:30.532177794Z,100.297,docker_cpu_usage_pct,bwa (DA71) (942),bwa (DA71) (942),2822953,942
,,0,2023-05-13T12:43:20.025536841Z,2023-06-12T12:43:20.025536841Z,2023-06-06T18:26:32.531968196Z,120.6213,docker_cpu_usage_pct,bwa (DA71) (942),bwa (DA71) (942),2822953,942
,,0,2023-05-13T12:43:20.025536841Z,2023-06-12T12:43:20.025536841Z,2023-06-06T18:26:34.531638253Z,100.3173,docker_cpu_usage_pct,bwa (DA71) (942),bwa (DA71) (942),2822953,942
,,0,2023-05-13T12:43:20.025536841Z,2023-06-12T12:43:20.025536841Z,2023-06-06T18:26:36.531374713Z,100.0503,docker_cpu_usage_pct,bwa (DA71) (942),bwa (DA71) (942),2822953,942
,,0,2023-05-13T12:43:20.025536841Z,2023-06-12T12:43:20.025536841Z,2023-06-06T18:26:38.532167788Z,119.6248,docker_cpu_usage_pct,bwa (DA71) (942),bwa (DA71) (942),2822953,942
,,0,2023-05-13T12:43:20.025536841Z,2023-06-12T12:43:20.025536841Z,2023-06-06T18:26:40.531516635Z,100.1835,docker_cpu_usage_pct,bwa (DA71) (942),bwa (DA71) (942),2822953,942
,,0,2023-05-13T12:43:20.025536841Z,2023-06-12T12:43:20.025536841Z,2023-06-06T18:26:42.532448264Z,99.9704,docker_cpu_usage_pct,bwa (DA71) (942),bwa (DA71) (942),2822953,942
,,0,2023-05-13T12:43:20.025536841Z,2023-06-12T12:43:20.025536841Z,2023-06-06T18:26:44.532119922Z,131.4728,docker_cpu_usage_pct,bwa (DA71) (942),bwa (DA71) (942),2822953,942
,,0,2023-05-13T12:43:20.025536841Z,2023-06-12T12:43:20.025536841Z,2023-06-06T18:26:46.531895613Z,100.029,docker_cpu_usage_pct,bwa (DA71) (942),bwa (DA71) (942),2822953,942
,,0,2023-05-13T12:43:20.025536841Z,2023-06-12T12:43:20.025536841Z,2023-06-06T18:26:48.531710275Z,99.5729,docker_cpu_usage_pct,bwa (DA71) (942),bwa (DA71) (942),2822953,942
,,0,2023-05-13T12:43:20.025536841Z,2023-06-12T12:43:20.025536841Z,2023-06-06T18:26:50.531735935Z,119.9212,docker_cpu_usage_pct,bwa (DA71) (942),bwa (DA71) (942),2822953,942
,,0,2023-05-13T12:43:20.025536841Z,2023-06-12T12:43:20.025536841Z,2023-06-06T18:26:52.531449084Z,99.879,docker_cpu_usage_pct,bwa (DA71) (942),bwa (DA71) (942),2822953,942
,,0,2023-05-13T12:43:20.025536841Z,2023-06-12T12:43:20.025536841Z,2023-06-06T18:26:54.53229338Z,99.9891,docker_cpu_usage_pct,bwa (DA71) (942),bwa (DA71) (942),2822953,942
,,0,2023-05-13T12:43:20.025536841Z,2023-06-12T12:43:20.025536841Z,2023-06-06T18:26:56.531727141Z,120.9772,docker_cpu_usage_pct,bwa (DA71) (942),bwa (DA71) (942),2822953,942
,,0,2023-05-13T12:43:20.025536841Z,2023-06-12T12:43:20.025536841Z,2023-06-06T18:26:58.531543423Z,99.3756,docker_cpu_usage_pct,bwa (DA71) (942),bwa (DA71) (942),2822953,942
,,0,2023-05-13T12:43:20.025536841Z,2023-06-12T12:43:20.025536841Z,2023-06-06T18:27:00.532324047Z,99.5928,docker_cpu_usage_pct,bwa (DA71) (942),bwa (DA71) (942),2822953,942
,,0,2023-05-13T12:43:20.025536841Z,2023-06-12T12:43:20.025536841Z,2023-06-06T18:27:02.532034696Z,120.2444,docker_cpu_usage_pct,bwa (DA71) (942),bwa (DA71) (942),2822953,942
,,0,2023-05-13T12:43:20.025536841Z,2023-06-12T12:43:20.025536841Z,2023-06-06T18:27:04.531544619Z,98.741,docker_cpu_usage_pct,bwa (DA71) (942),bwa (DA71) (942),2822953,942
,,0,2023-05-13T12:43:20.025536841Z,2023-06-12T12:43:20.025536841Z,2023-06-06T18:27:06.532346063Z,100.0225,docker_cpu_usage_pct,bwa (DA71) (942),bwa (DA71) (942),2822953,942
,,0,2023-05-13T12:43:20.025536841Z,2023-06-12T12:43:20.025536841Z,2023-06-06T18:27:08.532054642Z,131.6858,docker_cpu_usage_pct,bwa (DA71) (942),bwa (DA71) (942),2822953,942
,,0,2023-05-13T12:43:20.025536841Z,2023-06-12T12:43:20.025536841Z,2023-06-06T18:27:10.531812013Z,99.9945,docker_cpu_usage_pct,bwa (DA71) (942),bwa (DA71) (942),2822953,942
,,0,2023-05-13T12:43:20.025536841Z,2023-06-12T12:43:20.025536841Z,2023-06-06T18:27:12.531736839Z,100.0152,docker_cpu_usage_pct,bwa (DA71) (942),bwa (DA71) (942),2822953,942
,,0,2023-05-13T12:43:20.025536841Z,2023-06-12T12:43:20.025536841Z,2023-06-06T18:27:14.53244649Z,136.1371,docker_cpu_usage_pct,bwa (DA71) (942),bwa (DA71) (942),2822953,942
,,0,2023-05-13T12:43:20.025536841Z,2023-06-12T12:43:20.025536841Z,2023-06-06T18:27:16.532227071Z,99.1466,docker_cpu_usage_pct,bwa (DA71) (942),bwa (DA71) (942),2822953,942
,,0,2023-05-13T12:43:20.025536841Z,2023-06-12T12:43:20.025536841Z,2023-06-06T18:27:18.531947321Z,99.8573,docker_cpu_usage_pct,bwa (DA71) (942),bwa (DA71) (942),2822953,942
,,0,2023-05-13T12:43:20.025536841Z,2023-06-12T12:43:20.025536841Z,2023-06-06T18:27:20.53165907Z,119.0903,docker_cpu_usage_pct,bwa (DA71) (942),bwa (DA71) (942),2822953,942
,,0,2023-05-13T12:43:20.025536841Z,2023-06-12T12:43:20.025536841Z,2023-06-06T18:27:23.531536484Z,99.5537,docker_cpu_usage_pct,bwa (DA71) (942),bwa (DA71) (942),2822953,942
,,0,2023-05-13T12:43:20.025536841Z,2023-06-12T12:43:20.025536841Z,2023-06-06T18:27:24.533258379Z,100.0497,docker_cpu_usage_pct,bwa (DA71) (942),bwa (DA71) (942),2822953,942
,,0,2023-05-13T12:43:20.025536841Z,2023-06-12T12:43:20.025536841Z,2023-06-06T18:27:27.532387918Z,120.4634,docker_cpu_usage_pct,bwa (DA71) (942),bwa (DA71) (942),2822953,942
,,0,2023-05-13T12:43:20.025536841Z,2023-06-12T12:43:20.025536841Z,2023-06-06T18:27:28.533190364Z,100.0117,docker_cpu_usage_pct,bwa (DA71) (942),bwa (DA71) (942),2822953,942
,,0,2023-05-13T12:43:20.025536841Z,2023-06-12T12:43:20.025536841Z,2023-06-06T18:27:31.531836748Z,99.9129,docker_cpu_usage_pct,bwa (DA71) (942),bwa (DA71) (942),2822953,942
,,0,2023-05-13T12:43:20.025536841Z,2023-06-12T12:43:20.025536841Z,2023-06-06T18:27:33.531609739Z,118.6496,docker_cpu_usage_pct,bwa (DA71) (942),bwa (DA71) (942),2822953,942
,,0,2023-05-13T12:43:20.025536841Z,2023-06-12T12:43:20.025536841Z,2023-06-06T18:27:35.532469585Z,100.0047,docker_cpu_usage_pct,bwa (DA71) (942),bwa (DA71) (942),2822953,942
,,0,2023-05-13T12:43:20.025536841Z,2023-06-12T12:43:20.025536841Z,2023-06-06T18:27:37.532218636Z,99.7214,docker_cpu_usage_pct,bwa (DA71) (942),bwa (DA71) (942),2822953,942
,,0,2023-05-13T12:43:20.025536841Z,2023-06-12T12:43:20.025536841Z,2023-06-06T18:27:39.532072409Z,119.2334,docker_cpu_usage_pct,bwa (DA71) (942),bwa (DA71) (942),2822953,942
,,0,2023-05-13T12:43:20.025536841Z,2023-06-12T12:43:20.025536841Z,2023-06-06T18:27:41.531764698Z,99.9827,docker_cpu_usage_pct,bwa (DA71) (942),bwa (DA71) (942),2822953,942
,,0,2023-05-13T12:43:20.025536841Z,2023-06-12T12:43:20.025536841Z,2023-06-06T18:27:43.531824308Z,99.469,docker_cpu_usage_pct,bwa (DA71) (942),bwa (DA71) (942),2822953,942
,,0,2023-05-13T12:43:20.025536841Z,2023-06-12T12:43:20.025536841Z,2023-06-06T18:27:45.531690753Z,586.2181,docker_cpu_usage_pct,bwa (DA71) (942),bwa (DA71) (942),2822953,942
,,0,2023-05-13T12:43:20.025536841Z,2023-06-12T12:43:20.025536841Z,2023-06-06T18:27:47.534098419Z,689.2833,docker_cpu_usage_pct,bwa (DA71) (942),bwa (DA71) (942),2822953,942
,,0,2023-05-13T12:43:20.025536841Z,2023-06-12T12:43:20.025536841Z,2023-06-06T18:27:50.541033272Z,680.4147,docker_cpu_usage_pct,bwa (DA71) (942),bwa (DA71) (942),2822953,942
,,0,2023-05-13T12:43:20.025536841Z,2023-06-12T12:43:20.025536841Z,2023-06-06T18:27:53.532813844Z,99.3186,docker_cpu_usage_pct,bwa (DA71) (942),bwa (DA71) (942),2822953,942
,,0,2023-05-13T12:43:20.025536841Z,2023-06-12T12:43:20.025536841Z,2023-06-06T18:27:55.531993536Z,99.2937,docker_cpu_usage_pct,bwa (DA71) (942),bwa (DA71) (942),2822953,942
,,0,2023-05-13T12:43:20.025536841Z,2023-06-12T12:43:20.025536841Z,2023-06-06T18:27:57.531750006Z,98.8196,docker_cpu_usage_pct,bwa (DA71) (942),bwa (DA71) (942),2822953,942
,,0,2023-05-13T12:43:20.025536841Z,2023-06-12T12:43:20.025536841Z,2023-06-06T18:27:59.531698113Z,99.3105,docker_cpu_usage_pct,bwa (DA71) (942),bwa (DA71) (942),2822953,942
,,0,2023-05-13T12:43:20.025536841Z,2023-06-12T12:43:20.025536841Z,2023-06-06T18:28:01.532319002Z,99.0158,docker_cpu_usage_pct,bwa (DA71) (942),bwa (DA71) (942),2822953,942
,,0,2023-05-13T12:43:20.025536841Z,2023-06-12T12:43:20.025536841Z,2023-06-06T18:28:03.532215627Z,98.9539,docker_cpu_usage_pct,bwa (DA71) (942),bwa (DA71) (942),2822953,942
,,0,2023-05-13T12:43:20.025536841Z,2023-06-12T12:43:20.025536841Z,2023-06-06T18:28:05.53207158Z,99.8868,docker_cpu_usage_pct,bwa (DA71) (942),bwa (DA71) (942),2822953,942
,,0,2023-05-13T12:43:20.025536841Z,2023-06-12T12:43:20.025536841Z,2023-06-06T18:28:07.531733828Z,100.0684,docker_cpu_usage_pct,bwa (DA71) (942),bwa (DA71) (942),2822953,942
,,0,2023-05-13T12:43:20.025536841Z,2023-06-12T12:43:20.025536841Z,2023-06-06T18:28:09.531424587Z,98.3739,docker_cpu_usage_pct,bwa (DA71) (942),bwa (DA71) (942),2822953,942
,,0,2023-05-13T12:43:20.025536841Z,2023-06-12T12:43:20.025536841Z,2023-06-06T18:28:11.5321826Z,100.2959,docker_cpu_usage_pct,bwa (DA71) (942),bwa (DA71) (942),2822953,942
,,0,2023-05-13T12:43:20.025536841Z,2023-06-12T12:43:20.025536841Z,2023-06-06T18:28:13.531982861Z,99.7617,docker_cpu_usage_pct,bwa (DA71) (942),bwa (DA71) (942),2822953,942
,,0,2023-05-13T12:43:20.025536841Z,2023-06-12T12:43:20.025536841Z,2023-06-06T18:28:15.531721201Z,98.5125,docker_cpu_usage_pct,bwa (DA71) (942),bwa (DA71) (942),2822953,942
,,0,2023-05-13T12:43:20.025536841Z,2023-06-12T12:43:20.025536841Z,2023-06-06T18:28:17.531616426Z,100.053,docker_cpu_usage_pct,bwa (DA71) (942),bwa (DA71) (942),2822953,942
,,0,2023-05-13T12:43:20.025536841Z,2023-06-12T12:43:20.025536841Z,2023-06-06T18:28:19.53239113Z,99.9969,docker_cpu_usage_pct,bwa (DA71) (942),bwa (DA71) (942),2822953,942
,,0,2023-05-13T12:43:20.025536841Z,2023-06-12T12:43:20.025536841Z,2023-06-06T18:28:21.532183702Z,99.0195,docker_cpu_usage_pct,bwa (DA71) (942),bwa (DA71) (942),2822953,942
,,0,2023-05-13T12:43:20.025536841Z,2023-06-12T12:43:20.025536841Z,2023-06-06T18:28:23.531654163Z,100.0029,docker_cpu_usage_pct,bwa (DA71) (942),bwa (DA71) (942),2822953,942
,,0,2023-05-13T12:43:20.025536841Z,2023-06-12T12:43:20.025536841Z,2023-06-06T18:28:25.531492186Z,100.2536,docker_cpu_usage_pct,bwa (DA71) (942),bwa (DA71) (942),2822953,942
,,0,2023-05-13T12:43:20.025536841Z,2023-06-12T12:43:20.025536841Z,2023-06-06T18:28:27.533231401Z,98.9624,docker_cpu_usage_pct,bwa (DA71) (942),bwa (DA71) (942),2822953,942
,,0,2023-05-13T12:43:20.025536841Z,2023-06-12T12:43:20.025536841Z,2023-06-06T18:28:29.532042551Z,99.9709,docker_cpu_usage_pct,bwa (DA71) (942),bwa (DA71) (942),2822953,942
,,0,2023-05-13T12:43:20.025536841Z,2023-06-12T12:43:20.025536841Z,2023-06-06T18:28:31.531797241Z,99.9031,docker_cpu_usage_pct,bwa (DA71) (942),bwa (DA71) (942),2822953,942
,,0,2023-05-13T12:43:20.025536841Z,2023-06-12T12:43:20.025536841Z,2023-06-06T18:28:34.531589682Z,99.0822,docker_cpu_usage_pct,bwa (DA71) (942),bwa (DA71) (942),2822953,942
,,0,2023-05-13T12:43:20.025536841Z,2023-06-12T12:43:20.025536841Z,2023-06-06T18:28:36.532334635Z,104.3279,docker_cpu_usage_pct,bwa (DA71) (942),bwa (DA71) (942),2822953,942
,,0,2023-05-13T12:43:20.025536841Z,2023-06-12T12:43:20.025536841Z,2023-06-06T18:28:38.531884678Z,100.0361,docker_cpu_usage_pct,bwa (DA71) (942),bwa (DA71) (942),2822953,942
,,0,2023-05-13T12:43:20.025536841Z,2023-06-12T12:43:20.025536841Z,2023-06-06T18:28:40.531783664Z,99.055,docker_cpu_usage_pct,bwa (DA71) (942),bwa (DA71) (942),2822953,942
,,0,2023-05-13T12:43:20.025536841Z,2023-06-12T12:43:20.025536841Z,2023-06-06T18:28:42.531568565Z,110.7923,docker_cpu_usage_pct,bwa (DA71) (942),bwa (DA71) (942),2822953,942
,,0,2023-05-13T12:43:20.025536841Z,2023-06-12T12:43:20.025536841Z,2023-06-06T18:28:44.532237915Z,99.2752,docker_cpu_usage_pct,bwa (DA71) (942),bwa (DA71) (942),2822953,942
,,0,2023-05-13T12:43:20.025536841Z,2023-06-12T12:43:20.025536841Z,2023-06-06T18:28:46.532054538Z,98.261,docker_cpu_usage_pct,bwa (DA71) (942),bwa (DA71) (942),2822953,942
,,0,2023-05-13T12:43:20.025536841Z,2023-06-12T12:43:20.025536841Z,2023-06-06T18:28:48.531755216Z,99.6003,docker_cpu_usage_pct,bwa (DA71) (942),bwa (DA71) (942),2822953,942
,,0,2023-05-13T12:43:20.025536841Z,2023-06-12T12:43:20.025536841Z,2023-06-06T18:28:50.531422704Z,100.0223,docker_cpu_usage_pct,bwa (DA71) (942),bwa (DA71) (942),2822953,942
,,0,2023-05-13T12:43:20.025536841Z,2023-06-12T12:43:20.025536841Z,2023-06-06T18:28:52.532371803Z,98.4478,docker_cpu_usage_pct,bwa (DA71) (942),bwa (DA71) (942),2822953,942
,,0,2023-05-13T12:43:20.025536841Z,2023-06-12T12:43:20.025536841Z,2023-06-06T18:28:54.532099613Z,99.9642,docker_cpu_usage_pct,bwa (DA71) (942),bwa (DA71) (942),2822953,942
,,0,2023-05-13T12:43:20.025536841Z,2023-06-12T12:43:20.025536841Z,2023-06-06T18:28:56.531805132Z,99.9112,docker_cpu_usage_pct,bwa (DA71) (942),bwa (DA71) (942),2822953,942
,,0,2023-05-13T12:43:20.025536841Z,2023-06-12T12:43:20.025536841Z,2023-06-06T18:28:58.531442219Z,98.9541,docker_cpu_usage_pct,bwa (DA71) (942),bwa (DA71) (942),2822953,942
,,0,2023-05-13T12:43:20.025536841Z,2023-06-12T12:43:20.025536841Z,2023-06-06T18:29:00.532278554Z,101.9418,docker_cpu_usage_pct,bwa (DA71) (942),bwa (DA71) (942),2822953,942
,,0,2023-05-13T12:43:20.025536841Z,2023-06-12T12:43:20.025536841Z,2023-06-06T18:29:02.531980383Z,100.0239,docker_cpu_usage_pct,bwa (DA71) (942),bwa (DA71) (942),2822953,942
,,0,2023-05-13T12:43:20.025536841Z,2023-06-12T12:43:20.025536841Z,2023-06-06T18:29:04.531549517Z,98.2427,docker_cpu_usage_pct,bwa (DA71) (942),bwa (DA71) (942),2822953,942
,,0,2023-05-13T12:43:20.025536841Z,2023-06-12T12:43:20.025536841Z,2023-06-06T18:29:06.53231193Z,102.8381,docker_cpu_usage_pct,bwa (DA71) (942),bwa (DA71) (942),2822953,942
,,0,2023-05-13T12:43:20.025536841Z,2023-06-12T12:43:20.025536841Z,2023-06-06T18:29:08.532007859Z,100.0957,docker_cpu_usage_pct,bwa (DA71) (942),bwa (DA71) (942),2822953,942
,,0,2023-05-13T12:43:20.025536841Z,2023-06-12T12:43:20.025536841Z,2023-06-06T18:29:10.531561312Z,99.0257,docker_cpu_usage_pct,bwa (DA71) (942),bwa (DA71) (942),2822953,942
,,0,2023-05-13T12:43:20.025536841Z,2023-06-12T12:43:20.025536841Z,2023-06-06T18:29:12.531464518Z,99.9989,docker_cpu_usage_pct,bwa (DA71) (942),bwa (DA71) (942),2822953,942
,,0,2023-05-13T12:43:20.025536841Z,2023-06-12T12:43:20.025536841Z,2023-06-06T18:29:14.532272423Z,99.6022,docker_cpu_usage_pct,bwa (DA71) (942),bwa (DA71) (942),2822953,942
,,0,2023-05-13T12:43:20.025536841Z,2023-06-12T12:43:20.025536841Z,2023-06-06T18:29:16.532058894Z,97.668,docker_cpu_usage_pct,bwa (DA71) (942),bwa (DA71) (942),2822953,942
,,0,2023-05-13T12:43:20.025536841Z,2023-06-12T12:43:20.025536841Z,2023-06-06T18:29:18.531769313Z,100.0183,docker_cpu_usage_pct,bwa (DA71) (942),bwa (DA71) (942),2822953,942
,,0,2023-05-13T12:43:20.025536841Z,2023-06-12T12:43:20.025536841Z,2023-06-06T18:29:20.531746571Z,100.0606,docker_cpu_usage_pct,bwa (DA71) (942),bwa (DA71) (942),2822953,942
,,0,2023-05-13T12:43:20.025536841Z,2023-06-12T12:43:20.025536841Z,2023-06-06T18:29:22.531633385Z,98.7862,docker_cpu_usage_pct,bwa (DA71) (942),bwa (DA71) (942),2822953,942
,,0,2023-05-13T12:43:20.025536841Z,2023-06-12T12:43:20.025536841Z,2023-06-06T18:29:24.532396519Z,99.9941,docker_cpu_usage_pct,bwa (DA71) (942),bwa (DA71) (942),2822953,942
,,0,2023-05-13T12:43:20.025536841Z,2023-06-12T12:43:20.025536841Z,2023-06-06T18:29:26.532121058Z,99.9516,docker_cpu_usage_pct,bwa (DA71) (942),bwa (DA71) (942),2822953,942
,,0,2023-05-13T12:43:20.025536841Z,2023-06-12T12:43:20.025536841Z,2023-06-06T18:29:28.531961711Z,99.4468,docker_cpu_usage_pct,bwa (DA71) (942),bwa (DA71) (942),2822953,942
,,0,2023-05-13T12:43:20.025536841Z,2023-06-12T12:43:20.025536841Z,2023-06-06T18:29:30.531629329Z,100.105,docker_cpu_usage_pct,bwa (DA71) (942),bwa (DA71) (942),2822953,942
,,0,2023-05-13T12:43:20.025536841Z,2023-06-12T12:43:20.025536841Z,2023-06-06T18:29:32.531469522Z,99.9781,docker_cpu_usage_pct,bwa (DA71) (942),bwa (DA71) (942),2822953,942
,,0,2023-05-13T12:43:20.025536841Z,2023-06-12T12:43:20.025536841Z,2023-06-06T18:29:34.531577124Z,98.7262,docker_cpu_usage_pct,bwa (DA71) (942),bwa (DA71) (942),2822953,942
,,0,2023-05-13T12:43:20.025536841Z,2023-06-12T12:43:20.025536841Z,2023-06-06T18:29:36.532319107Z,100.0009,docker_cpu_usage_pct,bwa (DA71) (942),bwa (DA71) (942),2822953,942
,,0,2023-05-13T12:43:20.025536841Z,2023-06-12T12:43:20.025536841Z,2023-06-06T18:29:38.532084867Z,99.9915,docker_cpu_usage_pct,bwa (DA71) (942),bwa (DA71) (942),2822953,942
,,0,2023-05-13T12:43:20.025536841Z,2023-06-12T12:43:20.025536841Z,2023-06-06T18:29:40.531875079Z,97.9766,docker_cpu_usage_pct,bwa (DA71) (942),bwa (DA71) (942),2822953,942
,,0,2023-05-13T12:43:20.025536841Z,2023-06-12T12:43:20.025536841Z,2023-06-06T18:29:42.531730102Z,99.5598,docker_cpu_usage_pct,bwa (DA71) (942),bwa (DA71) (942),2822953,942
,,0,2023-05-13T12:43:20.025536841Z,2023-06-12T12:43:20.025536841Z,2023-06-06T18:29:44.531776112Z,99.9944,docker_cpu_usage_pct,bwa (DA71) (942),bwa (DA71) (942),2822953,942
,,0,2023-05-13T12:43:20.025536841Z,2023-06-12T12:43:20.025536841Z,2023-06-06T18:29:46.531708858Z,98.6685,docker_cpu_usage_pct,bwa (DA71) (942),bwa (DA71) (942),2822953,942
,,0,2023-05-13T12:43:20.025536841Z,2023-06-12T12:43:20.025536841Z,2023-06-06T18:29:48.532450621Z,110.0268,docker_cpu_usage_pct,bwa (DA71) (942),bwa (DA71) (942),2822953,942
,,0,2023-05-13T12:43:20.025536841Z,2023-06-12T12:43:20.025536841Z,2023-06-06T18:29:50.532209791Z,100.3019,docker_cpu_usage_pct,bwa (DA71) (942),bwa (DA71) (942),2822953,942
,,0,2023-05-13T12:43:20.025536841Z,2023-06-12T12:43:20.025536841Z,2023-06-06T18:29:52.531978402Z,99.2417,docker_cpu_usage_pct,bwa (DA71) (942),bwa (DA71) (942),2822953,942
,,0,2023-05-13T12:43:20.025536841Z,2023-06-12T12:43:20.025536841Z,2023-06-06T18:29:54.531807985Z,106.8894,docker_cpu_usage_pct,bwa (DA71) (942),bwa (DA71) (942),2822953,942
,,0,2023-05-13T12:43:20.025536841Z,2023-06-12T12:43:20.025536841Z,2023-06-06T18:29:56.531365169Z,100.086,docker_cpu_usage_pct,bwa (DA71) (942),bwa (DA71) (942),2822953,942
,,0,2023-05-13T12:43:20.025536841Z,2023-06-12T12:43:20.025536841Z,2023-06-06T18:29:58.533239708Z,99.1409,docker_cpu_usage_pct,bwa (DA71) (942),bwa (DA71) (942),2822953,942
,,0,2023-05-13T12:43:20.025536841Z,2023-06-12T12:43:20.025536841Z,2023-06-06T18:30:00.533205565Z,106.0841,docker_cpu_usage_pct,bwa (DA71) (942),bwa (DA71) (942),2822953,942
,,0,2023-05-13T12:43:20.025536841Z,2023-06-12T12:43:20.025536841Z,2023-06-06T18:30:02.531832809Z,98.7216,docker_cpu_usage_pct,bwa (DA71) (942),bwa (DA71) (942),2822953,942
,,0,2023-05-13T12:43:20.025536841Z,2023-06-12T12:43:20.025536841Z,2023-06-06T18:30:04.531810417Z,99.0283,docker_cpu_usage_pct,bwa (DA71) (942),bwa (DA71) (942),2822953,942
,,0,2023-05-13T12:43:20.025536841Z,2023-06-12T12:43:20.025536841Z,2023-06-06T18:30:06.531469334Z,106.8083,docker_cpu_usage_pct,bwa (DA71) (942),bwa (DA71) (942),2822953,942
,,0,2023-05-13T12:43:20.025536841Z,2023-06-12T12:43:20.025536841Z,2023-06-06T18:30:08.532082672Z,99.9896,docker_cpu_usage_pct,bwa (DA71) (942),bwa (DA71) (942),2822953,942
,,0,2023-05-13T12:43:20.025536841Z,2023-06-12T12:43:20.025536841Z,2023-06-06T18:30:10.531807361Z,97.589,docker_cpu_usage_pct,bwa (DA71) (942),bwa (DA71) (942),2822953,942
,,0,2023-05-13T12:43:20.025536841Z,2023-06-12T12:43:20.025536841Z,2023-06-06T18:30:12.531706937Z,100.3692,docker_cpu_usage_pct,bwa (DA71) (942),bwa (DA71) (942),2822953,942
,,0,2023-05-13T12:43:20.025536841Z,2023-06-12T12:43:20.025536841Z,2023-06-06T18:30:15.531620051Z,110.6525,docker_cpu_usage_pct,bwa (DA71) (942),bwa (DA71) (942),2822953,942
,,0,2023-05-13T12:43:20.025536841Z,2023-06-12T12:43:20.025536841Z,2023-06-06T18:30:17.532409755Z,97.9999,docker_cpu_usage_pct,bwa (DA71) (942),bwa (DA71) (942),2822953,942
,,0,2023-05-13T12:43:20.025536841Z,2023-06-12T12:43:20.025536841Z,2023-06-06T18:30:19.53229919Z,100.3313,docker_cpu_usage_pct,bwa (DA71) (942),bwa (DA71) (942),2822953,942
,,0,2023-05-13T12:43:20.025536841Z,2023-06-12T12:43:20.025536841Z,2023-06-06T18:30:21.531841733Z,100.0172,docker_cpu_usage_pct,bwa (DA71) (942),bwa (DA71) (942),2822953,942
,,0,2023-05-13T12:43:20.025536841Z,2023-06-12T12:43:20.025536841Z,2023-06-06T18:30:23.531586393Z,98.6181,docker_cpu_usage_pct,bwa (DA71) (942),bwa (DA71) (942),2822953,942
,,0,2023-05-13T12:43:20.025536841Z,2023-06-12T12:43:20.025536841Z,2023-06-06T18:30:25.532297385Z,99.9474,docker_cpu_usage_pct,bwa (DA71) (942),bwa (DA71) (942),2822953,942
,,0,2023-05-13T12:43:20.025536841Z,2023-06-12T12:43:20.025536841Z,2023-06-06T18:30:27.532079306Z,100.0063,docker_cpu_usage_pct,bwa (DA71) (942),bwa (DA71) (942),2822953,942
,,0,2023-05-13T12:43:20.025536841Z,2023-06-12T12:43:20.025536841Z,2023-06-06T18:30:29.531951021Z,99.8533,docker_cpu_usage_pct,bwa (DA71) (942),bwa (DA71) (942),2822953,942
,,0,2023-05-13T12:43:20.025536841Z,2023-06-12T12:43:20.025536841Z,2023-06-06T18:30:31.531567196Z,100.346,docker_cpu_usage_pct,bwa (DA71) (942),bwa (DA71) (942),2822953,942
,,0,2023-05-13T12:43:20.025536841Z,2023-06-12T12:43:20.025536841Z,2023-06-06T18:30:33.531655838Z,99.6228,docker_cpu_usage_pct,bwa (DA71) (942),bwa (DA71) (942),2822953,942
,,0,2023-05-13T12:43:20.025536841Z,2023-06-12T12:43:20.025536841Z,2023-06-06T18:30:35.531498831Z,98.2804,docker_cpu_usage_pct,bwa (DA71) (942),bwa (DA71) (942),2822953,942
,,0,2023-05-13T12:43:20.025536841Z,2023-06-12T12:43:20.025536841Z,2023-06-06T18:30:37.532290915Z,99.9827,docker_cpu_usage_pct,bwa (DA71) (942),bwa (DA71) (942),2822953,942
,,0,2023-05-13T12:43:20.025536841Z,2023-06-12T12:43:20.025536841Z,2023-06-06T18:30:39.531657073Z,100.0314,docker_cpu_usage_pct,bwa (DA71) (942),bwa (DA71) (942),2822953,942
,,0,2023-05-13T12:43:20.025536841Z,2023-06-12T12:43:20.025536841Z,2023-06-06T18:30:41.531665601Z,99.0305,docker_cpu_usage_pct,bwa (DA71) (942),bwa (DA71) (942),2822953,942
,,0,2023-05-13T12:43:20.025536841Z,2023-06-12T12:43:20.025536841Z,2023-06-06T18:30:43.532338911Z,99.967,docker_cpu_usage_pct,bwa (DA71) (942),bwa (DA71) (942),2822953,942
,,0,2023-05-13T12:43:20.025536841Z,2023-06-12T12:43:20.025536841Z,2023-06-06T18:30:45.531712889Z,109.7888,docker_cpu_usage_pct,bwa (DA71) (942),bwa (DA71) (942),2822953,942
,,0,2023-05-13T12:43:20.025536841Z,2023-06-12T12:43:20.025536841Z,2023-06-06T18:30:47.531422988Z,98.985,docker_cpu_usage_pct,bwa (DA71) (942),bwa (DA71) (942),2822953,942
,,0,2023-05-13T12:43:20.025536841Z,2023-06-12T12:43:20.025536841Z,2023-06-06T18:30:49.53216272Z,100.0337,docker_cpu_usage_pct,bwa (DA71) (942),bwa (DA71) (942),2822953,942
,,0,2023-05-13T12:43:20.025536841Z,2023-06-12T12:43:20.025536841Z,2023-06-06T18:30:51.531886569Z,100.0424,docker_cpu_usage_pct,bwa (DA71) (942),bwa (DA71) (942),2822953,942
,,0,2023-05-13T12:43:20.025536841Z,2023-06-12T12:43:20.025536841Z,2023-06-06T18:30:53.531720442Z,98.4947,docker_cpu_usage_pct,bwa (DA71) (942),bwa (DA71) (942),2822953,942
,,0,2023-05-13T12:43:20.025536841Z,2023-06-12T12:43:20.025536841Z,2023-06-06T18:30:55.531576996Z,99.9985,docker_cpu_usage_pct,bwa (DA71) (942),bwa (DA71) (942),2822953,942
,,0,2023-05-13T12:43:20.025536841Z,2023-06-12T12:43:20.025536841Z,2023-06-06T18:30:57.532429532Z,100.024,docker_cpu_usage_pct,bwa (DA71) (942),bwa (DA71) (942),2822953,942
,,0,2023-05-13T12:43:20.025536841Z,2023-06-12T12:43:20.025536841Z,2023-06-06T18:30:59.532279446Z,98.7246,docker_cpu_usage_pct,bwa (DA71) (942),bwa (DA71) (942),2822953,942
,,0,2023-05-13T12:43:20.025536841Z,2023-06-12T12:43:20.025536841Z,2023-06-06T18:31:01.532029266Z,99.9911,docker_cpu_usage_pct,bwa (DA71) (942),bwa (DA71) (942),2822953,942
,,0,2023-05-13T12:43:20.025536841Z,2023-06-12T12:43:20.025536841Z,2023-06-06T18:31:03.531710504Z,99.8764,docker_cpu_usage_pct,bwa (DA71) (942),bwa (DA71) (942),2822953,942
,,0,2023-05-13T12:43:20.025536841Z,2023-06-12T12:43:20.025536841Z,2023-06-06T18:31:05.531466734Z,97.8735,docker_cpu_usage_pct,bwa (DA71) (942),bwa (DA71) (942),2822953,942
,,0,2023-05-13T12:43:20.025536841Z,2023-06-12T12:43:20.025536841Z,2023-06-06T18:31:07.532425004Z,100.0938,docker_cpu_usage_pct,bwa (DA71) (942),bwa (DA71) (942),2822953,942
,,0,2023-05-13T12:43:20.025536841Z,2023-06-12T12:43:20.025536841Z,2023-06-06T18:31:09.532137213Z,99.04,docker_cpu_usage_pct,bwa (DA71) (942),bwa (DA71) (942),2822953,942
,,0,2023-05-13T12:43:20.025536841Z,2023-06-12T12:43:20.025536841Z,2023-06-06T18:31:11.531777879Z,98.3056,docker_cpu_usage_pct,bwa (DA71) (942),bwa (DA71) (942),2822953,942
,,0,2023-05-13T12:43:20.025536841Z,2023-06-12T12:43:20.025536841Z,2023-06-06T18:31:13.531659754Z,100.0298,docker_cpu_usage_pct,bwa (DA71) (942),bwa (DA71) (942),2822953,942
,,0,2023-05-13T12:43:20.025536841Z,2023-06-12T12:43:20.025536841Z,2023-06-06T18:31:15.532374355Z,110.3319,docker_cpu_usage_pct,bwa (DA71) (942),bwa (DA71) (942),2822953,942
,,0,2023-05-13T12:43:20.025536841Z,2023-06-12T12:43:20.025536841Z,2023-06-06T18:31:17.532091534Z,98.7895,docker_cpu_usage_pct,bwa (DA71) (942),bwa (DA71) (942),2822953,942
,,0,2023-05-13T12:43:20.025536841Z,2023-06-12T12:43:20.025536841Z,2023-06-06T18:31:19.53201631Z,99.9557,docker_cpu_usage_pct,bwa (DA71) (942),bwa (DA71) (942),2822953,942
,,0,2023-05-13T12:43:20.025536841Z,2023-06-12T12:43:20.025536841Z,2023-06-06T18:31:21.531666057Z,100.3258,docker_cpu_usage_pct,bwa (DA71) (942),bwa (DA71) (942),2822953,942
,,0,2023-05-13T12:43:20.025536841Z,2023-06-12T12:43:20.025536841Z,2023-06-06T18:31:23.532014587Z,98.3701,docker_cpu_usage_pct,bwa (DA71) (942),bwa (DA71) (942),2822953,942
,,0,2023-05-13T12:43:20.025536841Z,2023-06-12T12:43:20.025536841Z,2023-06-06T18:31:25.531610922Z,103.0604,docker_cpu_usage_pct,bwa (DA71) (942),bwa (DA71) (942),2822953,942
,,0,2023-05-13T12:43:20.025536841Z,2023-06-12T12:43:20.025536841Z,2023-06-06T18:31:27.532325094Z,99.5397,docker_cpu_usage_pct,bwa (DA71) (942),bwa (DA71) (942),2822953,942
,,0,2023-05-13T12:43:20.025536841Z,2023-06-12T12:43:20.025536841Z,2023-06-06T18:31:29.53227075Z,98.5471,docker_cpu_usage_pct,bwa (DA71) (942),bwa (DA71) (942),2822953,942
,,0,2023-05-13T12:43:20.025536841Z,2023-06-12T12:43:20.025536841Z,2023-06-06T18:31:31.53200046Z,105.3754,docker_cpu_usage_pct,bwa (DA71) (942),bwa (DA71) (942),2822953,942
,,0,2023-05-13T12:43:20.025536841Z,2023-06-12T12:43:20.025536841Z,2023-06-06T18:31:33.531620686Z,99.78,docker_cpu_usage_pct,bwa (DA71) (942),bwa (DA71) (942),2822953,942
,,0,2023-05-13T12:43:20.025536841Z,2023-06-12T12:43:20.025536841Z,2023-06-06T18:31:35.532332477Z,99.1603,docker_cpu_usage_pct,bwa (DA71) (942),bwa (DA71) (942),2822953,942
,,0,2023-05-13T12:43:20.025536841Z,2023-06-12T12:43:20.025536841Z,2023-06-06T18:31:37.532440868Z,103.1765,docker_cpu_usage_pct,bwa (DA71) (942),bwa (DA71) (942),2822953,942
,,0,2023-05-13T12:43:20.025536841Z,2023-06-12T12:43:20.025536841Z,2023-06-06T18:31:39.533210912Z,100.3685,docker_cpu_usage_pct,bwa (DA71) (942),bwa (DA71) (942),2822953,942
,,0,2023-05-13T12:43:20.025536841Z,2023-06-12T12:43:20.025536841Z,2023-06-06T18:31:41.531816335Z,98.1788,docker_cpu_usage_pct,bwa (DA71) (942),bwa (DA71) (942),2822953,942
,,0,2023-05-13T12:43:20.025536841Z,2023-06-12T12:43:20.025536841Z,2023-06-06T18:31:44.531602445Z,105.0637,docker_cpu_usage_pct,bwa (DA71) (942),bwa (DA71) (942),2822953,942
,,0,2023-05-13T12:43:20.025536841Z,2023-06-12T12:43:20.025536841Z,2023-06-06T18:31:46.532435201Z,111.0238,docker_cpu_usage_pct,bwa (DA71) (942),bwa (DA71) (942),2822953,942
,,0,2023-05-13T12:43:20.025536841Z,2023-06-12T12:43:20.025536841Z,2023-06-06T18:31:48.532224302Z,98.3597,docker_cpu_usage_pct,bwa (DA71) (942),bwa (DA71) (942),2822953,942
,,0,2023-05-13T12:43:20.025536841Z,2023-06-12T12:43:20.025536841Z,2023-06-06T18:31:50.531767525Z,113.7189,docker_cpu_usage_pct,bwa (DA71) (942),bwa (DA71) (942),2822953,942
,,0,2023-05-13T12:43:20.025536841Z,2023-06-12T12:43:20.025536841Z,2023-06-06T18:31:52.532438655Z,99.2857,docker_cpu_usage_pct,bwa (DA71) (942),bwa (DA71) (942),2822953,942
,,0,2023-05-13T12:43:20.025536841Z,2023-06-12T12:43:20.025536841Z,2023-06-06T18:31:54.532167295Z,99.9323,docker_cpu_usage_pct,bwa (DA71) (942),bwa (DA71) (942),2822953,942
,,0,2023-05-13T12:43:20.025536841Z,2023-06-12T12:43:20.025536841Z,2023-06-06T18:31:56.531641736Z,116.8639,docker_cpu_usage_pct,bwa (DA71) (942),bwa (DA71) (942),2822953,942
,,0,2023-05-13T12:43:20.025536841Z,2023-06-12T12:43:20.025536841Z,2023-06-06T18:31:58.531422697Z,100.0267,docker_cpu_usage_pct,bwa (DA71) (942),bwa (DA71) (942),2822953,942
,,0,2023-05-13T12:43:20.025536841Z,2023-06-12T12:43:20.025536841Z,2023-06-06T18:32:00.532265733Z,99.9992,docker_cpu_usage_pct,bwa (DA71) (942),bwa (DA71) (942),2822953,942
,,0,2023-05-13T12:43:20.025536841Z,2023-06-12T12:43:20.025536841Z,2023-06-06T18:32:02.531987732Z,127.3692,docker_cpu_usage_pct,bwa (DA71) (942),bwa (DA71) (942),2822953,942
,,0,2023-05-13T12:43:20.025536841Z,2023-06-12T12:43:20.025536841Z,2023-06-06T18:32:04.531768214Z,98.6714,docker_cpu_usage_pct,bwa (DA71) (942),bwa (DA71) (942),2822953,942
,,0,2023-05-13T12:43:20.025536841Z,2023-06-12T12:43:20.025536841Z,2023-06-06T18:32:06.531650179Z,99.9753,docker_cpu_usage_pct,bwa (DA71) (942),bwa (DA71) (942),2822953,942
,,0,2023-05-13T12:43:20.025536841Z,2023-06-12T12:43:20.025536841Z,2023-06-06T18:32:08.532397551Z,119.5427,docker_cpu_usage_pct,bwa (DA71) (942),bwa (DA71) (942),2822953,942
,,0,2023-05-13T12:43:20.025536841Z,2023-06-12T12:43:20.025536841Z,2023-06-06T18:32:10.532016287Z,99.9646,docker_cpu_usage_pct,bwa (DA71) (942),bwa (DA71) (942),2822953,942
,,0,2023-05-13T12:43:20.025536841Z,2023-06-12T12:43:20.025536841Z,2023-06-06T18:32:12.531687285Z,99.9638,docker_cpu_usage_pct,bwa (DA71) (942),bwa (DA71) (942),2822953,942
,,0,2023-05-13T12:43:20.025536841Z,2023-06-12T12:43:20.025536841Z,2023-06-06T18:32:14.531449245Z,120.3184,docker_cpu_usage_pct,bwa (DA71) (942),bwa (DA71) (942),2822953,942
,,0,2023-05-13T12:43:20.025536841Z,2023-06-12T12:43:20.025536841Z,2023-06-06T18:32:16.532180958Z,98.6601,docker_cpu_usage_pct,bwa (DA71) (942),bwa (DA71) (942),2822953,942
,,0,2023-05-13T12:43:20.025536841Z,2023-06-12T12:43:20.025536841Z,2023-06-06T18:32:18.53199775Z,99.9454,docker_cpu_usage_pct,bwa (DA71) (942),bwa (DA71) (942),2822953,942
,,0,2023-05-13T12:43:20.025536841Z,2023-06-12T12:43:20.025536841Z,2023-06-06T18:32:20.531812132Z,109.7552,docker_cpu_usage_pct,bwa (DA71) (942),bwa (DA71) (942),2822953,942
,,0,2023-05-13T12:43:20.025536841Z,2023-06-12T12:43:20.025536841Z,2023-06-06T18:32:22.531565842Z,99.8842,docker_cpu_usage_pct,bwa (DA71) (942),bwa (DA71) (942),2822953,942
,,0,2023-05-13T12:43:20.025536841Z,2023-06-12T12:43:20.025536841Z,2023-06-06T18:32:24.53249279Z,98.3663,docker_cpu_usage_pct,bwa (DA71) (942),bwa (DA71) (942),2822953,942
,,0,2023-05-13T12:43:20.025536841Z,2023-06-12T12:43:20.025536841Z,2023-06-06T18:32:26.532189769Z,99.8756,docker_cpu_usage_pct,bwa (DA71) (942),bwa (DA71) (942),2822953,942
,,0,2023-05-13T12:43:20.025536841Z,2023-06-12T12:43:20.025536841Z,2023-06-06T18:32:28.531785494Z,99.9573,docker_cpu_usage_pct,bwa (DA71) (942),bwa (DA71) (942),2822953,942
,,0,2023-05-13T12:43:20.025536841Z,2023-06-12T12:43:20.025536841Z,2023-06-06T18:32:30.53171558Z,97.7377,docker_cpu_usage_pct,bwa (DA71) (942),bwa (DA71) (942),2822953,942
,,0,2023-05-13T12:43:20.025536841Z,2023-06-12T12:43:20.025536841Z,2023-06-06T18:32:32.532464003Z,104.6978,docker_cpu_usage_pct,bwa (DA71) (942),bwa (DA71) (942),2822953,942
,,0,2023-05-13T12:43:20.025536841Z,2023-06-12T12:43:20.025536841Z,2023-06-06T18:32:34.532348127Z,99.7018,docker_cpu_usage_pct,bwa (DA71) (942),bwa (DA71) (942),2822953,942
,,0,2023-05-13T12:43:20.025536841Z,2023-06-12T12:43:20.025536841Z,2023-06-06T18:32:36.532017225Z,98.8934,docker_cpu_usage_pct,bwa (DA71) (942),bwa (DA71) (942),2822953,942
,,0,2023-05-13T12:43:20.025536841Z,2023-06-12T12:43:20.025536841Z,2023-06-06T18:32:38.532179518Z,106.59,docker_cpu_usage_pct,bwa (DA71) (942),bwa (DA71) (942),2822953,942
,,0,2023-05-13T12:43:20.025536841Z,2023-06-12T12:43:20.025536841Z,2023-06-06T18:32:40.532051102Z,99.9952,docker_cpu_usage_pct,bwa (DA71) (942),bwa (DA71) (942),2822953,942
,,0,2023-05-13T12:43:20.025536841Z,2023-06-12T12:43:20.025536841Z,2023-06-06T18:32:42.53174808Z,99.3116,docker_cpu_usage_pct,bwa (DA71) (942),bwa (DA71) (942),2822953,942
,,0,2023-05-13T12:43:20.025536841Z,2023-06-12T12:43:20.025536841Z,2023-06-06T18:32:44.531514931Z,109.5468,docker_cpu_usage_pct,bwa (DA71) (942),bwa (DA71) (942),2822953,942
,,0,2023-05-13T12:43:20.025536841Z,2023-06-12T12:43:20.025536841Z,2023-06-06T18:32:46.532301575Z,100.0031,docker_cpu_usage_pct,bwa (DA71) (942),bwa (DA71) (942),2822953,942
,,0,2023-05-13T12:43:20.025536841Z,2023-06-12T12:43:20.025536841Z,2023-06-06T18:32:48.532000944Z,99.107,docker_cpu_usage_pct,bwa (DA71) (942),bwa (DA71) (942),2822953,942
,,0,2023-05-13T12:43:20.025536841Z,2023-06-12T12:43:20.025536841Z,2023-06-06T18:32:50.531828376Z,107.284,docker_cpu_usage_pct,bwa (DA71) (942),bwa (DA71) (942),2822953,942
,,0,2023-05-13T12:43:20.025536841Z,2023-06-12T12:43:20.025536841Z,2023-06-06T18:32:52.531519985Z,99.481,docker_cpu_usage_pct,bwa (DA71) (942),bwa (DA71) (942),2822953,942
,,0,2023-05-13T12:43:20.025536841Z,2023-06-12T12:43:20.025536841Z,2023-06-06T18:32:54.532192494Z,98.9686,docker_cpu_usage_pct,bwa (DA71) (942),bwa (DA71) (942),2822953,942
,,0,2023-05-13T12:43:20.025536841Z,2023-06-12T12:43:20.025536841Z,2023-06-06T18:32:56.532063648Z,109.3457,docker_cpu_usage_pct,bwa (DA71) (942),bwa (DA71) (942),2822953,942
,,0,2023-05-13T12:43:20.025536841Z,2023-06-12T12:43:20.025536841Z,2023-06-06T18:32:58.531683054Z,99.9946,docker_cpu_usage_pct,bwa (DA71) (942),bwa (DA71) (942),2822953,942
,,0,2023-05-13T12:43:20.025536841Z,2023-06-12T12:43:20.025536841Z,2023-06-06T18:33:00.532392996Z,98.6541,docker_cpu_usage_pct,bwa (DA71) (942),bwa (DA71) (942),2822953,942
,,0,2023-05-13T12:43:20.025536841Z,2023-06-12T12:43:20.025536841Z,2023-06-06T18:33:02.532173147Z,110.0352,docker_cpu_usage_pct,bwa (DA71) (942),bwa (DA71) (942),2822953,942
,,0,2023-05-13T12:43:20.025536841Z,2023-06-12T12:43:20.025536841Z,2023-06-06T18:33:04.531772992Z,99.9545,docker_cpu_usage_pct,bwa (DA71) (942),bwa (DA71) (942),2822953,942
,,0,2023-05-13T12:43:20.025536841Z,2023-06-12T12:43:20.025536841Z,2023-06-06T18:33:06.531534193Z,98.1361,docker_cpu_usage_pct,bwa (DA71) (942),bwa (DA71) (942),2822953,942
,,0,2023-05-13T12:43:20.025536841Z,2023-06-12T12:43:20.025536841Z,2023-06-06T18:33:08.532357697Z,113.678,docker_cpu_usage_pct,bwa (DA71) (942),bwa (DA71) (942),2822953,942
,,0,2023-05-13T12:43:20.025536841Z,2023-06-12T12:43:20.025536841Z,2023-06-06T18:33:10.533270805Z,99.9279,docker_cpu_usage_pct,bwa (DA71) (942),bwa (DA71) (942),2822953,942
,,0,2023-05-13T12:43:20.025536841Z,2023-06-12T12:43:20.025536841Z,2023-06-06T18:33:12.532034023Z,99.8348,docker_cpu_usage_pct,bwa (DA71) (942),bwa (DA71) (942),2822953,942
,,0,2023-05-13T12:43:20.025536841Z,2023-06-12T12:43:20.025536841Z,2023-06-06T18:33:15.531816233Z,117.4639,docker_cpu_usage_pct,bwa (DA71) (942),bwa (DA71) (942),2822953,942
,,0,2023-05-13T12:43:20.025536841Z,2023-06-12T12:43:20.025536841Z,2023-06-06T18:33:16.533309361Z,100.4008,docker_cpu_usage_pct,bwa (DA71) (942),bwa (DA71) (942),2822953,942
,,0,2023-05-13T12:43:20.025536841Z,2023-06-12T12:43:20.025536841Z,2023-06-06T18:33:19.53213086Z,99.9298,docker_cpu_usage_pct,bwa (DA71) (942),bwa (DA71) (942),2822953,942
,,0,2023-05-13T12:43:20.025536841Z,2023-06-12T12:43:20.025536841Z,2023-06-06T18:33:21.531931732Z,118.8146,docker_cpu_usage_pct,bwa (DA71) (942),bwa (DA71) (942),2822953,942
,,0,2023-05-13T12:43:20.025536841Z,2023-06-12T12:43:20.025536841Z,2023-06-06T18:33:23.531561718Z,99.9034,docker_cpu_usage_pct,bwa (DA71) (942),bwa (DA71) (942),2822953,942
,,0,2023-05-13T12:43:20.025536841Z,2023-06-12T12:43:20.025536841Z,2023-06-06T18:33:25.532385323Z,99.8542,docker_cpu_usage_pct,bwa (DA71) (942),bwa (DA71) (942),2822953,942
,,0,2023-05-13T12:43:20.025536841Z,2023-06-12T12:43:20.025536841Z,2023-06-06T18:33:27.532097242Z,113.697,docker_cpu_usage_pct,bwa (DA71) (942),bwa (DA71) (942),2822953,942
,,0,2023-05-13T12:43:20.025536841Z,2023-06-12T12:43:20.025536841Z,2023-06-06T18:33:29.531909234Z,98.2465,docker_cpu_usage_pct,bwa (DA71) (942),bwa (DA71) (942),2822953,942
,,0,2023-05-13T12:43:20.025536841Z,2023-06-12T12:43:20.025536841Z,2023-06-06T18:33:31.531574061Z,98.8883,docker_cpu_usage_pct,bwa (DA71) (942),bwa (DA71) (942),2822953,942
,,0,2023-05-13T12:43:20.025536841Z,2023-06-12T12:43:20.025536841Z,2023-06-06T18:33:33.532397716Z,99.9939,docker_cpu_usage_pct,bwa (DA71) (942),bwa (DA71) (942),2822953,942
,,0,2023-05-13T12:43:20.025536841Z,2023-06-12T12:43:20.025536841Z,2023-06-06T18:33:35.532218999Z,99.9422,docker_cpu_usage_pct,bwa (DA71) (942),bwa (DA71) (942),2822953,942
,,0,2023-05-13T12:43:20.025536841Z,2023-06-12T12:43:20.025536841Z,2023-06-06T18:33:37.53201727Z,98.2639,docker_cpu_usage_pct,bwa (DA71) (942),bwa (DA71) (942),2822953,942
,,0,2023-05-13T12:43:20.025536841Z,2023-06-12T12:43:20.025536841Z,2023-06-06T18:33:39.531702708Z,99.924,docker_cpu_usage_pct,bwa (DA71) (942),bwa (DA71) (942),2822953,942
,,0,2023-05-13T12:43:20.025536841Z,2023-06-12T12:43:20.025536841Z,2023-06-06T18:33:41.531423928Z,99.9517,docker_cpu_usage_pct,bwa (DA71) (942),bwa (DA71) (942),2822953,942
,,0,2023-05-13T12:43:20.025536841Z,2023-06-12T12:43:20.025536841Z,2023-06-06T18:33:43.532219792Z,98.4728,docker_cpu_usage_pct,bwa (DA71) (942),bwa (DA71) (942),2822953,942
,,0,2023-05-13T12:43:20.025536841Z,2023-06-12T12:43:20.025536841Z,2023-06-06T18:33:45.532000823Z,100.3651,docker_cpu_usage_pct,bwa (DA71) (942),bwa (DA71) (942),2822953,942
,,0,2023-05-13T12:43:20.025536841Z,2023-06-12T12:43:20.025536841Z,2023-06-06T18:33:47.53166118Z,99.9717,docker_cpu_usage_pct,bwa (DA71) (942),bwa (DA71) (942),2822953,942
,,0,2023-05-13T12:43:20.025536841Z,2023-06-12T12:43:20.025536841Z,2023-06-06T18:33:49.532485085Z,98.5744,docker_cpu_usage_pct,bwa (DA71) (942),bwa (DA71) (942),2822953,942
,,0,2023-05-13T12:43:20.025536841Z,2023-06-12T12:43:20.025536841Z,2023-06-06T18:33:51.532142922Z,100.0651,docker_cpu_usage_pct,bwa (DA71) (942),bwa (DA71) (942),2822953,942
,,0,2023-05-13T12:43:20.025536841Z,2023-06-12T12:43:20.025536841Z,2023-06-06T18:33:53.531857711Z,99.8813,docker_cpu_usage_pct,bwa (DA71) (942),bwa (DA71) (942),2822953,942
,,0,2023-05-13T12:43:20.025536841Z,2023-06-12T12:43:20.025536841Z,2023-06-06T18:33:55.531644552Z,99.2456,docker_cpu_usage_pct,bwa (DA71) (942),bwa (DA71) (942),2822953,942
,,0,2023-05-13T12:43:20.025536841Z,2023-06-12T12:43:20.025536841Z,2023-06-06T18:33:57.531480145Z,100.4491,docker_cpu_usage_pct,bwa (DA71) (942),bwa (DA71) (942),2822953,942
,,0,2023-05-13T12:43:20.025536841Z,2023-06-12T12:43:20.025536841Z,2023-06-06T18:33:59.532282889Z,99.9907,docker_cpu_usage_pct,bwa (DA71) (942),bwa (DA71) (942),2822953,942
,,0,2023-05-13T12:43:20.025536841Z,2023-06-12T12:43:20.025536841Z,2023-06-06T18:34:01.531981767Z,98.8531,docker_cpu_usage_pct,bwa (DA71) (942),bwa (DA71) (942),2822953,942
,,0,2023-05-13T12:43:20.025536841Z,2023-06-12T12:43:20.025536841Z,2023-06-06T18:34:03.531856142Z,99.983,docker_cpu_usage_pct,bwa (DA71) (942),bwa (DA71) (942),2822953,942
,,0,2023-05-13T12:43:20.025536841Z,2023-06-12T12:43:20.025536841Z,2023-06-06T18:34:05.531770579Z,99.9731,docker_cpu_usage_pct,bwa (DA71) (942),bwa (DA71) (942),2822953,942
,,0,2023-05-13T12:43:20.025536841Z,2023-06-12T12:43:20.025536841Z,2023-06-06T18:34:07.532276577Z,98.9595,docker_cpu_usage_pct,bwa (DA71) (942),bwa (DA71) (942),2822953,942
,,0,2023-05-13T12:43:20.025536841Z,2023-06-12T12:43:20.025536841Z,2023-06-06T18:34:09.532134189Z,99.9743,docker_cpu_usage_pct,bwa (DA71) (942),bwa (DA71) (942),2822953,942
,,0,2023-05-13T12:43:20.025536841Z,2023-06-12T12:43:20.025536841Z,2023-06-06T18:34:11.531825473Z,99.6294,docker_cpu_usage_pct,bwa (DA71) (942),bwa (DA71) (942),2822953,942
,,0,2023-05-13T12:43:20.025536841Z,2023-06-12T12:43:20.025536841Z,2023-06-06T18:34:13.531644517Z,98.5266,docker_cpu_usage_pct,bwa (DA71) (942),bwa (DA71) (942),2822953,942
,,0,2023-05-13T12:43:20.025536841Z,2023-06-12T12:43:20.025536841Z,2023-06-06T18:34:15.532267626Z,106.1186,docker_cpu_usage_pct,bwa (DA71) (942),bwa (DA71) (942),2822953,942
,,0,2023-05-13T12:43:20.025536841Z,2023-06-12T12:43:20.025536841Z,2023-06-06T18:34:17.532138626Z,98.5022,docker_cpu_usage_pct,bwa (DA71) (942),bwa (DA71) (942),2822953,942
,,0,2023-05-13T12:43:20.025536841Z,2023-06-12T12:43:20.025536841Z,2023-06-06T18:34:19.531771746Z,594.8893,docker_cpu_usage_pct,bwa (DA71) (942),bwa (DA71) (942),2822953,942
,,0,2023-05-13T12:43:20.025536841Z,2023-06-12T12:43:20.025536841Z,2023-06-06T18:34:21.531574298Z,655.9859,docker_cpu_usage_pct,bwa (DA71) (942),bwa (DA71) (942),2822953,942
,,0,2023-05-13T12:43:20.025536841Z,2023-06-12T12:43:20.025536841Z,2023-06-06T18:34:23.532484023Z,589.7111,docker_cpu_usage_pct,bwa (DA71) (942),bwa (DA71) (942),2822953,942
,,0,2023-05-13T12:43:20.025536841Z,2023-06-12T12:43:20.025536841Z,2023-06-06T18:34:25.53200518Z,584.6669,docker_cpu_usage_pct,bwa (DA71) (942),bwa (DA71) (942),2822953,942
,,0,2023-05-13T12:43:20.025536841Z,2023-06-12T12:43:20.025536841Z,2023-06-06T18:34:27.531854315Z,624.6303,docker_cpu_usage_pct,bwa (DA71) (942),bwa (DA71) (942),2822953,942
,,0,2023-05-13T12:43:20.025536841Z,2023-06-12T12:43:20.025536841Z,2023-06-06T18:34:29.537053983Z,597.8481,docker_cpu_usage_pct,bwa (DA71) (942),bwa (DA71) (942),2822953,942
,,0,2023-05-13T12:43:20.025536841Z,2023-06-12T12:43:20.025536841Z,2023-06-06T18:34:31.537277493Z,580.4256,docker_cpu_usage_pct,bwa (DA71) (942),bwa (DA71) (942),2822953,942
,,0,2023-05-13T12:43:20.025536841Z,2023-06-12T12:43:20.025536841Z,2023-06-06T18:34:33.545124002Z,642.3069,docker_cpu_usage_pct,bwa (DA71) (942),bwa (DA71) (942),2822953,942
,,0,2023-05-13T12:43:20.025536841Z,2023-06-12T12:43:20.025536841Z,2023-06-06T18:34:35.535815173Z,580.6264,docker_cpu_usage_pct,bwa (DA71) (942),bwa (DA71) (942),2822953,942
,,0,2023-05-13T12:43:20.025536841Z,2023-06-12T12:43:20.025536841Z,2023-06-06T18:34:37.533076307Z,656.8216,docker_cpu_usage_pct,bwa (DA71) (942),bwa (DA71) (942),2822953,942
,,0,2023-05-13T12:43:20.025536841Z,2023-06-12T12:43:20.025536841Z,2023-06-06T18:34:39.534791835Z,631.3729,docker_cpu_usage_pct,bwa (DA71) (942),bwa (DA71) (942),2822953,942
,,0,2023-05-13T12:43:20.025536841Z,2023-06-12T12:43:20.025536841Z,2023-06-06T18:34:41.533173051Z,689.8494,docker_cpu_usage_pct,bwa (DA71) (942),bwa (DA71) (942),2822953,942
,,0,2023-05-13T12:43:20.025536841Z,2023-06-12T12:43:20.025536841Z,2023-06-06T18:34:43.531818612Z,738.2851,docker_cpu_usage_pct,bwa (DA71) (942),bwa (DA71) (942),2822953,942
,,0,2023-05-13T12:43:20.025536841Z,2023-06-12T12:43:20.025536841Z,2023-06-06T18:34:46.533336869Z,436.6756,docker_cpu_usage_pct,bwa (DA71) (942),bwa (DA71) (942),2822953,942
,,0,2023-05-13T12:43:20.025536841Z,2023-06-12T12:43:20.025536841Z,2023-06-06T18:34:48.533453721Z,100.2891,docker_cpu_usage_pct,bwa (DA71) (942),bwa (DA71) (942),2822953,942
,,0,2023-05-13T12:43:20.025536841Z,2023-06-12T12:43:20.025536841Z,2023-06-06T18:34:50.531900035Z,100.0062,docker_cpu_usage_pct,bwa (DA71) (942),bwa (DA71) (942),2822953,942
,,0,2023-05-13T12:43:20.025536841Z,2023-06-12T12:43:20.025536841Z,2023-06-06T18:34:52.537315216Z,99.7425,docker_cpu_usage_pct,bwa (DA71) (942),bwa (DA71) (942),2822953,942
,,0,2023-05-13T12:43:20.025536841Z,2023-06-12T12:43:20.025536841Z,2023-06-06T18:34:54.533225671Z,100.114,docker_cpu_usage_pct,bwa (DA71) (942),bwa (DA71) (942),2822953,942
,,0,2023-05-13T12:43:20.025536841Z,2023-06-12T12:43:20.025536841Z,2023-06-06T18:34:56.531650456Z,99.7698,docker_cpu_usage_pct,bwa (DA71) (942),bwa (DA71) (942),2822953,942
,,0,2023-05-13T12:43:20.025536841Z,2023-06-12T12:43:20.025536841Z,2023-06-06T18:34:58.532387274Z,100.0517,docker_cpu_usage_pct,bwa (DA71) (942),bwa (DA71) (942),2822953,942
,,0,2023-05-13T12:43:20.025536841Z,2023-06-12T12:43:20.025536841Z,2023-06-06T18:35:00.531584759Z,100.4533,docker_cpu_usage_pct,bwa (DA71) (942),bwa (DA71) (942),2822953,942
,,0,2023-05-13T12:43:20.025536841Z,2023-06-12T12:43:20.025536841Z,2023-06-06T18:35:02.532527938Z,99.7335,docker_cpu_usage_pct,bwa (DA71) (942),bwa (DA71) (942),2822953,942
,,0,2023-05-13T12:43:20.025536841Z,2023-06-12T12:43:20.025536841Z,2023-06-06T18:35:03.874140548Z,99.9345,docker_cpu_usage_pct,bwa (DA71) (942),bwa (DA71) (942),2822953,942
