#datatype,string,long,dateTime:RFC3339,dateTime:RFC3339,dateTime:RFC3339,double,string,string,string,string,string
#group,false,false,true,true,false,false,true,true,true,true,true
#default,_result,,,,,,,,,,
,result,table,_start,_stop,_time,_value,_field,_measurement,name,pid,tid
,,0,2023-05-13T12:42:49.934078027Z,2023-06-12T12:42:49.934078027Z,2023-06-02T07:18:52.064766953Z,234.79,docker_used_memory_mb,fastqc_after_clipping (DA28_L1) (592),fastqc_after_clipping (DA28_L1) (592),2264820,592
,,0,2023-05-13T12:42:49.934078027Z,2023-06-12T12:42:49.934078027Z,2023-06-02T07:18:54.064255547Z,258.9,docker_used_memory_mb,fastqc_after_clipping (DA28_L1) (592),fastqc_after_clipping (DA28_L1) (592),2264820,592
,,0,2023-05-13T12:42:49.934078027Z,2023-06-12T12:42:49.934078027Z,2023-06-02T07:18:56.065055442Z,264.22,docker_used_memory_mb,fastqc_after_clipping (DA28_L1) (592),fastqc_after_clipping (DA28_L1) (592),2264820,592
,,0,2023-05-13T12:42:49.934078027Z,2023-06-12T12:42:49.934078027Z,2023-06-02T07:18:58.065027229Z,266.63,docker_used_memory_mb,fastqc_after_clipping (DA28_L1) (592),fastqc_after_clipping (DA28_L1) (592),2264820,592
,,0,2023-05-13T12:42:49.934078027Z,2023-06-12T12:42:49.934078027Z,2023-06-02T07:19:00.064400047Z,268.38,docker_used_memory_mb,fastqc_after_clipping (DA28_L1) (592),fastqc_after_clipping (DA28_L1) (592),2264820,592
,,0,2023-05-13T12:42:49.934078027Z,2023-06-12T12:42:49.934078027Z,2023-06-02T07:19:02.064824658Z,269.24,docker_used_memory_mb,fastqc_after_clipping (DA28_L1) (592),fastqc_after_clipping (DA28_L1) (592),2264820,592
,,0,2023-05-13T12:42:49.934078027Z,2023-06-12T12:42:49.934078027Z,2023-06-02T07:19:04.064510284Z,270.04,docker_used_memory_mb,fastqc_after_clipping (DA28_L1) (592),fastqc_after_clipping (DA28_L1) (592),2264820,592
,,0,2023-05-13T12:42:49.934078027Z,2023-06-12T12:42:49.934078027Z,2023-06-02T07:19:06.06512554Z,270.79,docker_used_memory_mb,fastqc_after_clipping (DA28_L1) (592),fastqc_after_clipping (DA28_L1) (592),2264820,592
,,0,2023-05-13T12:42:49.934078027Z,2023-06-12T12:42:49.934078027Z,2023-06-02T07:19:08.064766454Z,271.47,docker_used_memory_mb,fastqc_after_clipping (DA28_L1) (592),fastqc_after_clipping (DA28_L1) (592),2264820,592
,,0,2023-05-13T12:42:49.934078027Z,2023-06-12T12:42:49.934078027Z,2023-06-02T07:19:10.06451326Z,272.2,docker_used_memory_mb,fastqc_after_clipping (DA28_L1) (592),fastqc_after_clipping (DA28_L1) (592),2264820,592
,,0,2023-05-13T12:42:49.934078027Z,2023-06-12T12:42:49.934078027Z,2023-06-02T07:19:12.065131093Z,272.66,docker_used_memory_mb,fastqc_after_clipping (DA28_L1) (592),fastqc_after_clipping (DA28_L1) (592),2264820,592
,,0,2023-05-13T12:42:49.934078027Z,2023-06-12T12:42:49.934078027Z,2023-06-02T07:19:14.06493562Z,272.77,docker_used_memory_mb,fastqc_after_clipping (DA28_L1) (592),fastqc_after_clipping (DA28_L1) (592),2264820,592
,,0,2023-05-13T12:42:49.934078027Z,2023-06-12T12:42:49.934078027Z,2023-06-02T07:19:16.064667613Z,273.61,docker_used_memory_mb,fastqc_after_clipping (DA28_L1) (592),fastqc_after_clipping (DA28_L1) (592),2264820,592
,,0,2023-05-13T12:42:49.934078027Z,2023-06-12T12:42:49.934078027Z,2023-06-02T07:19:18.064370456Z,273.91,docker_used_memory_mb,fastqc_after_clipping (DA28_L1) (592),fastqc_after_clipping (DA28_L1) (592),2264820,592
,,0,2023-05-13T12:42:49.934078027Z,2023-06-12T12:42:49.934078027Z,2023-06-02T07:19:21.065446305Z,274.19,docker_used_memory_mb,fastqc_after_clipping (DA28_L1) (592),fastqc_after_clipping (DA28_L1) (592),2264820,592
,,0,2023-05-13T12:42:49.934078027Z,2023-06-12T12:42:49.934078027Z,2023-06-02T07:19:23.065714404Z,274.5,docker_used_memory_mb,fastqc_after_clipping (DA28_L1) (592),fastqc_after_clipping (DA28_L1) (592),2264820,592
,,0,2023-05-13T12:42:49.934078027Z,2023-06-12T12:42:49.934078027Z,2023-06-02T07:19:25.065114764Z,274.25,docker_used_memory_mb,fastqc_after_clipping (DA28_L1) (592),fastqc_after_clipping (DA28_L1) (592),2264820,592
,,0,2023-05-13T12:42:49.934078027Z,2023-06-12T12:42:49.934078027Z,2023-06-02T07:19:27.064840083Z,274.66,docker_used_memory_mb,fastqc_after_clipping (DA28_L1) (592),fastqc_after_clipping (DA28_L1) (592),2264820,592
,,0,2023-05-13T12:42:49.934078027Z,2023-06-12T12:42:49.934078027Z,2023-06-02T07:19:29.064555502Z,274.56,docker_used_memory_mb,fastqc_after_clipping (DA28_L1) (592),fastqc_after_clipping (DA28_L1) (592),2264820,592
,,0,2023-05-13T12:42:49.934078027Z,2023-06-12T12:42:49.934078027Z,2023-06-02T07:19:31.065266252Z,274.86,docker_used_memory_mb,fastqc_after_clipping (DA28_L1) (592),fastqc_after_clipping (DA28_L1) (592),2264820,592
,,0,2023-05-13T12:42:49.934078027Z,2023-06-12T12:42:49.934078027Z,2023-06-02T07:19:33.064945228Z,275.02,docker_used_memory_mb,fastqc_after_clipping (DA28_L1) (592),fastqc_after_clipping (DA28_L1) (592),2264820,592
,,0,2023-05-13T12:42:49.934078027Z,2023-06-12T12:42:49.934078027Z,2023-06-02T07:19:35.064585502Z,275.14,docker_used_memory_mb,fastqc_after_clipping (DA28_L1) (592),fastqc_after_clipping (DA28_L1) (592),2264820,592
,,0,2023-05-13T12:42:49.934078027Z,2023-06-12T12:42:49.934078027Z,2023-06-02T07:19:37.065276189Z,275.04,docker_used_memory_mb,fastqc_after_clipping (DA28_L1) (592),fastqc_after_clipping (DA28_L1) (592),2264820,592
,,0,2023-05-13T12:42:49.934078027Z,2023-06-12T12:42:49.934078027Z,2023-06-02T07:19:39.064922222Z,275.12,docker_used_memory_mb,fastqc_after_clipping (DA28_L1) (592),fastqc_after_clipping (DA28_L1) (592),2264820,592
,,0,2023-05-13T12:42:49.934078027Z,2023-06-12T12:42:49.934078027Z,2023-06-02T07:19:41.064627916Z,275.01,docker_used_memory_mb,fastqc_after_clipping (DA28_L1) (592),fastqc_after_clipping (DA28_L1) (592),2264820,592
,,0,2023-05-13T12:42:49.934078027Z,2023-06-12T12:42:49.934078027Z,2023-06-02T07:19:43.065455745Z,276.43,docker_used_memory_mb,fastqc_after_clipping (DA28_L1) (592),fastqc_after_clipping (DA28_L1) (592),2264820,592
,,0,2023-05-13T12:42:49.934078027Z,2023-06-12T12:42:49.934078027Z,2023-06-02T07:19:45.064833838Z,276.47,docker_used_memory_mb,fastqc_after_clipping (DA28_L1) (592),fastqc_after_clipping (DA28_L1) (592),2264820,592
,,0,2023-05-13T12:42:49.934078027Z,2023-06-12T12:42:49.934078027Z,2023-06-02T07:19:48.064731385Z,276.66,docker_used_memory_mb,fastqc_after_clipping (DA28_L1) (592),fastqc_after_clipping (DA28_L1) (592),2264820,592
,,0,2023-05-13T12:42:49.934078027Z,2023-06-12T12:42:49.934078027Z,2023-06-02T07:19:50.064396755Z,276.76,docker_used_memory_mb,fastqc_after_clipping (DA28_L1) (592),fastqc_after_clipping (DA28_L1) (592),2264820,592
,,0,2023-05-13T12:42:49.934078027Z,2023-06-12T12:42:49.934078027Z,2023-06-02T07:19:52.065301064Z,276.96,docker_used_memory_mb,fastqc_after_clipping (DA28_L1) (592),fastqc_after_clipping (DA28_L1) (592),2264820,592
,,0,2023-05-13T12:42:49.934078027Z,2023-06-12T12:42:49.934078027Z,2023-06-02T07:19:54.064813698Z,277.05,docker_used_memory_mb,fastqc_after_clipping (DA28_L1) (592),fastqc_after_clipping (DA28_L1) (592),2264820,592
,,0,2023-05-13T12:42:49.934078027Z,2023-06-12T12:42:49.934078027Z,2023-06-02T07:19:56.064466465Z,276.92,docker_used_memory_mb,fastqc_after_clipping (DA28_L1) (592),fastqc_after_clipping (DA28_L1) (592),2264820,592
,,0,2023-05-13T12:42:49.934078027Z,2023-06-12T12:42:49.934078027Z,2023-06-02T07:19:58.065125664Z,277.09,docker_used_memory_mb,fastqc_after_clipping (DA28_L1) (592),fastqc_after_clipping (DA28_L1) (592),2264820,592
,,0,2023-05-13T12:42:49.934078027Z,2023-06-12T12:42:49.934078027Z,2023-06-02T07:20:00.064910574Z,277.01,docker_used_memory_mb,fastqc_after_clipping (DA28_L1) (592),fastqc_after_clipping (DA28_L1) (592),2264820,592
,,0,2023-05-13T12:42:49.934078027Z,2023-06-12T12:42:49.934078027Z,2023-06-02T07:20:02.064963823Z,277.02,docker_used_memory_mb,fastqc_after_clipping (DA28_L1) (592),fastqc_after_clipping (DA28_L1) (592),2264820,592
,,0,2023-05-13T12:42:49.934078027Z,2023-06-12T12:42:49.934078027Z,2023-06-02T07:20:04.064795954Z,277.02,docker_used_memory_mb,fastqc_after_clipping (DA28_L1) (592),fastqc_after_clipping (DA28_L1) (592),2264820,592
,,0,2023-05-13T12:42:49.934078027Z,2023-06-12T12:42:49.934078027Z,2023-06-02T07:20:06.064472489Z,276.8,docker_used_memory_mb,fastqc_after_clipping (DA28_L1) (592),fastqc_after_clipping (DA28_L1) (592),2264820,592
,,0,2023-05-13T12:42:49.934078027Z,2023-06-12T12:42:49.934078027Z,2023-06-02T07:20:08.065155775Z,277.01,docker_used_memory_mb,fastqc_after_clipping (DA28_L1) (592),fastqc_after_clipping (DA28_L1) (592),2264820,592
,,0,2023-05-13T12:42:49.934078027Z,2023-06-12T12:42:49.934078027Z,2023-06-02T07:20:10.064988674Z,277.09,docker_used_memory_mb,fastqc_after_clipping (DA28_L1) (592),fastqc_after_clipping (DA28_L1) (592),2264820,592
,,0,2023-05-13T12:42:49.934078027Z,2023-06-12T12:42:49.934078027Z,2023-06-02T07:20:13.064716586Z,277.48,docker_used_memory_mb,fastqc_after_clipping (DA28_L1) (592),fastqc_after_clipping (DA28_L1) (592),2264820,592
,,0,2023-05-13T12:42:49.934078027Z,2023-06-12T12:42:49.934078027Z,2023-06-02T07:20:15.064372367Z,281.98,docker_used_memory_mb,fastqc_after_clipping (DA28_L1) (592),fastqc_after_clipping (DA28_L1) (592),2264820,592
,,0,2023-05-13T12:42:49.934078027Z,2023-06-12T12:42:49.934078027Z,2023-06-02T07:20:17.06504205Z,282.43,docker_used_memory_mb,fastqc_after_clipping (DA28_L1) (592),fastqc_after_clipping (DA28_L1) (592),2264820,592
,,0,2023-05-13T12:42:49.934078027Z,2023-06-12T12:42:49.934078027Z,2023-06-02T07:20:19.064712091Z,282.3,docker_used_memory_mb,fastqc_after_clipping (DA28_L1) (592),fastqc_after_clipping (DA28_L1) (592),2264820,592
,,0,2023-05-13T12:42:49.934078027Z,2023-06-12T12:42:49.934078027Z,2023-06-02T07:20:21.064411822Z,283.6,docker_used_memory_mb,fastqc_after_clipping (DA28_L1) (592),fastqc_after_clipping (DA28_L1) (592),2264820,592
,,0,2023-05-13T12:42:49.934078027Z,2023-06-12T12:42:49.934078027Z,2023-06-02T07:20:23.065029012Z,282.97,docker_used_memory_mb,fastqc_after_clipping (DA28_L1) (592),fastqc_after_clipping (DA28_L1) (592),2264820,592
,,0,2023-05-13T12:42:49.934078027Z,2023-06-12T12:42:49.934078027Z,2023-06-02T07:20:25.064880387Z,282.89,docker_used_memory_mb,fastqc_after_clipping (DA28_L1) (592),fastqc_after_clipping (DA28_L1) (592),2264820,592
,,0,2023-05-13T12:42:49.934078027Z,2023-06-12T12:42:49.934078027Z,2023-06-02T07:20:27.06471146Z,283.27,docker_used_memory_mb,fastqc_after_clipping (DA28_L1) (592),fastqc_after_clipping (DA28_L1) (592),2264820,592
,,0,2023-05-13T12:42:49.934078027Z,2023-06-12T12:42:49.934078027Z,2023-06-02T07:20:29.064236003Z,283.49,docker_used_memory_mb,fastqc_after_clipping (DA28_L1) (592),fastqc_after_clipping (DA28_L1) (592),2264820,592
,,0,2023-05-13T12:42:49.934078027Z,2023-06-12T12:42:49.934078027Z,2023-06-02T07:20:31.064938634Z,283.6,docker_used_memory_mb,fastqc_after_clipping (DA28_L1) (592),fastqc_after_clipping (DA28_L1) (592),2264820,592
,,0,2023-05-13T12:42:49.934078027Z,2023-06-12T12:42:49.934078027Z,2023-06-02T07:20:33.064897459Z,283.73,docker_used_memory_mb,fastqc_after_clipping (DA28_L1) (592),fastqc_after_clipping (DA28_L1) (592),2264820,592
,,0,2023-05-13T12:42:49.934078027Z,2023-06-12T12:42:49.934078027Z,2023-06-02T07:20:35.064377969Z,283.85,docker_used_memory_mb,fastqc_after_clipping (DA28_L1) (592),fastqc_after_clipping (DA28_L1) (592),2264820,592
,,0,2023-05-13T12:42:49.934078027Z,2023-06-12T12:42:49.934078027Z,2023-06-02T07:20:37.065039196Z,284.2,docker_used_memory_mb,fastqc_after_clipping (DA28_L1) (592),fastqc_after_clipping (DA28_L1) (592),2264820,592
,,0,2023-05-13T12:42:49.934078027Z,2023-06-12T12:42:49.934078027Z,2023-06-02T07:20:40.064788196Z,284.47,docker_used_memory_mb,fastqc_after_clipping (DA28_L1) (592),fastqc_after_clipping (DA28_L1) (592),2264820,592
,,0,2023-05-13T12:42:49.934078027Z,2023-06-12T12:42:49.934078027Z,2023-06-02T07:20:42.064458219Z,284.41,docker_used_memory_mb,fastqc_after_clipping (DA28_L1) (592),fastqc_after_clipping (DA28_L1) (592),2264820,592
,,0,2023-05-13T12:42:49.934078027Z,2023-06-12T12:42:49.934078027Z,2023-06-02T07:20:44.065129104Z,284.37,docker_used_memory_mb,fastqc_after_clipping (DA28_L1) (592),fastqc_after_clipping (DA28_L1) (592),2264820,592
,,0,2023-05-13T12:42:49.934078027Z,2023-06-12T12:42:49.934078027Z,2023-06-02T07:20:46.064856019Z,284.32,docker_used_memory_mb,fastqc_after_clipping (DA28_L1) (592),fastqc_after_clipping (DA28_L1) (592),2264820,592
,,0,2023-05-13T12:42:49.934078027Z,2023-06-12T12:42:49.934078027Z,2023-06-02T07:20:48.06449279Z,284.38,docker_used_memory_mb,fastqc_after_clipping (DA28_L1) (592),fastqc_after_clipping (DA28_L1) (592),2264820,592
,,0,2023-05-13T12:42:49.934078027Z,2023-06-12T12:42:49.934078027Z,2023-06-02T07:20:50.064554964Z,284.49,docker_used_memory_mb,fastqc_after_clipping (DA28_L1) (592),fastqc_after_clipping (DA28_L1) (592),2264820,592
,,0,2023-05-13T12:42:49.934078027Z,2023-06-12T12:42:49.934078027Z,2023-06-02T07:20:52.06534514Z,284.24,docker_used_memory_mb,fastqc_after_clipping (DA28_L1) (592),fastqc_after_clipping (DA28_L1) (592),2264820,592
,,0,2023-05-13T12:42:49.934078027Z,2023-06-12T12:42:49.934078027Z,2023-06-02T07:20:54.064911167Z,284.22,docker_used_memory_mb,fastqc_after_clipping (DA28_L1) (592),fastqc_after_clipping (DA28_L1) (592),2264820,592
,,0,2023-05-13T12:42:49.934078027Z,2023-06-12T12:42:49.934078027Z,2023-06-02T07:20:56.064559246Z,284.39,docker_used_memory_mb,fastqc_after_clipping (DA28_L1) (592),fastqc_after_clipping (DA28_L1) (592),2264820,592
,,0,2023-05-13T12:42:49.934078027Z,2023-06-12T12:42:49.934078027Z,2023-06-02T07:20:58.065227817Z,284.56,docker_used_memory_mb,fastqc_after_clipping (DA28_L1) (592),fastqc_after_clipping (DA28_L1) (592),2264820,592
,,0,2023-05-13T12:42:49.934078027Z,2023-06-12T12:42:49.934078027Z,2023-06-02T07:21:00.065079791Z,284.77,docker_used_memory_mb,fastqc_after_clipping (DA28_L1) (592),fastqc_after_clipping (DA28_L1) (592),2264820,592
,,0,2023-05-13T12:42:49.934078027Z,2023-06-12T12:42:49.934078027Z,2023-06-02T07:21:02.064728469Z,284.97,docker_used_memory_mb,fastqc_after_clipping (DA28_L1) (592),fastqc_after_clipping (DA28_L1) (592),2264820,592
,,0,2023-05-13T12:42:49.934078027Z,2023-06-12T12:42:49.934078027Z,2023-06-02T07:21:04.065312125Z,284.8,docker_used_memory_mb,fastqc_after_clipping (DA28_L1) (592),fastqc_after_clipping (DA28_L1) (592),2264820,592
,,0,2023-05-13T12:42:49.934078027Z,2023-06-12T12:42:49.934078027Z,2023-06-02T07:21:06.065177628Z,284.73,docker_used_memory_mb,fastqc_after_clipping (DA28_L1) (592),fastqc_after_clipping (DA28_L1) (592),2264820,592
,,0,2023-05-13T12:42:49.934078027Z,2023-06-12T12:42:49.934078027Z,2023-06-02T07:21:09.064980617Z,284.86,docker_used_memory_mb,fastqc_after_clipping (DA28_L1) (592),fastqc_after_clipping (DA28_L1) (592),2264820,592
,,0,2023-05-13T12:42:49.934078027Z,2023-06-12T12:42:49.934078027Z,2023-06-02T07:21:11.064750525Z,284.82,docker_used_memory_mb,fastqc_after_clipping (DA28_L1) (592),fastqc_after_clipping (DA28_L1) (592),2264820,592
,,0,2023-05-13T12:42:49.934078027Z,2023-06-12T12:42:49.934078027Z,2023-06-02T07:21:13.064309097Z,285.02,docker_used_memory_mb,fastqc_after_clipping (DA28_L1) (592),fastqc_after_clipping (DA28_L1) (592),2264820,592
,,0,2023-05-13T12:42:49.934078027Z,2023-06-12T12:42:49.934078027Z,2023-06-02T07:21:15.065030264Z,284.96,docker_used_memory_mb,fastqc_after_clipping (DA28_L1) (592),fastqc_after_clipping (DA28_L1) (592),2264820,592
,,0,2023-05-13T12:42:49.934078027Z,2023-06-12T12:42:49.934078027Z,2023-06-02T07:21:17.064800452Z,285.05,docker_used_memory_mb,fastqc_after_clipping (DA28_L1) (592),fastqc_after_clipping (DA28_L1) (592),2264820,592
,,0,2023-05-13T12:42:49.934078027Z,2023-06-12T12:42:49.934078027Z,2023-06-02T07:21:19.064465855Z,285.14,docker_used_memory_mb,fastqc_after_clipping (DA28_L1) (592),fastqc_after_clipping (DA28_L1) (592),2264820,592
,,0,2023-05-13T12:42:49.934078027Z,2023-06-12T12:42:49.934078027Z,2023-06-02T07:21:21.065239463Z,284.75,docker_used_memory_mb,fastqc_after_clipping (DA28_L1) (592),fastqc_after_clipping (DA28_L1) (592),2264820,592
,,0,2023-05-13T12:42:49.934078027Z,2023-06-12T12:42:49.934078027Z,2023-06-02T07:21:23.065002307Z,285.16,docker_used_memory_mb,fastqc_after_clipping (DA28_L1) (592),fastqc_after_clipping (DA28_L1) (592),2264820,592
,,0,2023-05-13T12:42:49.934078027Z,2023-06-12T12:42:49.934078027Z,2023-06-02T07:21:25.064657828Z,285.02,docker_used_memory_mb,fastqc_after_clipping (DA28_L1) (592),fastqc_after_clipping (DA28_L1) (592),2264820,592
,,0,2023-05-13T12:42:49.934078027Z,2023-06-12T12:42:49.934078027Z,2023-06-02T07:21:27.064396742Z,284.93,docker_used_memory_mb,fastqc_after_clipping (DA28_L1) (592),fastqc_after_clipping (DA28_L1) (592),2264820,592
,,0,2023-05-13T12:42:49.934078027Z,2023-06-12T12:42:49.934078027Z,2023-06-02T07:21:29.065145196Z,285.24,docker_used_memory_mb,fastqc_after_clipping (DA28_L1) (592),fastqc_after_clipping (DA28_L1) (592),2264820,592
,,0,2023-05-13T12:42:49.934078027Z,2023-06-12T12:42:49.934078027Z,2023-06-02T07:21:31.064954781Z,285.36,docker_used_memory_mb,fastqc_after_clipping (DA28_L1) (592),fastqc_after_clipping (DA28_L1) (592),2264820,592
,,0,2023-05-13T12:42:49.934078027Z,2023-06-12T12:42:49.934078027Z,2023-06-02T07:21:33.064798066Z,285.38,docker_used_memory_mb,fastqc_after_clipping (DA28_L1) (592),fastqc_after_clipping (DA28_L1) (592),2264820,592
,,0,2023-05-13T12:42:49.934078027Z,2023-06-12T12:42:49.934078027Z,2023-06-02T07:21:35.064393832Z,285.39,docker_used_memory_mb,fastqc_after_clipping (DA28_L1) (592),fastqc_after_clipping (DA28_L1) (592),2264820,592
,,0,2023-05-13T12:42:49.934078027Z,2023-06-12T12:42:49.934078027Z,2023-06-02T07:21:37.065028801Z,285.31,docker_used_memory_mb,fastqc_after_clipping (DA28_L1) (592),fastqc_after_clipping (DA28_L1) (592),2264820,592
,,0,2023-05-13T12:42:49.934078027Z,2023-06-12T12:42:49.934078027Z,2023-06-02T07:21:39.0647267Z,285.17,docker_used_memory_mb,fastqc_after_clipping (DA28_L1) (592),fastqc_after_clipping (DA28_L1) (592),2264820,592
,,0,2023-05-13T12:42:49.934078027Z,2023-06-12T12:42:49.934078027Z,2023-06-02T07:21:42.064499354Z,285.3,docker_used_memory_mb,fastqc_after_clipping (DA28_L1) (592),fastqc_after_clipping (DA28_L1) (592),2264820,592
,,0,2023-05-13T12:42:49.934078027Z,2023-06-12T12:42:49.934078027Z,2023-06-02T07:21:44.065360598Z,285.39,docker_used_memory_mb,fastqc_after_clipping (DA28_L1) (592),fastqc_after_clipping (DA28_L1) (592),2264820,592
,,0,2023-05-13T12:42:49.934078027Z,2023-06-12T12:42:49.934078027Z,2023-06-02T07:21:46.064824538Z,285.39,docker_used_memory_mb,fastqc_after_clipping (DA28_L1) (592),fastqc_after_clipping (DA28_L1) (592),2264820,592
,,0,2023-05-13T12:42:49.934078027Z,2023-06-12T12:42:49.934078027Z,2023-06-02T07:21:48.065261437Z,285.56,docker_used_memory_mb,fastqc_after_clipping (DA28_L1) (592),fastqc_after_clipping (DA28_L1) (592),2264820,592
,,0,2023-05-13T12:42:49.934078027Z,2023-06-12T12:42:49.934078027Z,2023-06-02T07:21:50.064963583Z,285.52,docker_used_memory_mb,fastqc_after_clipping (DA28_L1) (592),fastqc_after_clipping (DA28_L1) (592),2264820,592
,,0,2023-05-13T12:42:49.934078027Z,2023-06-12T12:42:49.934078027Z,2023-06-02T07:21:52.06470908Z,285.63,docker_used_memory_mb,fastqc_after_clipping (DA28_L1) (592),fastqc_after_clipping (DA28_L1) (592),2264820,592
,,0,2023-05-13T12:42:49.934078027Z,2023-06-12T12:42:49.934078027Z,2023-06-02T07:21:54.064302102Z,285.66,docker_used_memory_mb,fastqc_after_clipping (DA28_L1) (592),fastqc_after_clipping (DA28_L1) (592),2264820,592
,,0,2023-05-13T12:42:49.934078027Z,2023-06-12T12:42:49.934078027Z,2023-06-02T07:21:56.065104241Z,285.58,docker_used_memory_mb,fastqc_after_clipping (DA28_L1) (592),fastqc_after_clipping (DA28_L1) (592),2264820,592
,,0,2023-05-13T12:42:49.934078027Z,2023-06-12T12:42:49.934078027Z,2023-06-02T07:21:58.064748053Z,285.71,docker_used_memory_mb,fastqc_after_clipping (DA28_L1) (592),fastqc_after_clipping (DA28_L1) (592),2264820,592
,,0,2023-05-13T12:42:49.934078027Z,2023-06-12T12:42:49.934078027Z,2023-06-02T07:22:00.064541559Z,285.91,docker_used_memory_mb,fastqc_after_clipping (DA28_L1) (592),fastqc_after_clipping (DA28_L1) (592),2264820,592
,,0,2023-05-13T12:42:49.934078027Z,2023-06-12T12:42:49.934078027Z,2023-06-02T07:22:02.065335177Z,285.61,docker_used_memory_mb,fastqc_after_clipping (DA28_L1) (592),fastqc_after_clipping (DA28_L1) (592),2264820,592
,,0,2023-05-13T12:42:49.934078027Z,2023-06-12T12:42:49.934078027Z,2023-06-02T07:22:05.065172324Z,285.7,docker_used_memory_mb,fastqc_after_clipping (DA28_L1) (592),fastqc_after_clipping (DA28_L1) (592),2264820,592
,,0,2023-05-13T12:42:49.934078027Z,2023-06-12T12:42:49.934078027Z,2023-06-02T07:22:07.064901877Z,285.56,docker_used_memory_mb,fastqc_after_clipping (DA28_L1) (592),fastqc_after_clipping (DA28_L1) (592),2264820,592
,,0,2023-05-13T12:42:49.934078027Z,2023-06-12T12:42:49.934078027Z,2023-06-02T07:22:09.064497954Z,285.72,docker_used_memory_mb,fastqc_after_clipping (DA28_L1) (592),fastqc_after_clipping (DA28_L1) (592),2264820,592
,,0,2023-05-13T12:42:49.934078027Z,2023-06-12T12:42:49.934078027Z,2023-06-02T07:22:11.064576647Z,285.82,docker_used_memory_mb,fastqc_after_clipping (DA28_L1) (592),fastqc_after_clipping (DA28_L1) (592),2264820,592
,,0,2023-05-13T12:42:49.934078027Z,2023-06-12T12:42:49.934078027Z,2023-06-02T07:22:13.065243218Z,285.71,docker_used_memory_mb,fastqc_after_clipping (DA28_L1) (592),fastqc_after_clipping (DA28_L1) (592),2264820,592
,,0,2023-05-13T12:42:49.934078027Z,2023-06-12T12:42:49.934078027Z,2023-06-02T07:22:15.064949417Z,285.87,docker_used_memory_mb,fastqc_after_clipping (DA28_L1) (592),fastqc_after_clipping (DA28_L1) (592),2264820,592
,,0,2023-05-13T12:42:49.934078027Z,2023-06-12T12:42:49.934078027Z,2023-06-02T07:22:17.064636816Z,285.69,docker_used_memory_mb,fastqc_after_clipping (DA28_L1) (592),fastqc_after_clipping (DA28_L1) (592),2264820,592
,,0,2023-05-13T12:42:49.934078027Z,2023-06-12T12:42:49.934078027Z,2023-06-02T07:22:19.064364995Z,286.09,docker_used_memory_mb,fastqc_after_clipping (DA28_L1) (592),fastqc_after_clipping (DA28_L1) (592),2264820,592
,,0,2023-05-13T12:42:49.934078027Z,2023-06-12T12:42:49.934078027Z,2023-06-02T07:22:21.065076425Z,286.19,docker_used_memory_mb,fastqc_after_clipping (DA28_L1) (592),fastqc_after_clipping (DA28_L1) (592),2264820,592
,,0,2023-05-13T12:42:49.934078027Z,2023-06-12T12:42:49.934078027Z,2023-06-02T07:22:23.064772002Z,286.39,docker_used_memory_mb,fastqc_after_clipping (DA28_L1) (592),fastqc_after_clipping (DA28_L1) (592),2264820,592
,,0,2023-05-13T12:42:49.934078027Z,2023-06-12T12:42:49.934078027Z,2023-06-02T07:22:25.064533381Z,286.32,docker_used_memory_mb,fastqc_after_clipping (DA28_L1) (592),fastqc_after_clipping (DA28_L1) (592),2264820,592
,,0,2023-05-13T12:42:49.934078027Z,2023-06-12T12:42:49.934078027Z,2023-06-02T07:22:27.065188048Z,286.46,docker_used_memory_mb,fastqc_after_clipping (DA28_L1) (592),fastqc_after_clipping (DA28_L1) (592),2264820,592
,,0,2023-05-13T12:42:49.934078027Z,2023-06-12T12:42:49.934078027Z,2023-06-02T07:22:29.064945816Z,286.2,docker_used_memory_mb,fastqc_after_clipping (DA28_L1) (592),fastqc_after_clipping (DA28_L1) (592),2264820,592
,,0,2023-05-13T12:42:49.934078027Z,2023-06-12T12:42:49.934078027Z,2023-06-02T07:22:31.064794757Z,286.39,docker_used_memory_mb,fastqc_after_clipping (DA28_L1) (592),fastqc_after_clipping (DA28_L1) (592),2264820,592
,,0,2023-05-13T12:42:49.934078027Z,2023-06-12T12:42:49.934078027Z,2023-06-02T07:22:33.065244425Z,286.33,docker_used_memory_mb,fastqc_after_clipping (DA28_L1) (592),fastqc_after_clipping (DA28_L1) (592),2264820,592
,,0,2023-05-13T12:42:49.934078027Z,2023-06-12T12:42:49.934078027Z,2023-06-02T07:22:36.06504718Z,286.51,docker_used_memory_mb,fastqc_after_clipping (DA28_L1) (592),fastqc_after_clipping (DA28_L1) (592),2264820,592
,,0,2023-05-13T12:42:49.934078027Z,2023-06-12T12:42:49.934078027Z,2023-06-02T07:22:38.064779885Z,286.12,docker_used_memory_mb,fastqc_after_clipping (DA28_L1) (592),fastqc_after_clipping (DA28_L1) (592),2264820,592
,,0,2023-05-13T12:42:49.934078027Z,2023-06-12T12:42:49.934078027Z,2023-06-02T07:22:40.064811159Z,286.04,docker_used_memory_mb,fastqc_after_clipping (DA28_L1) (592),fastqc_after_clipping (DA28_L1) (592),2264820,592
,,0,2023-05-13T12:42:49.934078027Z,2023-06-12T12:42:49.934078027Z,2023-06-02T07:22:42.064573454Z,285.96,docker_used_memory_mb,fastqc_after_clipping (DA28_L1) (592),fastqc_after_clipping (DA28_L1) (592),2264820,592
,,0,2023-05-13T12:42:49.934078027Z,2023-06-12T12:42:49.934078027Z,2023-06-02T07:22:44.065299719Z,285.95,docker_used_memory_mb,fastqc_after_clipping (DA28_L1) (592),fastqc_after_clipping (DA28_L1) (592),2264820,592
,,0,2023-05-13T12:42:49.934078027Z,2023-06-12T12:42:49.934078027Z,2023-06-02T07:22:46.065002621Z,285.86,docker_used_memory_mb,fastqc_after_clipping (DA28_L1) (592),fastqc_after_clipping (DA28_L1) (592),2264820,592
,,0,2023-05-13T12:42:49.934078027Z,2023-06-12T12:42:49.934078027Z,2023-06-02T07:22:48.064548348Z,285.57,docker_used_memory_mb,fastqc_after_clipping (DA28_L1) (592),fastqc_after_clipping (DA28_L1) (592),2264820,592
,,0,2023-05-13T12:42:49.934078027Z,2023-06-12T12:42:49.934078027Z,2023-06-02T07:22:50.065199239Z,285.68,docker_used_memory_mb,fastqc_after_clipping (DA28_L1) (592),fastqc_after_clipping (DA28_L1) (592),2264820,592
,,0,2023-05-13T12:42:49.934078027Z,2023-06-12T12:42:49.934078027Z,2023-06-02T07:22:52.065095896Z,285.8,docker_used_memory_mb,fastqc_after_clipping (DA28_L1) (592),fastqc_after_clipping (DA28_L1) (592),2264820,592
,,0,2023-05-13T12:42:49.934078027Z,2023-06-12T12:42:49.934078027Z,2023-06-02T07:22:54.064650582Z,285.52,docker_used_memory_mb,fastqc_after_clipping (DA28_L1) (592),fastqc_after_clipping (DA28_L1) (592),2264820,592
,,0,2023-05-13T12:42:49.934078027Z,2023-06-12T12:42:49.934078027Z,2023-06-02T07:22:56.064374572Z,285.73,docker_used_memory_mb,fastqc_after_clipping (DA28_L1) (592),fastqc_after_clipping (DA28_L1) (592),2264820,592
,,0,2023-05-13T12:42:49.934078027Z,2023-06-12T12:42:49.934078027Z,2023-06-02T07:22:58.065054782Z,285.82,docker_used_memory_mb,fastqc_after_clipping (DA28_L1) (592),fastqc_after_clipping (DA28_L1) (592),2264820,592
,,0,2023-05-13T12:42:49.934078027Z,2023-06-12T12:42:49.934078027Z,2023-06-02T07:23:00.064681089Z,285.95,docker_used_memory_mb,fastqc_after_clipping (DA28_L1) (592),fastqc_after_clipping (DA28_L1) (592),2264820,592
,,0,2023-05-13T12:42:49.934078027Z,2023-06-12T12:42:49.934078027Z,2023-06-02T07:23:02.064557563Z,285.9,docker_used_memory_mb,fastqc_after_clipping (DA28_L1) (592),fastqc_after_clipping (DA28_L1) (592),2264820,592
,,0,2023-05-13T12:42:49.934078027Z,2023-06-12T12:42:49.934078027Z,2023-06-02T07:23:04.065090667Z,285.6,docker_used_memory_mb,fastqc_after_clipping (DA28_L1) (592),fastqc_after_clipping (DA28_L1) (592),2264820,592
,,0,2023-05-13T12:42:49.934078027Z,2023-06-12T12:42:49.934078027Z,2023-06-02T07:23:06.064858256Z,285.5,docker_used_memory_mb,fastqc_after_clipping (DA28_L1) (592),fastqc_after_clipping (DA28_L1) (592),2264820,592
,,0,2023-05-13T12:42:49.934078027Z,2023-06-12T12:42:49.934078027Z,2023-06-02T07:23:09.064738122Z,285.64,docker_used_memory_mb,fastqc_after_clipping (DA28_L1) (592),fastqc_after_clipping (DA28_L1) (592),2264820,592
,,0,2023-05-13T12:42:49.934078027Z,2023-06-12T12:42:49.934078027Z,2023-06-02T07:23:11.065269345Z,285.54,docker_used_memory_mb,fastqc_after_clipping (DA28_L1) (592),fastqc_after_clipping (DA28_L1) (592),2264820,592
,,0,2023-05-13T12:42:49.934078027Z,2023-06-12T12:42:49.934078027Z,2023-06-02T07:23:13.065071634Z,285.97,docker_used_memory_mb,fastqc_after_clipping (DA28_L1) (592),fastqc_after_clipping (DA28_L1) (592),2264820,592
,,0,2023-05-13T12:42:49.934078027Z,2023-06-12T12:42:49.934078027Z,2023-06-02T07:23:15.064645605Z,286.02,docker_used_memory_mb,fastqc_after_clipping (DA28_L1) (592),fastqc_after_clipping (DA28_L1) (592),2264820,592
,,0,2023-05-13T12:42:49.934078027Z,2023-06-12T12:42:49.934078027Z,2023-06-02T07:23:17.064407033Z,285.96,docker_used_memory_mb,fastqc_after_clipping (DA28_L1) (592),fastqc_after_clipping (DA28_L1) (592),2264820,592
,,0,2023-05-13T12:42:49.934078027Z,2023-06-12T12:42:49.934078027Z,2023-06-02T07:23:19.064908412Z,286.04,docker_used_memory_mb,fastqc_after_clipping (DA28_L1) (592),fastqc_after_clipping (DA28_L1) (592),2264820,592
,,0,2023-05-13T12:42:49.934078027Z,2023-06-12T12:42:49.934078027Z,2023-06-02T07:23:21.064445142Z,286.15,docker_used_memory_mb,fastqc_after_clipping (DA28_L1) (592),fastqc_after_clipping (DA28_L1) (592),2264820,592
,,0,2023-05-13T12:42:49.934078027Z,2023-06-12T12:42:49.934078027Z,2023-06-02T07:23:23.065093835Z,286.21,docker_used_memory_mb,fastqc_after_clipping (DA28_L1) (592),fastqc_after_clipping (DA28_L1) (592),2264820,592
,,0,2023-05-13T12:42:49.934078027Z,2023-06-12T12:42:49.934078027Z,2023-06-02T07:23:25.064818639Z,286.18,docker_used_memory_mb,fastqc_after_clipping (DA28_L1) (592),fastqc_after_clipping (DA28_L1) (592),2264820,592
,,0,2023-05-13T12:42:49.934078027Z,2023-06-12T12:42:49.934078027Z,2023-06-02T07:23:27.064943056Z,286.09,docker_used_memory_mb,fastqc_after_clipping (DA28_L1) (592),fastqc_after_clipping (DA28_L1) (592),2264820,592
,,0,2023-05-13T12:42:49.934078027Z,2023-06-12T12:42:49.934078027Z,2023-06-02T07:23:29.064513644Z,286.38,docker_used_memory_mb,fastqc_after_clipping (DA28_L1) (592),fastqc_after_clipping (DA28_L1) (592),2264820,592
,,0,2023-05-13T12:42:49.934078027Z,2023-06-12T12:42:49.934078027Z,2023-06-02T07:23:31.065195717Z,286.42,docker_used_memory_mb,fastqc_after_clipping (DA28_L1) (592),fastqc_after_clipping (DA28_L1) (592),2264820,592
,,0,2023-05-13T12:42:49.934078027Z,2023-06-12T12:42:49.934078027Z,2023-06-02T07:23:33.064974631Z,286.5,docker_used_memory_mb,fastqc_after_clipping (DA28_L1) (592),fastqc_after_clipping (DA28_L1) (592),2264820,592
,,0,2023-05-13T12:42:49.934078027Z,2023-06-12T12:42:49.934078027Z,2023-06-02T07:23:35.064813436Z,286.47,docker_used_memory_mb,fastqc_after_clipping (DA28_L1) (592),fastqc_after_clipping (DA28_L1) (592),2264820,592
,,0,2023-05-13T12:42:49.934078027Z,2023-06-12T12:42:49.934078027Z,2023-06-02T07:23:37.064393404Z,286.43,docker_used_memory_mb,fastqc_after_clipping (DA28_L1) (592),fastqc_after_clipping (DA28_L1) (592),2264820,592
,,0,2023-05-13T12:42:49.934078027Z,2023-06-12T12:42:49.934078027Z,2023-06-02T07:23:40.065168577Z,286.64,docker_used_memory_mb,fastqc_after_clipping (DA28_L1) (592),fastqc_after_clipping (DA28_L1) (592),2264820,592
,,0,2023-05-13T12:42:49.934078027Z,2023-06-12T12:42:49.934078027Z,2023-06-02T07:23:42.064893238Z,286.71,docker_used_memory_mb,fastqc_after_clipping (DA28_L1) (592),fastqc_after_clipping (DA28_L1) (592),2264820,592
,,0,2023-05-13T12:42:49.934078027Z,2023-06-12T12:42:49.934078027Z,2023-06-02T07:23:44.064580727Z,286.65,docker_used_memory_mb,fastqc_after_clipping (DA28_L1) (592),fastqc_after_clipping (DA28_L1) (592),2264820,592
,,0,2023-05-13T12:42:49.934078027Z,2023-06-12T12:42:49.934078027Z,2023-06-02T07:23:46.06537999Z,286.82,docker_used_memory_mb,fastqc_after_clipping (DA28_L1) (592),fastqc_after_clipping (DA28_L1) (592),2264820,592
,,0,2023-05-13T12:42:49.934078027Z,2023-06-12T12:42:49.934078027Z,2023-06-02T07:23:48.06479473Z,287.04,docker_used_memory_mb,fastqc_after_clipping (DA28_L1) (592),fastqc_after_clipping (DA28_L1) (592),2264820,592
,,0,2023-05-13T12:42:49.934078027Z,2023-06-12T12:42:49.934078027Z,2023-06-02T07:23:50.06457837Z,286.68,docker_used_memory_mb,fastqc_after_clipping (DA28_L1) (592),fastqc_after_clipping (DA28_L1) (592),2264820,592
,,0,2023-05-13T12:42:49.934078027Z,2023-06-12T12:42:49.934078027Z,2023-06-02T07:23:52.065257549Z,286.79,docker_used_memory_mb,fastqc_after_clipping (DA28_L1) (592),fastqc_after_clipping (DA28_L1) (592),2264820,592
,,0,2023-05-13T12:42:49.934078027Z,2023-06-12T12:42:49.934078027Z,2023-06-02T07:23:54.064955596Z,286.82,docker_used_memory_mb,fastqc_after_clipping (DA28_L1) (592),fastqc_after_clipping (DA28_L1) (592),2264820,592
,,0,2023-05-13T12:42:49.934078027Z,2023-06-12T12:42:49.934078027Z,2023-06-02T07:23:56.06457568Z,286.62,docker_used_memory_mb,fastqc_after_clipping (DA28_L1) (592),fastqc_after_clipping (DA28_L1) (592),2264820,592
,,0,2023-05-13T12:42:49.934078027Z,2023-06-12T12:42:49.934078027Z,2023-06-02T07:23:58.065058111Z,286.66,docker_used_memory_mb,fastqc_after_clipping (DA28_L1) (592),fastqc_after_clipping (DA28_L1) (592),2264820,592
,,0,2023-05-13T12:42:49.934078027Z,2023-06-12T12:42:49.934078027Z,2023-06-02T07:24:00.064904982Z,286.64,docker_used_memory_mb,fastqc_after_clipping (DA28_L1) (592),fastqc_after_clipping (DA28_L1) (592),2264820,592
,,0,2023-05-13T12:42:49.934078027Z,2023-06-12T12:42:49.934078027Z,2023-06-02T07:24:02.064549476Z,286.5,docker_used_memory_mb,fastqc_after_clipping (DA28_L1) (592),fastqc_after_clipping (DA28_L1) (592),2264820,592
,,0,2023-05-13T12:42:49.934078027Z,2023-06-12T12:42:49.934078027Z,2023-06-02T07:24:04.065323785Z,286.57,docker_used_memory_mb,fastqc_after_clipping (DA28_L1) (592),fastqc_after_clipping (DA28_L1) (592),2264820,592
,,0,2023-05-13T12:42:49.934078027Z,2023-06-12T12:42:49.934078027Z,2023-06-02T07:24:07.06511396Z,286.93,docker_used_memory_mb,fastqc_after_clipping (DA28_L1) (592),fastqc_after_clipping (DA28_L1) (592),2264820,592
,,0,2023-05-13T12:42:49.934078027Z,2023-06-12T12:42:49.934078027Z,2023-06-02T07:24:09.064871917Z,286.68,docker_used_memory_mb,fastqc_after_clipping (DA28_L1) (592),fastqc_after_clipping (DA28_L1) (592),2264820,592
,,0,2023-05-13T12:42:49.934078027Z,2023-06-12T12:42:49.934078027Z,2023-06-02T07:24:11.06451938Z,286.78,docker_used_memory_mb,fastqc_after_clipping (DA28_L1) (592),fastqc_after_clipping (DA28_L1) (592),2264820,592
,,0,2023-05-13T12:42:49.934078027Z,2023-06-12T12:42:49.934078027Z,2023-06-02T07:24:13.065236985Z,286.61,docker_used_memory_mb,fastqc_after_clipping (DA28_L1) (592),fastqc_after_clipping (DA28_L1) (592),2264820,592
,,0,2023-05-13T12:42:49.934078027Z,2023-06-12T12:42:49.934078027Z,2023-06-02T07:24:15.064954159Z,286.59,docker_used_memory_mb,fastqc_after_clipping (DA28_L1) (592),fastqc_after_clipping (DA28_L1) (592),2264820,592
,,0,2023-05-13T12:42:49.934078027Z,2023-06-12T12:42:49.934078027Z,2023-06-02T07:24:17.065193338Z,286.77,docker_used_memory_mb,fastqc_after_clipping (DA28_L1) (592),fastqc_after_clipping (DA28_L1) (592),2264820,592
,,0,2023-05-13T12:42:49.934078027Z,2023-06-12T12:42:49.934078027Z,2023-06-02T07:24:19.064631452Z,286.73,docker_used_memory_mb,fastqc_after_clipping (DA28_L1) (592),fastqc_after_clipping (DA28_L1) (592),2264820,592
,,0,2023-05-13T12:42:49.934078027Z,2023-06-12T12:42:49.934078027Z,2023-06-02T07:24:21.065326585Z,286.79,docker_used_memory_mb,fastqc_after_clipping (DA28_L1) (592),fastqc_after_clipping (DA28_L1) (592),2264820,592
,,0,2023-05-13T12:42:49.934078027Z,2023-06-12T12:42:49.934078027Z,2023-06-02T07:24:23.06542391Z,286.97,docker_used_memory_mb,fastqc_after_clipping (DA28_L1) (592),fastqc_after_clipping (DA28_L1) (592),2264820,592
,,0,2023-05-13T12:42:49.934078027Z,2023-06-12T12:42:49.934078027Z,2023-06-02T07:24:25.065162552Z,286.68,docker_used_memory_mb,fastqc_after_clipping (DA28_L1) (592),fastqc_after_clipping (DA28_L1) (592),2264820,592
,,0,2023-05-13T12:42:49.934078027Z,2023-06-12T12:42:49.934078027Z,2023-06-02T07:24:27.065336748Z,286.86,docker_used_memory_mb,fastqc_after_clipping (DA28_L1) (592),fastqc_after_clipping (DA28_L1) (592),2264820,592
,,0,2023-05-13T12:42:49.934078027Z,2023-06-12T12:42:49.934078027Z,2023-06-02T07:24:29.064945665Z,286.74,docker_used_memory_mb,fastqc_after_clipping (DA28_L1) (592),fastqc_after_clipping (DA28_L1) (592),2264820,592
,,0,2023-05-13T12:42:49.934078027Z,2023-06-12T12:42:49.934078027Z,2023-06-02T07:24:31.065319516Z,286.95,docker_used_memory_mb,fastqc_after_clipping (DA28_L1) (592),fastqc_after_clipping (DA28_L1) (592),2264820,592
,,0,2023-05-13T12:42:49.934078027Z,2023-06-12T12:42:49.934078027Z,2023-06-02T07:24:33.065107268Z,286.62,docker_used_memory_mb,fastqc_after_clipping (DA28_L1) (592),fastqc_after_clipping (DA28_L1) (592),2264820,592
,,0,2023-05-13T12:42:49.934078027Z,2023-06-12T12:42:49.934078027Z,2023-06-02T07:24:35.064747366Z,286.9,docker_used_memory_mb,fastqc_after_clipping (DA28_L1) (592),fastqc_after_clipping (DA28_L1) (592),2264820,592
,,0,2023-05-13T12:42:49.934078027Z,2023-06-12T12:42:49.934078027Z,2023-06-02T07:24:37.065089665Z,286.84,docker_used_memory_mb,fastqc_after_clipping (DA28_L1) (592),fastqc_after_clipping (DA28_L1) (592),2264820,592
,,0,2023-05-13T12:42:49.934078027Z,2023-06-12T12:42:49.934078027Z,2023-06-02T07:24:40.065313553Z,286.79,docker_used_memory_mb,fastqc_after_clipping (DA28_L1) (592),fastqc_after_clipping (DA28_L1) (592),2264820,592
,,0,2023-05-13T12:42:49.934078027Z,2023-06-12T12:42:49.934078027Z,2023-06-02T07:24:42.064784414Z,286.77,docker_used_memory_mb,fastqc_after_clipping (DA28_L1) (592),fastqc_after_clipping (DA28_L1) (592),2264820,592
,,0,2023-05-13T12:42:49.934078027Z,2023-06-12T12:42:49.934078027Z,2023-06-02T07:24:44.064418789Z,286.98,docker_used_memory_mb,fastqc_after_clipping (DA28_L1) (592),fastqc_after_clipping (DA28_L1) (592),2264820,592
,,0,2023-05-13T12:42:49.934078027Z,2023-06-12T12:42:49.934078027Z,2023-06-02T07:24:46.06519473Z,287.16,docker_used_memory_mb,fastqc_after_clipping (DA28_L1) (592),fastqc_after_clipping (DA28_L1) (592),2264820,592
,,0,2023-05-13T12:42:49.934078027Z,2023-06-12T12:42:49.934078027Z,2023-06-02T07:24:48.065196566Z,287.43,docker_used_memory_mb,fastqc_after_clipping (DA28_L1) (592),fastqc_after_clipping (DA28_L1) (592),2264820,592
,,0,2023-05-13T12:42:49.934078027Z,2023-06-12T12:42:49.934078027Z,2023-06-02T07:24:50.064942674Z,287.12,docker_used_memory_mb,fastqc_after_clipping (DA28_L1) (592),fastqc_after_clipping (DA28_L1) (592),2264820,592
,,0,2023-05-13T12:42:49.934078027Z,2023-06-12T12:42:49.934078027Z,2023-06-02T07:24:52.064690642Z,287.15,docker_used_memory_mb,fastqc_after_clipping (DA28_L1) (592),fastqc_after_clipping (DA28_L1) (592),2264820,592
,,0,2023-05-13T12:42:49.934078027Z,2023-06-12T12:42:49.934078027Z,2023-06-02T07:24:54.064254763Z,287.39,docker_used_memory_mb,fastqc_after_clipping (DA28_L1) (592),fastqc_after_clipping (DA28_L1) (592),2264820,592
,,0,2023-05-13T12:42:49.934078027Z,2023-06-12T12:42:49.934078027Z,2023-06-02T07:24:56.064919739Z,287.27,docker_used_memory_mb,fastqc_after_clipping (DA28_L1) (592),fastqc_after_clipping (DA28_L1) (592),2264820,592
,,0,2023-05-13T12:42:49.934078027Z,2023-06-12T12:42:49.934078027Z,2023-06-02T07:24:58.064694146Z,287.42,docker_used_memory_mb,fastqc_after_clipping (DA28_L1) (592),fastqc_after_clipping (DA28_L1) (592),2264820,592
,,0,2023-05-13T12:42:49.934078027Z,2023-06-12T12:42:49.934078027Z,2023-06-02T07:25:00.064556016Z,287.6,docker_used_memory_mb,fastqc_after_clipping (DA28_L1) (592),fastqc_after_clipping (DA28_L1) (592),2264820,592
,,0,2023-05-13T12:42:49.934078027Z,2023-06-12T12:42:49.934078027Z,2023-06-02T07:25:02.065150208Z,287.45,docker_used_memory_mb,fastqc_after_clipping (DA28_L1) (592),fastqc_after_clipping (DA28_L1) (592),2264820,592
,,0,2023-05-13T12:42:49.934078027Z,2023-06-12T12:42:49.934078027Z,2023-06-02T07:25:04.064807631Z,287.57,docker_used_memory_mb,fastqc_after_clipping (DA28_L1) (592),fastqc_after_clipping (DA28_L1) (592),2264820,592
,,0,2023-05-13T12:42:49.934078027Z,2023-06-12T12:42:49.934078027Z,2023-06-02T07:25:07.06464147Z,287.75,docker_used_memory_mb,fastqc_after_clipping (DA28_L1) (592),fastqc_after_clipping (DA28_L1) (592),2264820,592
,,0,2023-05-13T12:42:49.934078027Z,2023-06-12T12:42:49.934078027Z,2023-06-02T07:25:09.065411186Z,287.98,docker_used_memory_mb,fastqc_after_clipping (DA28_L1) (592),fastqc_after_clipping (DA28_L1) (592),2264820,592
,,0,2023-05-13T12:42:49.934078027Z,2023-06-12T12:42:49.934078027Z,2023-06-02T07:25:11.06514499Z,287.91,docker_used_memory_mb,fastqc_after_clipping (DA28_L1) (592),fastqc_after_clipping (DA28_L1) (592),2264820,592
,,0,2023-05-13T12:42:49.934078027Z,2023-06-12T12:42:49.934078027Z,2023-06-02T07:25:13.064696778Z,287.84,docker_used_memory_mb,fastqc_after_clipping (DA28_L1) (592),fastqc_after_clipping (DA28_L1) (592),2264820,592
,,0,2023-05-13T12:42:49.934078027Z,2023-06-12T12:42:49.934078027Z,2023-06-02T07:25:15.064467132Z,287.77,docker_used_memory_mb,fastqc_after_clipping (DA28_L1) (592),fastqc_after_clipping (DA28_L1) (592),2264820,592
,,0,2023-05-13T12:42:49.934078027Z,2023-06-12T12:42:49.934078027Z,2023-06-02T07:25:17.065182825Z,287.62,docker_used_memory_mb,fastqc_after_clipping (DA28_L1) (592),fastqc_after_clipping (DA28_L1) (592),2264820,592
,,0,2023-05-13T12:42:49.934078027Z,2023-06-12T12:42:49.934078027Z,2023-06-02T07:25:19.064974339Z,288.04,docker_used_memory_mb,fastqc_after_clipping (DA28_L1) (592),fastqc_after_clipping (DA28_L1) (592),2264820,592
,,0,2023-05-13T12:42:49.934078027Z,2023-06-12T12:42:49.934078027Z,2023-06-02T07:25:21.064394431Z,287.99,docker_used_memory_mb,fastqc_after_clipping (DA28_L1) (592),fastqc_after_clipping (DA28_L1) (592),2264820,592
,,0,2023-05-13T12:42:49.934078027Z,2023-06-12T12:42:49.934078027Z,2023-06-02T07:25:23.065085463Z,287.99,docker_used_memory_mb,fastqc_after_clipping (DA28_L1) (592),fastqc_after_clipping (DA28_L1) (592),2264820,592
,,0,2023-05-13T12:42:49.934078027Z,2023-06-12T12:42:49.934078027Z,2023-06-02T07:25:25.064740302Z,288.14,docker_used_memory_mb,fastqc_after_clipping (DA28_L1) (592),fastqc_after_clipping (DA28_L1) (592),2264820,592
,,0,2023-05-13T12:42:49.934078027Z,2023-06-12T12:42:49.934078027Z,2023-06-02T07:25:27.064838314Z,288.23,docker_used_memory_mb,fastqc_after_clipping (DA28_L1) (592),fastqc_after_clipping (DA28_L1) (592),2264820,592
,,0,2023-05-13T12:42:49.934078027Z,2023-06-12T12:42:49.934078027Z,2023-06-02T07:25:29.065145723Z,288.45,docker_used_memory_mb,fastqc_after_clipping (DA28_L1) (592),fastqc_after_clipping (DA28_L1) (592),2264820,592
,,0,2023-05-13T12:42:49.934078027Z,2023-06-12T12:42:49.934078027Z,2023-06-02T07:25:31.06509231Z,288.5,docker_used_memory_mb,fastqc_after_clipping (DA28_L1) (592),fastqc_after_clipping (DA28_L1) (592),2264820,592
,,0,2023-05-13T12:42:49.934078027Z,2023-06-12T12:42:49.934078027Z,2023-06-02T07:25:33.06453064Z,288.48,docker_used_memory_mb,fastqc_after_clipping (DA28_L1) (592),fastqc_after_clipping (DA28_L1) (592),2264820,592
,,0,2023-05-13T12:42:49.934078027Z,2023-06-12T12:42:49.934078027Z,2023-06-02T07:25:35.065890411Z,288.92,docker_used_memory_mb,fastqc_after_clipping (DA28_L1) (592),fastqc_after_clipping (DA28_L1) (592),2264820,592
,,0,2023-05-13T12:42:49.934078027Z,2023-06-12T12:42:49.934078027Z,2023-06-02T07:25:38.064579366Z,288.72,docker_used_memory_mb,fastqc_after_clipping (DA28_L1) (592),fastqc_after_clipping (DA28_L1) (592),2264820,592
,,0,2023-05-13T12:42:49.934078027Z,2023-06-12T12:42:49.934078027Z,2023-06-02T07:25:40.065296106Z,288.69,docker_used_memory_mb,fastqc_after_clipping (DA28_L1) (592),fastqc_after_clipping (DA28_L1) (592),2264820,592
,,0,2023-05-13T12:42:49.934078027Z,2023-06-12T12:42:49.934078027Z,2023-06-02T07:25:42.064503207Z,288.8,docker_used_memory_mb,fastqc_after_clipping (DA28_L1) (592),fastqc_after_clipping (DA28_L1) (592),2264820,592
,,0,2023-05-13T12:42:49.934078027Z,2023-06-12T12:42:49.934078027Z,2023-06-02T07:25:44.065437763Z,289,docker_used_memory_mb,fastqc_after_clipping (DA28_L1) (592),fastqc_after_clipping (DA28_L1) (592),2264820,592
,,0,2023-05-13T12:42:49.934078027Z,2023-06-12T12:42:49.934078027Z,2023-06-02T07:25:46.065185711Z,289.11,docker_used_memory_mb,fastqc_after_clipping (DA28_L1) (592),fastqc_after_clipping (DA28_L1) (592),2264820,592
,,0,2023-05-13T12:42:49.934078027Z,2023-06-12T12:42:49.934078027Z,2023-06-02T07:25:48.064704632Z,289,docker_used_memory_mb,fastqc_after_clipping (DA28_L1) (592),fastqc_after_clipping (DA28_L1) (592),2264820,592
,,0,2023-05-13T12:42:49.934078027Z,2023-06-12T12:42:49.934078027Z,2023-06-02T07:25:50.064425799Z,289.36,docker_used_memory_mb,fastqc_after_clipping (DA28_L1) (592),fastqc_after_clipping (DA28_L1) (592),2264820,592
,,0,2023-05-13T12:42:49.934078027Z,2023-06-12T12:42:49.934078027Z,2023-06-02T07:25:52.064979182Z,289.75,docker_used_memory_mb,fastqc_after_clipping (DA28_L1) (592),fastqc_after_clipping (DA28_L1) (592),2264820,592
,,0,2023-05-13T12:42:49.934078027Z,2023-06-12T12:42:49.934078027Z,2023-06-02T07:25:54.064843782Z,289.8,docker_used_memory_mb,fastqc_after_clipping (DA28_L1) (592),fastqc_after_clipping (DA28_L1) (592),2264820,592
,,0,2023-05-13T12:42:49.934078027Z,2023-06-12T12:42:49.934078027Z,2023-06-02T07:25:56.064468264Z,290.07,docker_used_memory_mb,fastqc_after_clipping (DA28_L1) (592),fastqc_after_clipping (DA28_L1) (592),2264820,592
,,0,2023-05-13T12:42:49.934078027Z,2023-06-12T12:42:49.934078027Z,2023-06-02T07:25:58.06514565Z,290.01,docker_used_memory_mb,fastqc_after_clipping (DA28_L1) (592),fastqc_after_clipping (DA28_L1) (592),2264820,592
,,0,2023-05-13T12:42:49.934078027Z,2023-06-12T12:42:49.934078027Z,2023-06-02T07:26:00.064868385Z,290.05,docker_used_memory_mb,fastqc_after_clipping (DA28_L1) (592),fastqc_after_clipping (DA28_L1) (592),2264820,592
,,0,2023-05-13T12:42:49.934078027Z,2023-06-12T12:42:49.934078027Z,2023-06-02T07:26:03.064588136Z,290.16,docker_used_memory_mb,fastqc_after_clipping (DA28_L1) (592),fastqc_after_clipping (DA28_L1) (592),2264820,592
,,0,2023-05-13T12:42:49.934078027Z,2023-06-12T12:42:49.934078027Z,2023-06-02T07:26:05.064566049Z,290.11,docker_used_memory_mb,fastqc_after_clipping (DA28_L1) (592),fastqc_after_clipping (DA28_L1) (592),2264820,592
,,0,2023-05-13T12:42:49.934078027Z,2023-06-12T12:42:49.934078027Z,2023-06-02T07:26:07.065130489Z,290.39,docker_used_memory_mb,fastqc_after_clipping (DA28_L1) (592),fastqc_after_clipping (DA28_L1) (592),2264820,592
,,0,2023-05-13T12:42:49.934078027Z,2023-06-12T12:42:49.934078027Z,2023-06-02T07:26:09.06477294Z,290.53,docker_used_memory_mb,fastqc_after_clipping (DA28_L1) (592),fastqc_after_clipping (DA28_L1) (592),2264820,592
,,0,2023-05-13T12:42:49.934078027Z,2023-06-12T12:42:49.934078027Z,2023-06-02T07:26:11.064651269Z,290.27,docker_used_memory_mb,fastqc_after_clipping (DA28_L1) (592),fastqc_after_clipping (DA28_L1) (592),2264820,592
,,0,2023-05-13T12:42:49.934078027Z,2023-06-12T12:42:49.934078027Z,2023-06-02T07:26:13.065195277Z,289.99,docker_used_memory_mb,fastqc_after_clipping (DA28_L1) (592),fastqc_after_clipping (DA28_L1) (592),2264820,592
,,0,2023-05-13T12:42:49.934078027Z,2023-06-12T12:42:49.934078027Z,2023-06-02T07:26:15.064878129Z,289.59,docker_used_memory_mb,fastqc_after_clipping (DA28_L1) (592),fastqc_after_clipping (DA28_L1) (592),2264820,592
,,0,2023-05-13T12:42:49.934078027Z,2023-06-12T12:42:49.934078027Z,2023-06-02T07:26:17.064687693Z,289.51,docker_used_memory_mb,fastqc_after_clipping (DA28_L1) (592),fastqc_after_clipping (DA28_L1) (592),2264820,592
,,0,2023-05-13T12:42:49.934078027Z,2023-06-12T12:42:49.934078027Z,2023-06-02T07:26:19.064448106Z,289.48,docker_used_memory_mb,fastqc_after_clipping (DA28_L1) (592),fastqc_after_clipping (DA28_L1) (592),2264820,592
,,0,2023-05-13T12:42:49.934078027Z,2023-06-12T12:42:49.934078027Z,2023-06-02T07:26:21.065152219Z,289.64,docker_used_memory_mb,fastqc_after_clipping (DA28_L1) (592),fastqc_after_clipping (DA28_L1) (592),2264820,592
,,0,2023-05-13T12:42:49.934078027Z,2023-06-12T12:42:49.934078027Z,2023-06-02T07:26:23.064935503Z,289.49,docker_used_memory_mb,fastqc_after_clipping (DA28_L1) (592),fastqc_after_clipping (DA28_L1) (592),2264820,592
,,0,2023-05-13T12:42:49.934078027Z,2023-06-12T12:42:49.934078027Z,2023-06-02T07:26:25.064631053Z,289.54,docker_used_memory_mb,fastqc_after_clipping (DA28_L1) (592),fastqc_after_clipping (DA28_L1) (592),2264820,592
,,0,2023-05-13T12:42:49.934078027Z,2023-06-12T12:42:49.934078027Z,2023-06-02T07:26:28.065307759Z,289.59,docker_used_memory_mb,fastqc_after_clipping (DA28_L1) (592),fastqc_after_clipping (DA28_L1) (592),2264820,592
,,0,2023-05-13T12:42:49.934078027Z,2023-06-12T12:42:49.934078027Z,2023-06-02T07:26:30.064930996Z,289.95,docker_used_memory_mb,fastqc_after_clipping (DA28_L1) (592),fastqc_after_clipping (DA28_L1) (592),2264820,592
,,0,2023-05-13T12:42:49.934078027Z,2023-06-12T12:42:49.934078027Z,2023-06-02T07:26:32.064602245Z,289.98,docker_used_memory_mb,fastqc_after_clipping (DA28_L1) (592),fastqc_after_clipping (DA28_L1) (592),2264820,592
,,0,2023-05-13T12:42:49.934078027Z,2023-06-12T12:42:49.934078027Z,2023-06-02T07:26:34.06764568Z,290,docker_used_memory_mb,fastqc_after_clipping (DA28_L1) (592),fastqc_after_clipping (DA28_L1) (592),2264820,592
,,0,2023-05-13T12:42:49.934078027Z,2023-06-12T12:42:49.934078027Z,2023-06-02T07:26:36.064386855Z,289.98,docker_used_memory_mb,fastqc_after_clipping (DA28_L1) (592),fastqc_after_clipping (DA28_L1) (592),2264820,592
,,0,2023-05-13T12:42:49.934078027Z,2023-06-12T12:42:49.934078027Z,2023-06-02T07:26:38.065082875Z,290.2,docker_used_memory_mb,fastqc_after_clipping (DA28_L1) (592),fastqc_after_clipping (DA28_L1) (592),2264820,592
,,0,2023-05-13T12:42:49.934078027Z,2023-06-12T12:42:49.934078027Z,2023-06-02T07:26:40.064716271Z,290.39,docker_used_memory_mb,fastqc_after_clipping (DA28_L1) (592),fastqc_after_clipping (DA28_L1) (592),2264820,592
,,0,2023-05-13T12:42:49.934078027Z,2023-06-12T12:42:49.934078027Z,2023-06-02T07:26:42.064316995Z,290.09,docker_used_memory_mb,fastqc_after_clipping (DA28_L1) (592),fastqc_after_clipping (DA28_L1) (592),2264820,592
,,0,2023-05-13T12:42:49.934078027Z,2023-06-12T12:42:49.934078027Z,2023-06-02T07:26:44.065149029Z,290.36,docker_used_memory_mb,fastqc_after_clipping (DA28_L1) (592),fastqc_after_clipping (DA28_L1) (592),2264820,592
,,0,2023-05-13T12:42:49.934078027Z,2023-06-12T12:42:49.934078027Z,2023-06-02T07:26:46.064766653Z,290.39,docker_used_memory_mb,fastqc_after_clipping (DA28_L1) (592),fastqc_after_clipping (DA28_L1) (592),2264820,592
,,0,2023-05-13T12:42:49.934078027Z,2023-06-12T12:42:49.934078027Z,2023-06-02T07:26:48.064507582Z,290.76,docker_used_memory_mb,fastqc_after_clipping (DA28_L1) (592),fastqc_after_clipping (DA28_L1) (592),2264820,592
,,0,2023-05-13T12:42:49.934078027Z,2023-06-12T12:42:49.934078027Z,2023-06-02T07:26:50.065161419Z,290.29,docker_used_memory_mb,fastqc_after_clipping (DA28_L1) (592),fastqc_after_clipping (DA28_L1) (592),2264820,592
,,0,2023-05-13T12:42:49.934078027Z,2023-06-12T12:42:49.934078027Z,2023-06-02T07:26:52.065134794Z,290.08,docker_used_memory_mb,fastqc_after_clipping (DA28_L1) (592),fastqc_after_clipping (DA28_L1) (592),2264820,592
,,0,2023-05-13T12:42:49.934078027Z,2023-06-12T12:42:49.934078027Z,2023-06-02T07:26:54.064554411Z,290.2,docker_used_memory_mb,fastqc_after_clipping (DA28_L1) (592),fastqc_after_clipping (DA28_L1) (592),2264820,592
,,0,2023-05-13T12:42:49.934078027Z,2023-06-12T12:42:49.934078027Z,2023-06-02T07:26:57.064305351Z,290.38,docker_used_memory_mb,fastqc_after_clipping (DA28_L1) (592),fastqc_after_clipping (DA28_L1) (592),2264820,592
,,0,2023-05-13T12:42:49.934078027Z,2023-06-12T12:42:49.934078027Z,2023-06-02T07:26:59.065222045Z,290.25,docker_used_memory_mb,fastqc_after_clipping (DA28_L1) (592),fastqc_after_clipping (DA28_L1) (592),2264820,592
,,0,2023-05-13T12:42:49.934078027Z,2023-06-12T12:42:49.934078027Z,2023-06-02T07:27:01.064733514Z,290.23,docker_used_memory_mb,fastqc_after_clipping (DA28_L1) (592),fastqc_after_clipping (DA28_L1) (592),2264820,592
,,0,2023-05-13T12:42:49.934078027Z,2023-06-12T12:42:49.934078027Z,2023-06-02T07:27:03.064385848Z,290.42,docker_used_memory_mb,fastqc_after_clipping (DA28_L1) (592),fastqc_after_clipping (DA28_L1) (592),2264820,592
,,0,2023-05-13T12:42:49.934078027Z,2023-06-12T12:42:49.934078027Z,2023-06-02T07:27:05.065013121Z,289.84,docker_used_memory_mb,fastqc_after_clipping (DA28_L1) (592),fastqc_after_clipping (DA28_L1) (592),2264820,592
,,0,2023-05-13T12:42:49.934078027Z,2023-06-12T12:42:49.934078027Z,2023-06-02T07:27:07.064805239Z,290.09,docker_used_memory_mb,fastqc_after_clipping (DA28_L1) (592),fastqc_after_clipping (DA28_L1) (592),2264820,592
,,0,2023-05-13T12:42:49.934078027Z,2023-06-12T12:42:49.934078027Z,2023-06-02T07:27:09.064475212Z,290,docker_used_memory_mb,fastqc_after_clipping (DA28_L1) (592),fastqc_after_clipping (DA28_L1) (592),2264820,592
,,0,2023-05-13T12:42:49.934078027Z,2023-06-12T12:42:49.934078027Z,2023-06-02T07:27:11.065196938Z,290.21,docker_used_memory_mb,fastqc_after_clipping (DA28_L1) (592),fastqc_after_clipping (DA28_L1) (592),2264820,592
,,0,2023-05-13T12:42:49.934078027Z,2023-06-12T12:42:49.934078027Z,2023-06-02T07:27:13.064868361Z,290.05,docker_used_memory_mb,fastqc_after_clipping (DA28_L1) (592),fastqc_after_clipping (DA28_L1) (592),2264820,592
,,0,2023-05-13T12:42:49.934078027Z,2023-06-12T12:42:49.934078027Z,2023-06-02T07:27:15.06445242Z,289.83,docker_used_memory_mb,fastqc_after_clipping (DA28_L1) (592),fastqc_after_clipping (DA28_L1) (592),2264820,592
,,0,2023-05-13T12:42:49.934078027Z,2023-06-12T12:42:49.934078027Z,2023-06-02T07:27:17.064842684Z,290.01,docker_used_memory_mb,fastqc_after_clipping (DA28_L1) (592),fastqc_after_clipping (DA28_L1) (592),2264820,592
,,0,2023-05-13T12:42:49.934078027Z,2023-06-12T12:42:49.934078027Z,2023-06-02T07:27:19.065013393Z,290.46,docker_used_memory_mb,fastqc_after_clipping (DA28_L1) (592),fastqc_after_clipping (DA28_L1) (592),2264820,592
,,0,2023-05-13T12:42:49.934078027Z,2023-06-12T12:42:49.934078027Z,2023-06-02T07:27:21.064476207Z,290.5,docker_used_memory_mb,fastqc_after_clipping (DA28_L1) (592),fastqc_after_clipping (DA28_L1) (592),2264820,592
,,0,2023-05-13T12:42:49.934078027Z,2023-06-12T12:42:49.934078027Z,2023-06-02T07:27:23.065299235Z,290.6,docker_used_memory_mb,fastqc_after_clipping (DA28_L1) (592),fastqc_after_clipping (DA28_L1) (592),2264820,592
,,0,2023-05-13T12:42:49.934078027Z,2023-06-12T12:42:49.934078027Z,2023-06-02T07:27:26.064955786Z,291,docker_used_memory_mb,fastqc_after_clipping (DA28_L1) (592),fastqc_after_clipping (DA28_L1) (592),2264820,592
,,0,2023-05-13T12:42:49.934078027Z,2023-06-12T12:42:49.934078027Z,2023-06-02T07:27:28.064580645Z,290.74,docker_used_memory_mb,fastqc_after_clipping (DA28_L1) (592),fastqc_after_clipping (DA28_L1) (592),2264820,592
,,0,2023-05-13T12:42:49.934078027Z,2023-06-12T12:42:49.934078027Z,2023-06-02T07:27:30.065267707Z,291.18,docker_used_memory_mb,fastqc_after_clipping (DA28_L1) (592),fastqc_after_clipping (DA28_L1) (592),2264820,592
,,0,2023-05-13T12:42:49.934078027Z,2023-06-12T12:42:49.934078027Z,2023-06-02T07:27:32.064924947Z,291.51,docker_used_memory_mb,fastqc_after_clipping (DA28_L1) (592),fastqc_after_clipping (DA28_L1) (592),2264820,592
,,0,2023-05-13T12:42:49.934078027Z,2023-06-12T12:42:49.934078027Z,2023-06-02T07:27:34.065207425Z,291.64,docker_used_memory_mb,fastqc_after_clipping (DA28_L1) (592),fastqc_after_clipping (DA28_L1) (592),2264820,592
,,0,2023-05-13T12:42:49.934078027Z,2023-06-12T12:42:49.934078027Z,2023-06-02T07:27:36.064947287Z,291.89,docker_used_memory_mb,fastqc_after_clipping (DA28_L1) (592),fastqc_after_clipping (DA28_L1) (592),2264820,592
,,0,2023-05-13T12:42:49.934078027Z,2023-06-12T12:42:49.934078027Z,2023-06-02T07:27:38.064668898Z,291.81,docker_used_memory_mb,fastqc_after_clipping (DA28_L1) (592),fastqc_after_clipping (DA28_L1) (592),2264820,592
,,0,2023-05-13T12:42:49.934078027Z,2023-06-12T12:42:49.934078027Z,2023-06-02T07:27:40.065475043Z,291.86,docker_used_memory_mb,fastqc_after_clipping (DA28_L1) (592),fastqc_after_clipping (DA28_L1) (592),2264820,592
,,0,2023-05-13T12:42:49.934078027Z,2023-06-12T12:42:49.934078027Z,2023-06-02T07:27:42.065209273Z,291.85,docker_used_memory_mb,fastqc_after_clipping (DA28_L1) (592),fastqc_after_clipping (DA28_L1) (592),2264820,592
,,0,2023-05-13T12:42:49.934078027Z,2023-06-12T12:42:49.934078027Z,2023-06-02T07:27:44.064914453Z,291.9,docker_used_memory_mb,fastqc_after_clipping (DA28_L1) (592),fastqc_after_clipping (DA28_L1) (592),2264820,592
,,0,2023-05-13T12:42:49.934078027Z,2023-06-12T12:42:49.934078027Z,2023-06-02T07:27:46.064516259Z,292.13,docker_used_memory_mb,fastqc_after_clipping (DA28_L1) (592),fastqc_after_clipping (DA28_L1) (592),2264820,592
,,0,2023-05-13T12:42:49.934078027Z,2023-06-12T12:42:49.934078027Z,2023-06-02T07:27:48.0652407Z,292.07,docker_used_memory_mb,fastqc_after_clipping (DA28_L1) (592),fastqc_after_clipping (DA28_L1) (592),2264820,592
,,0,2023-05-13T12:42:49.934078027Z,2023-06-12T12:42:49.934078027Z,2023-06-02T07:27:50.064935239Z,292.07,docker_used_memory_mb,fastqc_after_clipping (DA28_L1) (592),fastqc_after_clipping (DA28_L1) (592),2264820,592
,,0,2023-05-13T12:42:49.934078027Z,2023-06-12T12:42:49.934078027Z,2023-06-02T07:27:52.064714309Z,292.05,docker_used_memory_mb,fastqc_after_clipping (DA28_L1) (592),fastqc_after_clipping (DA28_L1) (592),2264820,592
,,0,2023-05-13T12:42:49.934078027Z,2023-06-12T12:42:49.934078027Z,2023-06-02T07:27:54.064375636Z,292.13,docker_used_memory_mb,fastqc_after_clipping (DA28_L1) (592),fastqc_after_clipping (DA28_L1) (592),2264820,592
,,0,2023-05-13T12:42:49.934078027Z,2023-06-12T12:42:49.934078027Z,2023-06-02T07:27:57.065318882Z,291.94,docker_used_memory_mb,fastqc_after_clipping (DA28_L1) (592),fastqc_after_clipping (DA28_L1) (592),2264820,592
,,0,2023-05-13T12:42:49.934078027Z,2023-06-12T12:42:49.934078027Z,2023-06-02T07:27:59.065215785Z,292.01,docker_used_memory_mb,fastqc_after_clipping (DA28_L1) (592),fastqc_after_clipping (DA28_L1) (592),2264820,592
,,0,2023-05-13T12:42:49.934078027Z,2023-06-12T12:42:49.934078027Z,2023-06-02T07:28:01.064669515Z,291.86,docker_used_memory_mb,fastqc_after_clipping (DA28_L1) (592),fastqc_after_clipping (DA28_L1) (592),2264820,592
,,0,2023-05-13T12:42:49.934078027Z,2023-06-12T12:42:49.934078027Z,2023-06-02T07:28:03.064345951Z,292.03,docker_used_memory_mb,fastqc_after_clipping (DA28_L1) (592),fastqc_after_clipping (DA28_L1) (592),2264820,592
,,0,2023-05-13T12:42:49.934078027Z,2023-06-12T12:42:49.934078027Z,2023-06-02T07:28:05.06506205Z,292.13,docker_used_memory_mb,fastqc_after_clipping (DA28_L1) (592),fastqc_after_clipping (DA28_L1) (592),2264820,592
,,0,2023-05-13T12:42:49.934078027Z,2023-06-12T12:42:49.934078027Z,2023-06-02T07:28:07.064765116Z,292.34,docker_used_memory_mb,fastqc_after_clipping (DA28_L1) (592),fastqc_after_clipping (DA28_L1) (592),2264820,592
,,0,2023-05-13T12:42:49.934078027Z,2023-06-12T12:42:49.934078027Z,2023-06-02T07:28:09.065313029Z,292.35,docker_used_memory_mb,fastqc_after_clipping (DA28_L1) (592),fastqc_after_clipping (DA28_L1) (592),2264820,592
,,0,2023-05-13T12:42:49.934078027Z,2023-06-12T12:42:49.934078027Z,2023-06-02T07:28:11.064994394Z,292.44,docker_used_memory_mb,fastqc_after_clipping (DA28_L1) (592),fastqc_after_clipping (DA28_L1) (592),2264820,592
,,0,2023-05-13T12:42:49.934078027Z,2023-06-12T12:42:49.934078027Z,2023-06-02T07:28:13.065131084Z,292.69,docker_used_memory_mb,fastqc_after_clipping (DA28_L1) (592),fastqc_after_clipping (DA28_L1) (592),2264820,592
,,0,2023-05-13T12:42:49.934078027Z,2023-06-12T12:42:49.934078027Z,2023-06-02T07:28:15.064822188Z,292.56,docker_used_memory_mb,fastqc_after_clipping (DA28_L1) (592),fastqc_after_clipping (DA28_L1) (592),2264820,592
,,0,2023-05-13T12:42:49.934078027Z,2023-06-12T12:42:49.934078027Z,2023-06-02T07:28:17.064517243Z,292.64,docker_used_memory_mb,fastqc_after_clipping (DA28_L1) (592),fastqc_after_clipping (DA28_L1) (592),2264820,592
,,0,2023-05-13T12:42:49.934078027Z,2023-06-12T12:42:49.934078027Z,2023-06-02T07:28:19.065184339Z,292.62,docker_used_memory_mb,fastqc_after_clipping (DA28_L1) (592),fastqc_after_clipping (DA28_L1) (592),2264820,592
,,0,2023-05-13T12:42:49.934078027Z,2023-06-12T12:42:49.934078027Z,2023-06-02T07:28:21.064883954Z,292.5,docker_used_memory_mb,fastqc_after_clipping (DA28_L1) (592),fastqc_after_clipping (DA28_L1) (592),2264820,592
,,0,2023-05-13T12:42:49.934078027Z,2023-06-12T12:42:49.934078027Z,2023-06-02T07:28:23.064724173Z,292.6,docker_used_memory_mb,fastqc_after_clipping (DA28_L1) (592),fastqc_after_clipping (DA28_L1) (592),2264820,592
,,0,2023-05-13T12:42:49.934078027Z,2023-06-12T12:42:49.934078027Z,2023-06-02T07:28:25.065110748Z,292.65,docker_used_memory_mb,fastqc_after_clipping (DA28_L1) (592),fastqc_after_clipping (DA28_L1) (592),2264820,592
,,0,2023-05-13T12:42:49.934078027Z,2023-06-12T12:42:49.934078027Z,2023-06-02T07:28:28.065114559Z,292.49,docker_used_memory_mb,fastqc_after_clipping (DA28_L1) (592),fastqc_after_clipping (DA28_L1) (592),2264820,592
,,0,2023-05-13T12:42:49.934078027Z,2023-06-12T12:42:49.934078027Z,2023-06-02T07:28:30.064647077Z,292.41,docker_used_memory_mb,fastqc_after_clipping (DA28_L1) (592),fastqc_after_clipping (DA28_L1) (592),2264820,592
,,0,2023-05-13T12:42:49.934078027Z,2023-06-12T12:42:49.934078027Z,2023-06-02T07:28:32.064360761Z,292.42,docker_used_memory_mb,fastqc_after_clipping (DA28_L1) (592),fastqc_after_clipping (DA28_L1) (592),2264820,592
,,0,2023-05-13T12:42:49.934078027Z,2023-06-12T12:42:49.934078027Z,2023-06-02T07:28:34.065335915Z,292.39,docker_used_memory_mb,fastqc_after_clipping (DA28_L1) (592),fastqc_after_clipping (DA28_L1) (592),2264820,592
,,0,2023-05-13T12:42:49.934078027Z,2023-06-12T12:42:49.934078027Z,2023-06-02T07:28:36.065219903Z,292.4,docker_used_memory_mb,fastqc_after_clipping (DA28_L1) (592),fastqc_after_clipping (DA28_L1) (592),2264820,592
,,0,2023-05-13T12:42:49.934078027Z,2023-06-12T12:42:49.934078027Z,2023-06-02T07:28:38.06474659Z,292.4,docker_used_memory_mb,fastqc_after_clipping (DA28_L1) (592),fastqc_after_clipping (DA28_L1) (592),2264820,592
,,0,2023-05-13T12:42:49.934078027Z,2023-06-12T12:42:49.934078027Z,2023-06-02T07:28:40.065215677Z,292.41,docker_used_memory_mb,fastqc_after_clipping (DA28_L1) (592),fastqc_after_clipping (DA28_L1) (592),2264820,592
,,0,2023-05-13T12:42:49.934078027Z,2023-06-12T12:42:49.934078027Z,2023-06-02T07:28:42.065019183Z,292.32,docker_used_memory_mb,fastqc_after_clipping (DA28_L1) (592),fastqc_after_clipping (DA28_L1) (592),2264820,592
,,0,2023-05-13T12:42:49.934078027Z,2023-06-12T12:42:49.934078027Z,2023-06-02T07:28:44.064649412Z,292.4,docker_used_memory_mb,fastqc_after_clipping (DA28_L1) (592),fastqc_after_clipping (DA28_L1) (592),2264820,592
,,0,2023-05-13T12:42:49.934078027Z,2023-06-12T12:42:49.934078027Z,2023-06-02T07:28:46.064366005Z,292.43,docker_used_memory_mb,fastqc_after_clipping (DA28_L1) (592),fastqc_after_clipping (DA28_L1) (592),2264820,592
,,0,2023-05-13T12:42:49.934078027Z,2023-06-12T12:42:49.934078027Z,2023-06-02T07:28:48.065047397Z,292.25,docker_used_memory_mb,fastqc_after_clipping (DA28_L1) (592),fastqc_after_clipping (DA28_L1) (592),2264820,592
,,0,2023-05-13T12:42:49.934078027Z,2023-06-12T12:42:49.934078027Z,2023-06-02T07:28:50.064697746Z,292.11,docker_used_memory_mb,fastqc_after_clipping (DA28_L1) (592),fastqc_after_clipping (DA28_L1) (592),2264820,592
,,0,2023-05-13T12:42:49.934078027Z,2023-06-12T12:42:49.934078027Z,2023-06-02T07:28:52.064438929Z,292.22,docker_used_memory_mb,fastqc_after_clipping (DA28_L1) (592),fastqc_after_clipping (DA28_L1) (592),2264820,592
,,0,2023-05-13T12:42:49.934078027Z,2023-06-12T12:42:49.934078027Z,2023-06-02T07:28:54.065164452Z,292.21,docker_used_memory_mb,fastqc_after_clipping (DA28_L1) (592),fastqc_after_clipping (DA28_L1) (592),2264820,592
,,0,2023-05-13T12:42:49.934078027Z,2023-06-12T12:42:49.934078027Z,2023-06-02T07:28:56.06477945Z,292.1,docker_used_memory_mb,fastqc_after_clipping (DA28_L1) (592),fastqc_after_clipping (DA28_L1) (592),2264820,592
,,0,2023-05-13T12:42:49.934078027Z,2023-06-12T12:42:49.934078027Z,2023-06-02T07:28:59.064784314Z,292.05,docker_used_memory_mb,fastqc_after_clipping (DA28_L1) (592),fastqc_after_clipping (DA28_L1) (592),2264820,592
,,0,2023-05-13T12:42:49.934078027Z,2023-06-12T12:42:49.934078027Z,2023-06-02T07:29:01.065377472Z,292.64,docker_used_memory_mb,fastqc_after_clipping (DA28_L1) (592),fastqc_after_clipping (DA28_L1) (592),2264820,592
,,0,2023-05-13T12:42:49.934078027Z,2023-06-12T12:42:49.934078027Z,2023-06-02T07:29:03.065195656Z,292.53,docker_used_memory_mb,fastqc_after_clipping (DA28_L1) (592),fastqc_after_clipping (DA28_L1) (592),2264820,592
,,0,2023-05-13T12:42:49.934078027Z,2023-06-12T12:42:49.934078027Z,2023-06-02T07:29:05.064998679Z,293,docker_used_memory_mb,fastqc_after_clipping (DA28_L1) (592),fastqc_after_clipping (DA28_L1) (592),2264820,592
,,0,2023-05-13T12:42:49.934078027Z,2023-06-12T12:42:49.934078027Z,2023-06-02T07:29:07.064661417Z,292.9,docker_used_memory_mb,fastqc_after_clipping (DA28_L1) (592),fastqc_after_clipping (DA28_L1) (592),2264820,592
,,0,2023-05-13T12:42:49.934078027Z,2023-06-12T12:42:49.934078027Z,2023-06-02T07:29:09.065268895Z,293.15,docker_used_memory_mb,fastqc_after_clipping (DA28_L1) (592),fastqc_after_clipping (DA28_L1) (592),2264820,592
,,0,2023-05-13T12:42:49.934078027Z,2023-06-12T12:42:49.934078027Z,2023-06-02T07:29:11.064968174Z,292.92,docker_used_memory_mb,fastqc_after_clipping (DA28_L1) (592),fastqc_after_clipping (DA28_L1) (592),2264820,592
,,0,2023-05-13T12:42:49.934078027Z,2023-06-12T12:42:49.934078027Z,2023-06-02T07:29:13.064943311Z,293.02,docker_used_memory_mb,fastqc_after_clipping (DA28_L1) (592),fastqc_after_clipping (DA28_L1) (592),2264820,592
,,0,2023-05-13T12:42:49.934078027Z,2023-06-12T12:42:49.934078027Z,2023-06-02T07:29:15.064595218Z,293.02,docker_used_memory_mb,fastqc_after_clipping (DA28_L1) (592),fastqc_after_clipping (DA28_L1) (592),2264820,592
,,0,2023-05-13T12:42:49.934078027Z,2023-06-12T12:42:49.934078027Z,2023-06-02T07:29:17.065211175Z,293.39,docker_used_memory_mb,fastqc_after_clipping (DA28_L1) (592),fastqc_after_clipping (DA28_L1) (592),2264820,592
,,0,2023-05-13T12:42:49.934078027Z,2023-06-12T12:42:49.934078027Z,2023-06-02T07:29:19.065731749Z,293.43,docker_used_memory_mb,fastqc_after_clipping (DA28_L1) (592),fastqc_after_clipping (DA28_L1) (592),2264820,592
,,0,2023-05-13T12:42:49.934078027Z,2023-06-12T12:42:49.934078027Z,2023-06-02T07:29:22.064733458Z,293.35,docker_used_memory_mb,fastqc_after_clipping (DA28_L1) (592),fastqc_after_clipping (DA28_L1) (592),2264820,592
,,0,2023-05-13T12:42:49.934078027Z,2023-06-12T12:42:49.934078027Z,2023-06-02T07:29:24.064701524Z,293.31,docker_used_memory_mb,fastqc_after_clipping (DA28_L1) (592),fastqc_after_clipping (DA28_L1) (592),2264820,592
,,0,2023-05-13T12:42:49.934078027Z,2023-06-12T12:42:49.934078027Z,2023-06-02T07:29:26.065159115Z,293.29,docker_used_memory_mb,fastqc_after_clipping (DA28_L1) (592),fastqc_after_clipping (DA28_L1) (592),2264820,592
,,0,2023-05-13T12:42:49.934078027Z,2023-06-12T12:42:49.934078027Z,2023-06-02T07:29:28.064931085Z,293.34,docker_used_memory_mb,fastqc_after_clipping (DA28_L1) (592),fastqc_after_clipping (DA28_L1) (592),2264820,592
,,0,2023-05-13T12:42:49.934078027Z,2023-06-12T12:42:49.934078027Z,2023-06-02T07:29:30.064448586Z,293.46,docker_used_memory_mb,fastqc_after_clipping (DA28_L1) (592),fastqc_after_clipping (DA28_L1) (592),2264820,592
,,0,2023-05-13T12:42:49.934078027Z,2023-06-12T12:42:49.934078027Z,2023-06-02T07:29:32.065193545Z,293.49,docker_used_memory_mb,fastqc_after_clipping (DA28_L1) (592),fastqc_after_clipping (DA28_L1) (592),2264820,592
,,0,2023-05-13T12:42:49.934078027Z,2023-06-12T12:42:49.934078027Z,2023-06-02T07:29:34.065095158Z,293.7,docker_used_memory_mb,fastqc_after_clipping (DA28_L1) (592),fastqc_after_clipping (DA28_L1) (592),2264820,592
,,0,2023-05-13T12:42:49.934078027Z,2023-06-12T12:42:49.934078027Z,2023-06-02T07:29:36.064637439Z,293.48,docker_used_memory_mb,fastqc_after_clipping (DA28_L1) (592),fastqc_after_clipping (DA28_L1) (592),2264820,592
,,0,2023-05-13T12:42:49.934078027Z,2023-06-12T12:42:49.934078027Z,2023-06-02T07:29:38.065256734Z,293.93,docker_used_memory_mb,fastqc_after_clipping (DA28_L1) (592),fastqc_after_clipping (DA28_L1) (592),2264820,592
,,0,2023-05-13T12:42:49.934078027Z,2023-06-12T12:42:49.934078027Z,2023-06-02T07:29:40.064973091Z,293.96,docker_used_memory_mb,fastqc_after_clipping (DA28_L1) (592),fastqc_after_clipping (DA28_L1) (592),2264820,592
,,0,2023-05-13T12:42:49.934078027Z,2023-06-12T12:42:49.934078027Z,2023-06-02T07:29:42.064722948Z,293.94,docker_used_memory_mb,fastqc_after_clipping (DA28_L1) (592),fastqc_after_clipping (DA28_L1) (592),2264820,592
,,0,2023-05-13T12:42:49.934078027Z,2023-06-12T12:42:49.934078027Z,2023-06-02T07:29:44.064408833Z,293.89,docker_used_memory_mb,fastqc_after_clipping (DA28_L1) (592),fastqc_after_clipping (DA28_L1) (592),2264820,592
,,0,2023-05-13T12:42:49.934078027Z,2023-06-12T12:42:49.934078027Z,2023-06-02T07:29:47.065583897Z,294,docker_used_memory_mb,fastqc_after_clipping (DA28_L1) (592),fastqc_after_clipping (DA28_L1) (592),2264820,592
,,0,2023-05-13T12:42:49.934078027Z,2023-06-12T12:42:49.934078027Z,2023-06-02T07:29:49.065104156Z,293.96,docker_used_memory_mb,fastqc_after_clipping (DA28_L1) (592),fastqc_after_clipping (DA28_L1) (592),2264820,592
,,0,2023-05-13T12:42:49.934078027Z,2023-06-12T12:42:49.934078027Z,2023-06-02T07:29:51.064910164Z,294.2,docker_used_memory_mb,fastqc_after_clipping (DA28_L1) (592),fastqc_after_clipping (DA28_L1) (592),2264820,592
,,0,2023-05-13T12:42:49.934078027Z,2023-06-12T12:42:49.934078027Z,2023-06-02T07:29:53.064526736Z,294.28,docker_used_memory_mb,fastqc_after_clipping (DA28_L1) (592),fastqc_after_clipping (DA28_L1) (592),2264820,592
,,0,2023-05-13T12:42:49.934078027Z,2023-06-12T12:42:49.934078027Z,2023-06-02T07:29:55.065211211Z,294.21,docker_used_memory_mb,fastqc_after_clipping (DA28_L1) (592),fastqc_after_clipping (DA28_L1) (592),2264820,592
,,0,2023-05-13T12:42:49.934078027Z,2023-06-12T12:42:49.934078027Z,2023-06-02T07:29:57.06505405Z,294.13,docker_used_memory_mb,fastqc_after_clipping (DA28_L1) (592),fastqc_after_clipping (DA28_L1) (592),2264820,592
,,0,2023-05-13T12:42:49.934078027Z,2023-06-12T12:42:49.934078027Z,2023-06-02T07:29:59.064786315Z,294.19,docker_used_memory_mb,fastqc_after_clipping (DA28_L1) (592),fastqc_after_clipping (DA28_L1) (592),2264820,592
,,0,2023-05-13T12:42:49.934078027Z,2023-06-12T12:42:49.934078027Z,2023-06-02T07:30:01.064487018Z,294.27,docker_used_memory_mb,fastqc_after_clipping (DA28_L1) (592),fastqc_after_clipping (DA28_L1) (592),2264820,592
,,0,2023-05-13T12:42:49.934078027Z,2023-06-12T12:42:49.934078027Z,2023-06-02T07:30:03.065365149Z,294.34,docker_used_memory_mb,fastqc_after_clipping (DA28_L1) (592),fastqc_after_clipping (DA28_L1) (592),2264820,592
,,0,2023-05-13T12:42:49.934078027Z,2023-06-12T12:42:49.934078027Z,2023-06-02T07:30:05.064914787Z,294.4,docker_used_memory_mb,fastqc_after_clipping (DA28_L1) (592),fastqc_after_clipping (DA28_L1) (592),2264820,592
,,0,2023-05-13T12:42:49.934078027Z,2023-06-12T12:42:49.934078027Z,2023-06-02T07:30:07.064673932Z,294.46,docker_used_memory_mb,fastqc_after_clipping (DA28_L1) (592),fastqc_after_clipping (DA28_L1) (592),2264820,592
,,0,2023-05-13T12:42:49.934078027Z,2023-06-12T12:42:49.934078027Z,2023-06-02T07:30:09.065344235Z,294.63,docker_used_memory_mb,fastqc_after_clipping (DA28_L1) (592),fastqc_after_clipping (DA28_L1) (592),2264820,592
,,0,2023-05-13T12:42:49.934078027Z,2023-06-12T12:42:49.934078027Z,2023-06-02T07:30:11.065126661Z,294.67,docker_used_memory_mb,fastqc_after_clipping (DA28_L1) (592),fastqc_after_clipping (DA28_L1) (592),2264820,592
,,0,2023-05-13T12:42:49.934078027Z,2023-06-12T12:42:49.934078027Z,2023-06-02T07:30:13.064804212Z,294.82,docker_used_memory_mb,fastqc_after_clipping (DA28_L1) (592),fastqc_after_clipping (DA28_L1) (592),2264820,592
,,0,2023-05-13T12:42:49.934078027Z,2023-06-12T12:42:49.934078027Z,2023-06-02T07:30:15.064557826Z,294.85,docker_used_memory_mb,fastqc_after_clipping (DA28_L1) (592),fastqc_after_clipping (DA28_L1) (592),2264820,592
,,0,2023-05-13T12:42:49.934078027Z,2023-06-12T12:42:49.934078027Z,2023-06-02T07:30:18.066911653Z,295.01,docker_used_memory_mb,fastqc_after_clipping (DA28_L1) (592),fastqc_after_clipping (DA28_L1) (592),2264820,592
,,0,2023-05-13T12:42:49.934078027Z,2023-06-12T12:42:49.934078027Z,2023-06-02T07:30:20.06646302Z,294.77,docker_used_memory_mb,fastqc_after_clipping (DA28_L1) (592),fastqc_after_clipping (DA28_L1) (592),2264820,592
,,0,2023-05-13T12:42:49.934078027Z,2023-06-12T12:42:49.934078027Z,2023-06-02T07:30:22.065222772Z,294.53,docker_used_memory_mb,fastqc_after_clipping (DA28_L1) (592),fastqc_after_clipping (DA28_L1) (592),2264820,592
,,0,2023-05-13T12:42:49.934078027Z,2023-06-12T12:42:49.934078027Z,2023-06-02T07:30:24.064887572Z,294.8,docker_used_memory_mb,fastqc_after_clipping (DA28_L1) (592),fastqc_after_clipping (DA28_L1) (592),2264820,592
,,0,2023-05-13T12:42:49.934078027Z,2023-06-12T12:42:49.934078027Z,2023-06-02T07:30:26.064612184Z,294.8,docker_used_memory_mb,fastqc_after_clipping (DA28_L1) (592),fastqc_after_clipping (DA28_L1) (592),2264820,592
,,0,2023-05-13T12:42:49.934078027Z,2023-06-12T12:42:49.934078027Z,2023-06-02T07:30:28.065273016Z,294.61,docker_used_memory_mb,fastqc_after_clipping (DA28_L1) (592),fastqc_after_clipping (DA28_L1) (592),2264820,592
,,0,2023-05-13T12:42:49.934078027Z,2023-06-12T12:42:49.934078027Z,2023-06-02T07:30:30.065134621Z,294.47,docker_used_memory_mb,fastqc_after_clipping (DA28_L1) (592),fastqc_after_clipping (DA28_L1) (592),2264820,592
,,0,2023-05-13T12:42:49.934078027Z,2023-06-12T12:42:49.934078027Z,2023-06-02T07:30:32.064785261Z,294.48,docker_used_memory_mb,fastqc_after_clipping (DA28_L1) (592),fastqc_after_clipping (DA28_L1) (592),2264820,592
,,0,2023-05-13T12:42:49.934078027Z,2023-06-12T12:42:49.934078027Z,2023-06-02T07:30:34.064340577Z,294.47,docker_used_memory_mb,fastqc_after_clipping (DA28_L1) (592),fastqc_after_clipping (DA28_L1) (592),2264820,592
,,0,2023-05-13T12:42:49.934078027Z,2023-06-12T12:42:49.934078027Z,2023-06-02T07:30:36.064996967Z,294.59,docker_used_memory_mb,fastqc_after_clipping (DA28_L1) (592),fastqc_after_clipping (DA28_L1) (592),2264820,592
,,0,2023-05-13T12:42:49.934078027Z,2023-06-12T12:42:49.934078027Z,2023-06-02T07:30:38.064841752Z,294.38,docker_used_memory_mb,fastqc_after_clipping (DA28_L1) (592),fastqc_after_clipping (DA28_L1) (592),2264820,592
,,0,2023-05-13T12:42:49.934078027Z,2023-06-12T12:42:49.934078027Z,2023-06-02T07:30:40.06448176Z,294.54,docker_used_memory_mb,fastqc_after_clipping (DA28_L1) (592),fastqc_after_clipping (DA28_L1) (592),2264820,592
,,0,2023-05-13T12:42:49.934078027Z,2023-06-12T12:42:49.934078027Z,2023-06-02T07:30:42.06514317Z,294.29,docker_used_memory_mb,fastqc_after_clipping (DA28_L1) (592),fastqc_after_clipping (DA28_L1) (592),2264820,592
,,0,2023-05-13T12:42:49.934078027Z,2023-06-12T12:42:49.934078027Z,2023-06-02T07:30:44.065047346Z,294.4,docker_used_memory_mb,fastqc_after_clipping (DA28_L1) (592),fastqc_after_clipping (DA28_L1) (592),2264820,592
,,0,2023-05-13T12:42:49.934078027Z,2023-06-12T12:42:49.934078027Z,2023-06-02T07:30:46.06458494Z,294.4,docker_used_memory_mb,fastqc_after_clipping (DA28_L1) (592),fastqc_after_clipping (DA28_L1) (592),2264820,592
,,0,2023-05-13T12:42:49.934078027Z,2023-06-12T12:42:49.934078027Z,2023-06-02T07:30:49.064435524Z,294.58,docker_used_memory_mb,fastqc_after_clipping (DA28_L1) (592),fastqc_after_clipping (DA28_L1) (592),2264820,592
,,0,2023-05-13T12:42:49.934078027Z,2023-06-12T12:42:49.934078027Z,2023-06-02T07:30:51.065069392Z,294.88,docker_used_memory_mb,fastqc_after_clipping (DA28_L1) (592),fastqc_after_clipping (DA28_L1) (592),2264820,592
,,0,2023-05-13T12:42:49.934078027Z,2023-06-12T12:42:49.934078027Z,2023-06-02T07:30:53.06507563Z,294.99,docker_used_memory_mb,fastqc_after_clipping (DA28_L1) (592),fastqc_after_clipping (DA28_L1) (592),2264820,592
,,0,2023-05-13T12:42:49.934078027Z,2023-06-12T12:42:49.934078027Z,2023-06-02T07:30:55.064727367Z,295.09,docker_used_memory_mb,fastqc_after_clipping (DA28_L1) (592),fastqc_after_clipping (DA28_L1) (592),2264820,592
,,0,2023-05-13T12:42:49.934078027Z,2023-06-12T12:42:49.934078027Z,2023-06-02T07:30:57.064773637Z,295.13,docker_used_memory_mb,fastqc_after_clipping (DA28_L1) (592),fastqc_after_clipping (DA28_L1) (592),2264820,592
,,0,2023-05-13T12:42:49.934078027Z,2023-06-12T12:42:49.934078027Z,2023-06-02T07:30:59.065261419Z,295.24,docker_used_memory_mb,fastqc_after_clipping (DA28_L1) (592),fastqc_after_clipping (DA28_L1) (592),2264820,592
,,0,2023-05-13T12:42:49.934078027Z,2023-06-12T12:42:49.934078027Z,2023-06-02T07:31:01.064859124Z,295.37,docker_used_memory_mb,fastqc_after_clipping (DA28_L1) (592),fastqc_after_clipping (DA28_L1) (592),2264820,592
,,0,2023-05-13T12:42:49.934078027Z,2023-06-12T12:42:49.934078027Z,2023-06-02T07:31:03.064745298Z,295.24,docker_used_memory_mb,fastqc_after_clipping (DA28_L1) (592),fastqc_after_clipping (DA28_L1) (592),2264820,592
,,0,2023-05-13T12:42:49.934078027Z,2023-06-12T12:42:49.934078027Z,2023-06-02T07:31:05.064960602Z,295.18,docker_used_memory_mb,fastqc_after_clipping (DA28_L1) (592),fastqc_after_clipping (DA28_L1) (592),2264820,592
,,0,2023-05-13T12:42:49.934078027Z,2023-06-12T12:42:49.934078027Z,2023-06-02T07:31:07.064717471Z,295.41,docker_used_memory_mb,fastqc_after_clipping (DA28_L1) (592),fastqc_after_clipping (DA28_L1) (592),2264820,592
,,0,2023-05-13T12:42:49.934078027Z,2023-06-12T12:42:49.934078027Z,2023-06-02T07:31:09.064384767Z,295.33,docker_used_memory_mb,fastqc_after_clipping (DA28_L1) (592),fastqc_after_clipping (DA28_L1) (592),2264820,592
,,0,2023-05-13T12:42:49.934078027Z,2023-06-12T12:42:49.934078027Z,2023-06-02T07:31:11.065030044Z,295.43,docker_used_memory_mb,fastqc_after_clipping (DA28_L1) (592),fastqc_after_clipping (DA28_L1) (592),2264820,592
,,0,2023-05-13T12:42:49.934078027Z,2023-06-12T12:42:49.934078027Z,2023-06-02T07:31:13.0650093Z,295.36,docker_used_memory_mb,fastqc_after_clipping (DA28_L1) (592),fastqc_after_clipping (DA28_L1) (592),2264820,592
,,0,2023-05-13T12:42:49.934078027Z,2023-06-12T12:42:49.934078027Z,2023-06-02T07:31:15.064548622Z,295.41,docker_used_memory_mb,fastqc_after_clipping (DA28_L1) (592),fastqc_after_clipping (DA28_L1) (592),2264820,592
,,0,2023-05-13T12:42:49.934078027Z,2023-06-12T12:42:49.934078027Z,2023-06-02T07:31:17.06525288Z,295.28,docker_used_memory_mb,fastqc_after_clipping (DA28_L1) (592),fastqc_after_clipping (DA28_L1) (592),2264820,592
,,0,2023-05-13T12:42:49.934078027Z,2023-06-12T12:42:49.934078027Z,2023-06-02T07:31:20.065215622Z,295.16,docker_used_memory_mb,fastqc_after_clipping (DA28_L1) (592),fastqc_after_clipping (DA28_L1) (592),2264820,592
,,0,2023-05-13T12:42:49.934078027Z,2023-06-12T12:42:49.934078027Z,2023-06-02T07:31:22.065821778Z,295.25,docker_used_memory_mb,fastqc_after_clipping (DA28_L1) (592),fastqc_after_clipping (DA28_L1) (592),2264820,592
,,0,2023-05-13T12:42:49.934078027Z,2023-06-12T12:42:49.934078027Z,2023-06-02T07:31:24.064623025Z,295.29,docker_used_memory_mb,fastqc_after_clipping (DA28_L1) (592),fastqc_after_clipping (DA28_L1) (592),2264820,592
,,0,2023-05-13T12:42:49.934078027Z,2023-06-12T12:42:49.934078027Z,2023-06-02T07:31:26.065047954Z,295.37,docker_used_memory_mb,fastqc_after_clipping (DA28_L1) (592),fastqc_after_clipping (DA28_L1) (592),2264820,592
,,0,2023-05-13T12:42:49.934078027Z,2023-06-12T12:42:49.934078027Z,2023-06-02T07:31:28.065036709Z,295.46,docker_used_memory_mb,fastqc_after_clipping (DA28_L1) (592),fastqc_after_clipping (DA28_L1) (592),2264820,592
,,0,2023-05-13T12:42:49.934078027Z,2023-06-12T12:42:49.934078027Z,2023-06-02T07:31:30.064475376Z,295.57,docker_used_memory_mb,fastqc_after_clipping (DA28_L1) (592),fastqc_after_clipping (DA28_L1) (592),2264820,592
,,0,2023-05-13T12:42:49.934078027Z,2023-06-12T12:42:49.934078027Z,2023-06-02T07:31:32.065237165Z,295.66,docker_used_memory_mb,fastqc_after_clipping (DA28_L1) (592),fastqc_after_clipping (DA28_L1) (592),2264820,592
,,0,2023-05-13T12:42:49.934078027Z,2023-06-12T12:42:49.934078027Z,2023-06-02T07:31:34.065007242Z,295.51,docker_used_memory_mb,fastqc_after_clipping (DA28_L1) (592),fastqc_after_clipping (DA28_L1) (592),2264820,592
,,0,2023-05-13T12:42:49.934078027Z,2023-06-12T12:42:49.934078027Z,2023-06-02T07:31:36.06511238Z,295.86,docker_used_memory_mb,fastqc_after_clipping (DA28_L1) (592),fastqc_after_clipping (DA28_L1) (592),2264820,592
,,0,2023-05-13T12:42:49.934078027Z,2023-06-12T12:42:49.934078027Z,2023-06-02T07:31:38.064622999Z,295.81,docker_used_memory_mb,fastqc_after_clipping (DA28_L1) (592),fastqc_after_clipping (DA28_L1) (592),2264820,592
,,0,2023-05-13T12:42:49.934078027Z,2023-06-12T12:42:49.934078027Z,2023-06-02T07:31:40.065371636Z,295.65,docker_used_memory_mb,fastqc_after_clipping (DA28_L1) (592),fastqc_after_clipping (DA28_L1) (592),2264820,592
,,0,2023-05-13T12:42:49.934078027Z,2023-06-12T12:42:49.934078027Z,2023-06-02T07:31:42.064990418Z,295.79,docker_used_memory_mb,fastqc_after_clipping (DA28_L1) (592),fastqc_after_clipping (DA28_L1) (592),2264820,592
,,0,2023-05-13T12:42:49.934078027Z,2023-06-12T12:42:49.934078027Z,2023-06-02T07:31:45.065076402Z,295.7,docker_used_memory_mb,fastqc_after_clipping (DA28_L1) (592),fastqc_after_clipping (DA28_L1) (592),2264820,592
,,0,2023-05-13T12:42:49.934078027Z,2023-06-12T12:42:49.934078027Z,2023-06-02T07:31:47.064696813Z,295.68,docker_used_memory_mb,fastqc_after_clipping (DA28_L1) (592),fastqc_after_clipping (DA28_L1) (592),2264820,592
,,0,2023-05-13T12:42:49.934078027Z,2023-06-12T12:42:49.934078027Z,2023-06-02T07:31:49.064391937Z,295.73,docker_used_memory_mb,fastqc_after_clipping (DA28_L1) (592),fastqc_after_clipping (DA28_L1) (592),2264820,592
,,0,2023-05-13T12:42:49.934078027Z,2023-06-12T12:42:49.934078027Z,2023-06-02T07:31:51.065091272Z,295.84,docker_used_memory_mb,fastqc_after_clipping (DA28_L1) (592),fastqc_after_clipping (DA28_L1) (592),2264820,592
,,0,2023-05-13T12:42:49.934078027Z,2023-06-12T12:42:49.934078027Z,2023-06-02T07:31:53.064819967Z,295.93,docker_used_memory_mb,fastqc_after_clipping (DA28_L1) (592),fastqc_after_clipping (DA28_L1) (592),2264820,592
,,0,2023-05-13T12:42:49.934078027Z,2023-06-12T12:42:49.934078027Z,2023-06-02T07:31:55.064556152Z,295.72,docker_used_memory_mb,fastqc_after_clipping (DA28_L1) (592),fastqc_after_clipping (DA28_L1) (592),2264820,592
,,0,2023-05-13T12:42:49.934078027Z,2023-06-12T12:42:49.934078027Z,2023-06-02T07:31:57.065199845Z,295.9,docker_used_memory_mb,fastqc_after_clipping (DA28_L1) (592),fastqc_after_clipping (DA28_L1) (592),2264820,592
,,0,2023-05-13T12:42:49.934078027Z,2023-06-12T12:42:49.934078027Z,2023-06-02T07:31:59.064891187Z,296.2,docker_used_memory_mb,fastqc_after_clipping (DA28_L1) (592),fastqc_after_clipping (DA28_L1) (592),2264820,592
,,0,2023-05-13T12:42:49.934078027Z,2023-06-12T12:42:49.934078027Z,2023-06-02T07:32:01.06457551Z,295.93,docker_used_memory_mb,fastqc_after_clipping (DA28_L1) (592),fastqc_after_clipping (DA28_L1) (592),2264820,592
,,0,2023-05-13T12:42:49.934078027Z,2023-06-12T12:42:49.934078027Z,2023-06-02T07:32:03.068976591Z,296.22,docker_used_memory_mb,fastqc_after_clipping (DA28_L1) (592),fastqc_after_clipping (DA28_L1) (592),2264820,592
,,0,2023-05-13T12:42:49.934078027Z,2023-06-12T12:42:49.934078027Z,2023-06-02T07:32:05.065165163Z,295.96,docker_used_memory_mb,fastqc_after_clipping (DA28_L1) (592),fastqc_after_clipping (DA28_L1) (592),2264820,592
,,0,2023-05-13T12:42:49.934078027Z,2023-06-12T12:42:49.934078027Z,2023-06-02T07:32:07.064920407Z,295.55,docker_used_memory_mb,fastqc_after_clipping (DA28_L1) (592),fastqc_after_clipping (DA28_L1) (592),2264820,592
,,0,2023-05-13T12:42:49.934078027Z,2023-06-12T12:42:49.934078027Z,2023-06-02T07:32:09.064509516Z,295.61,docker_used_memory_mb,fastqc_after_clipping (DA28_L1) (592),fastqc_after_clipping (DA28_L1) (592),2264820,592
,,0,2023-05-13T12:42:49.934078027Z,2023-06-12T12:42:49.934078027Z,2023-06-02T07:32:11.065284302Z,296.01,docker_used_memory_mb,fastqc_after_clipping (DA28_L1) (592),fastqc_after_clipping (DA28_L1) (592),2264820,592
,,0,2023-05-13T12:42:49.934078027Z,2023-06-12T12:42:49.934078027Z,2023-06-02T07:32:14.065828326Z,296.02,docker_used_memory_mb,fastqc_after_clipping (DA28_L1) (592),fastqc_after_clipping (DA28_L1) (592),2264820,592
,,0,2023-05-13T12:42:49.934078027Z,2023-06-12T12:42:49.934078027Z,2023-06-02T07:32:16.064493785Z,295.86,docker_used_memory_mb,fastqc_after_clipping (DA28_L1) (592),fastqc_after_clipping (DA28_L1) (592),2264820,592
,,0,2023-05-13T12:42:49.934078027Z,2023-06-12T12:42:49.934078027Z,2023-06-02T07:32:18.065096816Z,295.34,docker_used_memory_mb,fastqc_after_clipping (DA28_L1) (592),fastqc_after_clipping (DA28_L1) (592),2264820,592
,,0,2023-05-13T12:42:49.934078027Z,2023-06-12T12:42:49.934078027Z,2023-06-02T07:32:20.064867849Z,295.18,docker_used_memory_mb,fastqc_after_clipping (DA28_L1) (592),fastqc_after_clipping (DA28_L1) (592),2264820,592
,,0,2023-05-13T12:42:49.934078027Z,2023-06-12T12:42:49.934078027Z,2023-06-02T07:32:22.064596952Z,295.08,docker_used_memory_mb,fastqc_after_clipping (DA28_L1) (592),fastqc_after_clipping (DA28_L1) (592),2264820,592
,,0,2023-05-13T12:42:49.934078027Z,2023-06-12T12:42:49.934078027Z,2023-06-02T07:32:24.066364738Z,295.58,docker_used_memory_mb,fastqc_after_clipping (DA28_L1) (592),fastqc_after_clipping (DA28_L1) (592),2264820,592
,,0,2023-05-13T12:42:49.934078027Z,2023-06-12T12:42:49.934078027Z,2023-06-02T07:32:26.065153381Z,295.71,docker_used_memory_mb,fastqc_after_clipping (DA28_L1) (592),fastqc_after_clipping (DA28_L1) (592),2264820,592
,,0,2023-05-13T12:42:49.934078027Z,2023-06-12T12:42:49.934078027Z,2023-06-02T07:32:28.064881962Z,295.93,docker_used_memory_mb,fastqc_after_clipping (DA28_L1) (592),fastqc_after_clipping (DA28_L1) (592),2264820,592
,,0,2023-05-13T12:42:49.934078027Z,2023-06-12T12:42:49.934078027Z,2023-06-02T07:32:30.064670026Z,295.82,docker_used_memory_mb,fastqc_after_clipping (DA28_L1) (592),fastqc_after_clipping (DA28_L1) (592),2264820,592
,,0,2023-05-13T12:42:49.934078027Z,2023-06-12T12:42:49.934078027Z,2023-06-02T07:32:33.064145464Z,295.9,docker_used_memory_mb,fastqc_after_clipping (DA28_L1) (592),fastqc_after_clipping (DA28_L1) (592),2264820,592
,,0,2023-05-13T12:42:49.934078027Z,2023-06-12T12:42:49.934078027Z,2023-06-02T07:32:35.065173537Z,296.02,docker_used_memory_mb,fastqc_after_clipping (DA28_L1) (592),fastqc_after_clipping (DA28_L1) (592),2264820,592
,,0,2023-05-13T12:42:49.934078027Z,2023-06-12T12:42:49.934078027Z,2023-06-02T07:32:37.065269169Z,296.06,docker_used_memory_mb,fastqc_after_clipping (DA28_L1) (592),fastqc_after_clipping (DA28_L1) (592),2264820,592
,,0,2023-05-13T12:42:49.934078027Z,2023-06-12T12:42:49.934078027Z,2023-06-02T07:32:39.064831255Z,296.07,docker_used_memory_mb,fastqc_after_clipping (DA28_L1) (592),fastqc_after_clipping (DA28_L1) (592),2264820,592
,,0,2023-05-13T12:42:49.934078027Z,2023-06-12T12:42:49.934078027Z,2023-06-02T07:32:41.064452112Z,296.34,docker_used_memory_mb,fastqc_after_clipping (DA28_L1) (592),fastqc_after_clipping (DA28_L1) (592),2264820,592
,,0,2023-05-13T12:42:49.934078027Z,2023-06-12T12:42:49.934078027Z,2023-06-02T07:32:43.065269287Z,296.41,docker_used_memory_mb,fastqc_after_clipping (DA28_L1) (592),fastqc_after_clipping (DA28_L1) (592),2264820,592
,,0,2023-05-13T12:42:49.934078027Z,2023-06-12T12:42:49.934078027Z,2023-06-02T07:32:45.06505735Z,296.45,docker_used_memory_mb,fastqc_after_clipping (DA28_L1) (592),fastqc_after_clipping (DA28_L1) (592),2264820,592
,,0,2023-05-13T12:42:49.934078027Z,2023-06-12T12:42:49.934078027Z,2023-06-02T07:32:47.064653906Z,295.48,docker_used_memory_mb,fastqc_after_clipping (DA28_L1) (592),fastqc_after_clipping (DA28_L1) (592),2264820,592
,,0,2023-05-13T12:42:49.934078027Z,2023-06-12T12:42:49.934078027Z,2023-06-02T07:32:49.064417848Z,295.79,docker_used_memory_mb,fastqc_after_clipping (DA28_L1) (592),fastqc_after_clipping (DA28_L1) (592),2264820,592
,,0,2023-05-13T12:42:49.934078027Z,2023-06-12T12:42:49.934078027Z,2023-06-02T07:32:51.06518492Z,296.16,docker_used_memory_mb,fastqc_after_clipping (DA28_L1) (592),fastqc_after_clipping (DA28_L1) (592),2264820,592
,,0,2023-05-13T12:42:49.934078027Z,2023-06-12T12:42:49.934078027Z,2023-06-02T07:32:53.064842448Z,295.82,docker_used_memory_mb,fastqc_after_clipping (DA28_L1) (592),fastqc_after_clipping (DA28_L1) (592),2264820,592
,,0,2023-05-13T12:42:49.934078027Z,2023-06-12T12:42:49.934078027Z,2023-06-02T07:32:55.064586568Z,296.1,docker_used_memory_mb,fastqc_after_clipping (DA28_L1) (592),fastqc_after_clipping (DA28_L1) (592),2264820,592
,,0,2023-05-13T12:42:49.934078027Z,2023-06-12T12:42:49.934078027Z,2023-06-02T07:32:58.065315973Z,296.26,docker_used_memory_mb,fastqc_after_clipping (DA28_L1) (592),fastqc_after_clipping (DA28_L1) (592),2264820,592
,,0,2023-05-13T12:42:49.934078027Z,2023-06-12T12:42:49.934078027Z,2023-06-02T07:33:00.065033533Z,296.3,docker_used_memory_mb,fastqc_after_clipping (DA28_L1) (592),fastqc_after_clipping (DA28_L1) (592),2264820,592
,,0,2023-05-13T12:42:49.934078027Z,2023-06-12T12:42:49.934078027Z,2023-06-02T07:33:02.064652188Z,296.19,docker_used_memory_mb,fastqc_after_clipping (DA28_L1) (592),fastqc_after_clipping (DA28_L1) (592),2264820,592
,,0,2023-05-13T12:42:49.934078027Z,2023-06-12T12:42:49.934078027Z,2023-06-02T07:33:04.065272196Z,296.2,docker_used_memory_mb,fastqc_after_clipping (DA28_L1) (592),fastqc_after_clipping (DA28_L1) (592),2264820,592
,,0,2023-05-13T12:42:49.934078027Z,2023-06-12T12:42:49.934078027Z,2023-06-02T07:33:06.065213462Z,296.28,docker_used_memory_mb,fastqc_after_clipping (DA28_L1) (592),fastqc_after_clipping (DA28_L1) (592),2264820,592
,,0,2023-05-13T12:42:49.934078027Z,2023-06-12T12:42:49.934078027Z,2023-06-02T07:33:08.064845367Z,296.68,docker_used_memory_mb,fastqc_after_clipping (DA28_L1) (592),fastqc_after_clipping (DA28_L1) (592),2264820,592
,,0,2023-05-13T12:42:49.934078027Z,2023-06-12T12:42:49.934078027Z,2023-06-02T07:33:10.064662339Z,296.31,docker_used_memory_mb,fastqc_after_clipping (DA28_L1) (592),fastqc_after_clipping (DA28_L1) (592),2264820,592
,,0,2023-05-13T12:42:49.934078027Z,2023-06-12T12:42:49.934078027Z,2023-06-02T07:33:12.065222994Z,296.49,docker_used_memory_mb,fastqc_after_clipping (DA28_L1) (592),fastqc_after_clipping (DA28_L1) (592),2264820,592
,,0,2023-05-13T12:42:49.934078027Z,2023-06-12T12:42:49.934078027Z,2023-06-02T07:33:14.064921802Z,296.37,docker_used_memory_mb,fastqc_after_clipping (DA28_L1) (592),fastqc_after_clipping (DA28_L1) (592),2264820,592
,,0,2023-05-13T12:42:49.934078027Z,2023-06-12T12:42:49.934078027Z,2023-06-02T07:33:16.064626669Z,295.63,docker_used_memory_mb,fastqc_after_clipping (DA28_L1) (592),fastqc_after_clipping (DA28_L1) (592),2264820,592
,,0,2023-05-13T12:42:49.934078027Z,2023-06-12T12:42:49.934078027Z,2023-06-02T07:33:18.065305987Z,295.43,docker_used_memory_mb,fastqc_after_clipping (DA28_L1) (592),fastqc_after_clipping (DA28_L1) (592),2264820,592
,,0,2023-05-13T12:42:49.934078027Z,2023-06-12T12:42:49.934078027Z,2023-06-02T07:33:20.065141959Z,295.78,docker_used_memory_mb,fastqc_after_clipping (DA28_L1) (592),fastqc_after_clipping (DA28_L1) (592),2264820,592
,,0,2023-05-13T12:42:49.934078027Z,2023-06-12T12:42:49.934078027Z,2023-06-02T07:33:23.064713225Z,295.68,docker_used_memory_mb,fastqc_after_clipping (DA28_L1) (592),fastqc_after_clipping (DA28_L1) (592),2264820,592
,,0,2023-05-13T12:42:49.934078027Z,2023-06-12T12:42:49.934078027Z,2023-06-02T07:33:25.064500804Z,295.83,docker_used_memory_mb,fastqc_after_clipping (DA28_L1) (592),fastqc_after_clipping (DA28_L1) (592),2264820,592
,,0,2023-05-13T12:42:49.934078027Z,2023-06-12T12:42:49.934078027Z,2023-06-02T07:33:27.065050048Z,295.64,docker_used_memory_mb,fastqc_after_clipping (DA28_L1) (592),fastqc_after_clipping (DA28_L1) (592),2264820,592
,,0,2023-05-13T12:42:49.934078027Z,2023-06-12T12:42:49.934078027Z,2023-06-02T07:33:29.06459162Z,295.66,docker_used_memory_mb,fastqc_after_clipping (DA28_L1) (592),fastqc_after_clipping (DA28_L1) (592),2264820,592
,,0,2023-05-13T12:42:49.934078027Z,2023-06-12T12:42:49.934078027Z,2023-06-02T07:33:31.06441226Z,296.11,docker_used_memory_mb,fastqc_after_clipping (DA28_L1) (592),fastqc_after_clipping (DA28_L1) (592),2264820,592
,,0,2023-05-13T12:42:49.934078027Z,2023-06-12T12:42:49.934078027Z,2023-06-02T07:33:33.065198721Z,295.99,docker_used_memory_mb,fastqc_after_clipping (DA28_L1) (592),fastqc_after_clipping (DA28_L1) (592),2264820,592
,,0,2023-05-13T12:42:49.934078027Z,2023-06-12T12:42:49.934078027Z,2023-06-02T07:33:35.064858235Z,296.41,docker_used_memory_mb,fastqc_after_clipping (DA28_L1) (592),fastqc_after_clipping (DA28_L1) (592),2264820,592
,,0,2023-05-13T12:42:49.934078027Z,2023-06-12T12:42:49.934078027Z,2023-06-02T07:33:37.064552372Z,296.42,docker_used_memory_mb,fastqc_after_clipping (DA28_L1) (592),fastqc_after_clipping (DA28_L1) (592),2264820,592
,,0,2023-05-13T12:42:49.934078027Z,2023-06-12T12:42:49.934078027Z,2023-06-02T07:33:39.066051474Z,296.11,docker_used_memory_mb,fastqc_after_clipping (DA28_L1) (592),fastqc_after_clipping (DA28_L1) (592),2264820,592
,,0,2023-05-13T12:42:49.934078027Z,2023-06-12T12:42:49.934078027Z,2023-06-02T07:33:41.064642315Z,296.23,docker_used_memory_mb,fastqc_after_clipping (DA28_L1) (592),fastqc_after_clipping (DA28_L1) (592),2264820,592
,,0,2023-05-13T12:42:49.934078027Z,2023-06-12T12:42:49.934078027Z,2023-06-02T07:33:43.064294429Z,296.45,docker_used_memory_mb,fastqc_after_clipping (DA28_L1) (592),fastqc_after_clipping (DA28_L1) (592),2264820,592
,,0,2023-05-13T12:42:49.934078027Z,2023-06-12T12:42:49.934078027Z,2023-06-02T07:33:45.064915413Z,296.46,docker_used_memory_mb,fastqc_after_clipping (DA28_L1) (592),fastqc_after_clipping (DA28_L1) (592),2264820,592
,,0,2023-05-13T12:42:49.934078027Z,2023-06-12T12:42:49.934078027Z,2023-06-02T07:33:47.064849157Z,296.32,docker_used_memory_mb,fastqc_after_clipping (DA28_L1) (592),fastqc_after_clipping (DA28_L1) (592),2264820,592
,,0,2023-05-13T12:42:49.934078027Z,2023-06-12T12:42:49.934078027Z,2023-06-02T07:33:49.064395237Z,296.24,docker_used_memory_mb,fastqc_after_clipping (DA28_L1) (592),fastqc_after_clipping (DA28_L1) (592),2264820,592
,,0,2023-05-13T12:42:49.934078027Z,2023-06-12T12:42:49.934078027Z,2023-06-02T07:33:51.065195197Z,296.4,docker_used_memory_mb,fastqc_after_clipping (DA28_L1) (592),fastqc_after_clipping (DA28_L1) (592),2264820,592
,,0,2023-05-13T12:42:49.934078027Z,2023-06-12T12:42:49.934078027Z,2023-06-02T07:33:53.065025956Z,296.68,docker_used_memory_mb,fastqc_after_clipping (DA28_L1) (592),fastqc_after_clipping (DA28_L1) (592),2264820,592
,,0,2023-05-13T12:42:49.934078027Z,2023-06-12T12:42:49.934078027Z,2023-06-02T07:33:55.064690869Z,296.68,docker_used_memory_mb,fastqc_after_clipping (DA28_L1) (592),fastqc_after_clipping (DA28_L1) (592),2264820,592
,,0,2023-05-13T12:42:49.934078027Z,2023-06-12T12:42:49.934078027Z,2023-06-02T07:33:57.065371795Z,296.67,docker_used_memory_mb,fastqc_after_clipping (DA28_L1) (592),fastqc_after_clipping (DA28_L1) (592),2264820,592
,,0,2023-05-13T12:42:49.934078027Z,2023-06-12T12:42:49.934078027Z,2023-06-02T07:34:00.068676936Z,296.61,docker_used_memory_mb,fastqc_after_clipping (DA28_L1) (592),fastqc_after_clipping (DA28_L1) (592),2264820,592
,,0,2023-05-13T12:42:49.934078027Z,2023-06-12T12:42:49.934078027Z,2023-06-02T07:34:02.06425875Z,296.62,docker_used_memory_mb,fastqc_after_clipping (DA28_L1) (592),fastqc_after_clipping (DA28_L1) (592),2264820,592
,,0,2023-05-13T12:42:49.934078027Z,2023-06-12T12:42:49.934078027Z,2023-06-02T07:34:04.065089481Z,296.4,docker_used_memory_mb,fastqc_after_clipping (DA28_L1) (592),fastqc_after_clipping (DA28_L1) (592),2264820,592
,,0,2023-05-13T12:42:49.934078027Z,2023-06-12T12:42:49.934078027Z,2023-06-02T07:34:06.067248192Z,296.64,docker_used_memory_mb,fastqc_after_clipping (DA28_L1) (592),fastqc_after_clipping (DA28_L1) (592),2264820,592
,,0,2023-05-13T12:42:49.934078027Z,2023-06-12T12:42:49.934078027Z,2023-06-02T07:34:08.065003405Z,296.55,docker_used_memory_mb,fastqc_after_clipping (DA28_L1) (592),fastqc_after_clipping (DA28_L1) (592),2264820,592
,,0,2023-05-13T12:42:49.934078027Z,2023-06-12T12:42:49.934078027Z,2023-06-02T07:34:10.064607326Z,297.02,docker_used_memory_mb,fastqc_after_clipping (DA28_L1) (592),fastqc_after_clipping (DA28_L1) (592),2264820,592
,,0,2023-05-13T12:42:49.934078027Z,2023-06-12T12:42:49.934078027Z,2023-06-02T07:34:12.064346531Z,296.86,docker_used_memory_mb,fastqc_after_clipping (DA28_L1) (592),fastqc_after_clipping (DA28_L1) (592),2264820,592
,,0,2023-05-13T12:42:49.934078027Z,2023-06-12T12:42:49.934078027Z,2023-06-02T07:34:14.065138629Z,296.98,docker_used_memory_mb,fastqc_after_clipping (DA28_L1) (592),fastqc_after_clipping (DA28_L1) (592),2264820,592
,,0,2023-05-13T12:42:49.934078027Z,2023-06-12T12:42:49.934078027Z,2023-06-02T07:34:16.064625986Z,298.4,docker_used_memory_mb,fastqc_after_clipping (DA28_L1) (592),fastqc_after_clipping (DA28_L1) (592),2264820,592
,,0,2023-05-13T12:42:49.934078027Z,2023-06-12T12:42:49.934078027Z,2023-06-02T07:34:18.064386931Z,297.38,docker_used_memory_mb,fastqc_after_clipping (DA28_L1) (592),fastqc_after_clipping (DA28_L1) (592),2264820,592
,,0,2023-05-13T12:42:49.934078027Z,2023-06-12T12:42:49.934078027Z,2023-06-02T07:34:20.065175009Z,297.48,docker_used_memory_mb,fastqc_after_clipping (DA28_L1) (592),fastqc_after_clipping (DA28_L1) (592),2264820,592
,,0,2023-05-13T12:42:49.934078027Z,2023-06-12T12:42:49.934078027Z,2023-06-02T07:34:22.064856452Z,297.49,docker_used_memory_mb,fastqc_after_clipping (DA28_L1) (592),fastqc_after_clipping (DA28_L1) (592),2264820,592
,,0,2023-05-13T12:42:49.934078027Z,2023-06-12T12:42:49.934078027Z,2023-06-02T07:34:24.064637328Z,297.35,docker_used_memory_mb,fastqc_after_clipping (DA28_L1) (592),fastqc_after_clipping (DA28_L1) (592),2264820,592
,,0,2023-05-13T12:42:49.934078027Z,2023-06-12T12:42:49.934078027Z,2023-06-02T07:34:26.065120925Z,297.73,docker_used_memory_mb,fastqc_after_clipping (DA28_L1) (592),fastqc_after_clipping (DA28_L1) (592),2264820,592
,,0,2023-05-13T12:42:49.934078027Z,2023-06-12T12:42:49.934078027Z,2023-06-02T07:34:28.064904121Z,297.94,docker_used_memory_mb,fastqc_after_clipping (DA28_L1) (592),fastqc_after_clipping (DA28_L1) (592),2264820,592
,,0,2023-05-13T12:42:49.934078027Z,2023-06-12T12:42:49.934078027Z,2023-06-02T07:34:30.064620594Z,298.41,docker_used_memory_mb,fastqc_after_clipping (DA28_L1) (592),fastqc_after_clipping (DA28_L1) (592),2264820,592
,,0,2023-05-13T12:42:49.934078027Z,2023-06-12T12:42:49.934078027Z,2023-06-02T07:34:32.06472937Z,298.43,docker_used_memory_mb,fastqc_after_clipping (DA28_L1) (592),fastqc_after_clipping (DA28_L1) (592),2264820,592
,,0,2023-05-13T12:42:49.934078027Z,2023-06-12T12:42:49.934078027Z,2023-06-02T07:34:35.064458624Z,298.5,docker_used_memory_mb,fastqc_after_clipping (DA28_L1) (592),fastqc_after_clipping (DA28_L1) (592),2264820,592
,,0,2023-05-13T12:42:49.934078027Z,2023-06-12T12:42:49.934078027Z,2023-06-02T07:34:37.066672296Z,298.32,docker_used_memory_mb,fastqc_after_clipping (DA28_L1) (592),fastqc_after_clipping (DA28_L1) (592),2264820,592
,,0,2023-05-13T12:42:49.934078027Z,2023-06-12T12:42:49.934078027Z,2023-06-02T07:34:39.065379516Z,298.43,docker_used_memory_mb,fastqc_after_clipping (DA28_L1) (592),fastqc_after_clipping (DA28_L1) (592),2264820,592
,,0,2023-05-13T12:42:49.934078027Z,2023-06-12T12:42:49.934078027Z,2023-06-02T07:34:41.06798794Z,298.26,docker_used_memory_mb,fastqc_after_clipping (DA28_L1) (592),fastqc_after_clipping (DA28_L1) (592),2264820,592
,,0,2023-05-13T12:42:49.934078027Z,2023-06-12T12:42:49.934078027Z,2023-06-02T07:34:43.065810153Z,298.52,docker_used_memory_mb,fastqc_after_clipping (DA28_L1) (592),fastqc_after_clipping (DA28_L1) (592),2264820,592
,,0,2023-05-13T12:42:49.934078027Z,2023-06-12T12:42:49.934078027Z,2023-06-02T07:34:45.064795652Z,298.42,docker_used_memory_mb,fastqc_after_clipping (DA28_L1) (592),fastqc_after_clipping (DA28_L1) (592),2264820,592
,,0,2023-05-13T12:42:49.934078027Z,2023-06-12T12:42:49.934078027Z,2023-06-02T07:34:47.064442622Z,298.34,docker_used_memory_mb,fastqc_after_clipping (DA28_L1) (592),fastqc_after_clipping (DA28_L1) (592),2264820,592
,,0,2023-05-13T12:42:49.934078027Z,2023-06-12T12:42:49.934078027Z,2023-06-02T07:34:49.065202678Z,298.25,docker_used_memory_mb,fastqc_after_clipping (DA28_L1) (592),fastqc_after_clipping (DA28_L1) (592),2264820,592
,,0,2023-05-13T12:42:49.934078027Z,2023-06-12T12:42:49.934078027Z,2023-06-02T07:34:51.065092005Z,298.52,docker_used_memory_mb,fastqc_after_clipping (DA28_L1) (592),fastqc_after_clipping (DA28_L1) (592),2264820,592
,,0,2023-05-13T12:42:49.934078027Z,2023-06-12T12:42:49.934078027Z,2023-06-02T07:34:53.064647942Z,298.52,docker_used_memory_mb,fastqc_after_clipping (DA28_L1) (592),fastqc_after_clipping (DA28_L1) (592),2264820,592
,,0,2023-05-13T12:42:49.934078027Z,2023-06-12T12:42:49.934078027Z,2023-06-02T07:34:55.064371884Z,298.72,docker_used_memory_mb,fastqc_after_clipping (DA28_L1) (592),fastqc_after_clipping (DA28_L1) (592),2264820,592
,,0,2023-05-13T12:42:49.934078027Z,2023-06-12T12:42:49.934078027Z,2023-06-02T07:34:57.065127979Z,298.75,docker_used_memory_mb,fastqc_after_clipping (DA28_L1) (592),fastqc_after_clipping (DA28_L1) (592),2264820,592
,,0,2023-05-13T12:42:49.934078027Z,2023-06-12T12:42:49.934078027Z,2023-06-02T07:34:59.065163661Z,298.85,docker_used_memory_mb,fastqc_after_clipping (DA28_L1) (592),fastqc_after_clipping (DA28_L1) (592),2264820,592
,,0,2023-05-13T12:42:49.934078027Z,2023-06-12T12:42:49.934078027Z,2023-06-02T07:35:01.064902532Z,299.02,docker_used_memory_mb,fastqc_after_clipping (DA28_L1) (592),fastqc_after_clipping (DA28_L1) (592),2264820,592
,,0,2023-05-13T12:42:49.934078027Z,2023-06-12T12:42:49.934078027Z,2023-06-02T07:35:03.065165551Z,299.05,docker_used_memory_mb,fastqc_after_clipping (DA28_L1) (592),fastqc_after_clipping (DA28_L1) (592),2264820,592
,,0,2023-05-13T12:42:49.934078027Z,2023-06-12T12:42:49.934078027Z,2023-06-02T07:35:05.064951765Z,299.04,docker_used_memory_mb,fastqc_after_clipping (DA28_L1) (592),fastqc_after_clipping (DA28_L1) (592),2264820,592
,,0,2023-05-13T12:42:49.934078027Z,2023-06-12T12:42:49.934078027Z,2023-06-02T07:35:07.064659436Z,299.29,docker_used_memory_mb,fastqc_after_clipping (DA28_L1) (592),fastqc_after_clipping (DA28_L1) (592),2264820,592
,,0,2023-05-13T12:42:49.934078027Z,2023-06-12T12:42:49.934078027Z,2023-06-02T07:35:09.064563033Z,299.33,docker_used_memory_mb,fastqc_after_clipping (DA28_L1) (592),fastqc_after_clipping (DA28_L1) (592),2264820,592
,,0,2023-05-13T12:42:49.934078027Z,2023-06-12T12:42:49.934078027Z,2023-06-02T07:35:11.069348654Z,299.05,docker_used_memory_mb,fastqc_after_clipping (DA28_L1) (592),fastqc_after_clipping (DA28_L1) (592),2264820,592
,,0,2023-05-13T12:42:49.934078027Z,2023-06-12T12:42:49.934078027Z,2023-06-02T07:35:13.065309186Z,299.13,docker_used_memory_mb,fastqc_after_clipping (DA28_L1) (592),fastqc_after_clipping (DA28_L1) (592),2264820,592
,,0,2023-05-13T12:42:49.934078027Z,2023-06-12T12:42:49.934078027Z,2023-06-02T07:35:15.064968555Z,299.08,docker_used_memory_mb,fastqc_after_clipping (DA28_L1) (592),fastqc_after_clipping (DA28_L1) (592),2264820,592
,,0,2023-05-13T12:42:49.934078027Z,2023-06-12T12:42:49.934078027Z,2023-06-02T07:35:18.064753437Z,298.99,docker_used_memory_mb,fastqc_after_clipping (DA28_L1) (592),fastqc_after_clipping (DA28_L1) (592),2264820,592
,,0,2023-05-13T12:42:49.934078027Z,2023-06-12T12:42:49.934078027Z,2023-06-02T07:35:20.065387167Z,298.9,docker_used_memory_mb,fastqc_after_clipping (DA28_L1) (592),fastqc_after_clipping (DA28_L1) (592),2264820,592
,,0,2023-05-13T12:42:49.934078027Z,2023-06-12T12:42:49.934078027Z,2023-06-02T07:35:22.065375275Z,298.92,docker_used_memory_mb,fastqc_after_clipping (DA28_L1) (592),fastqc_after_clipping (DA28_L1) (592),2264820,592
,,0,2023-05-13T12:42:49.934078027Z,2023-06-12T12:42:49.934078027Z,2023-06-02T07:35:24.064946961Z,298.95,docker_used_memory_mb,fastqc_after_clipping (DA28_L1) (592),fastqc_after_clipping (DA28_L1) (592),2264820,592
,,0,2023-05-13T12:42:49.934078027Z,2023-06-12T12:42:49.934078027Z,2023-06-02T07:35:26.065281401Z,299.54,docker_used_memory_mb,fastqc_after_clipping (DA28_L1) (592),fastqc_after_clipping (DA28_L1) (592),2264820,592
,,0,2023-05-13T12:42:49.934078027Z,2023-06-12T12:42:49.934078027Z,2023-06-02T07:35:28.065137816Z,299.57,docker_used_memory_mb,fastqc_after_clipping (DA28_L1) (592),fastqc_after_clipping (DA28_L1) (592),2264820,592
,,0,2023-05-13T12:42:49.934078027Z,2023-06-12T12:42:49.934078027Z,2023-06-02T07:35:30.064841675Z,299.74,docker_used_memory_mb,fastqc_after_clipping (DA28_L1) (592),fastqc_after_clipping (DA28_L1) (592),2264820,592
,,0,2023-05-13T12:42:49.934078027Z,2023-06-12T12:42:49.934078027Z,2023-06-02T07:35:32.064569276Z,299.78,docker_used_memory_mb,fastqc_after_clipping (DA28_L1) (592),fastqc_after_clipping (DA28_L1) (592),2264820,592
,,0,2023-05-13T12:42:49.934078027Z,2023-06-12T12:42:49.934078027Z,2023-06-02T07:35:34.065176423Z,299.55,docker_used_memory_mb,fastqc_after_clipping (DA28_L1) (592),fastqc_after_clipping (DA28_L1) (592),2264820,592
,,0,2023-05-13T12:42:49.934078027Z,2023-06-12T12:42:49.934078027Z,2023-06-02T07:35:36.065198073Z,299.55,docker_used_memory_mb,fastqc_after_clipping (DA28_L1) (592),fastqc_after_clipping (DA28_L1) (592),2264820,592
,,0,2023-05-13T12:42:49.934078027Z,2023-06-12T12:42:49.934078027Z,2023-06-02T07:35:38.065013115Z,299.69,docker_used_memory_mb,fastqc_after_clipping (DA28_L1) (592),fastqc_after_clipping (DA28_L1) (592),2264820,592
,,0,2023-05-13T12:42:49.934078027Z,2023-06-12T12:42:49.934078027Z,2023-06-02T07:35:40.065259851Z,299.72,docker_used_memory_mb,fastqc_after_clipping (DA28_L1) (592),fastqc_after_clipping (DA28_L1) (592),2264820,592
,,0,2023-05-13T12:42:49.934078027Z,2023-06-12T12:42:49.934078027Z,2023-06-02T07:35:42.065210778Z,299.74,docker_used_memory_mb,fastqc_after_clipping (DA28_L1) (592),fastqc_after_clipping (DA28_L1) (592),2264820,592
,,0,2023-05-13T12:42:49.934078027Z,2023-06-12T12:42:49.934078027Z,2023-06-02T07:35:44.06502034Z,299.68,docker_used_memory_mb,fastqc_after_clipping (DA28_L1) (592),fastqc_after_clipping (DA28_L1) (592),2264820,592
,,0,2023-05-13T12:42:49.934078027Z,2023-06-12T12:42:49.934078027Z,2023-06-02T07:35:46.064674787Z,299.98,docker_used_memory_mb,fastqc_after_clipping (DA28_L1) (592),fastqc_after_clipping (DA28_L1) (592),2264820,592
,,0,2023-05-13T12:42:49.934078027Z,2023-06-12T12:42:49.934078027Z,2023-06-02T07:35:48.067032119Z,299.82,docker_used_memory_mb,fastqc_after_clipping (DA28_L1) (592),fastqc_after_clipping (DA28_L1) (592),2264820,592
,,0,2023-05-13T12:42:49.934078027Z,2023-06-12T12:42:49.934078027Z,2023-06-02T07:35:50.064813767Z,299.89,docker_used_memory_mb,fastqc_after_clipping (DA28_L1) (592),fastqc_after_clipping (DA28_L1) (592),2264820,592
,,0,2023-05-13T12:42:49.934078027Z,2023-06-12T12:42:49.934078027Z,2023-06-02T07:35:52.064422993Z,299.84,docker_used_memory_mb,fastqc_after_clipping (DA28_L1) (592),fastqc_after_clipping (DA28_L1) (592),2264820,592
,,0,2023-05-13T12:42:49.934078027Z,2023-06-12T12:42:49.934078027Z,2023-06-02T07:35:54.065277828Z,300.15,docker_used_memory_mb,fastqc_after_clipping (DA28_L1) (592),fastqc_after_clipping (DA28_L1) (592),2264820,592
,,0,2023-05-13T12:42:49.934078027Z,2023-06-12T12:42:49.934078027Z,2023-06-02T07:35:57.065108449Z,300.08,docker_used_memory_mb,fastqc_after_clipping (DA28_L1) (592),fastqc_after_clipping (DA28_L1) (592),2264820,592
,,0,2023-05-13T12:42:49.934078027Z,2023-06-12T12:42:49.934078027Z,2023-06-02T07:35:59.06493645Z,299.87,docker_used_memory_mb,fastqc_after_clipping (DA28_L1) (592),fastqc_after_clipping (DA28_L1) (592),2264820,592
,,0,2023-05-13T12:42:49.934078027Z,2023-06-12T12:42:49.934078027Z,2023-06-02T07:36:01.065027431Z,299.98,docker_used_memory_mb,fastqc_after_clipping (DA28_L1) (592),fastqc_after_clipping (DA28_L1) (592),2264820,592
,,0,2023-05-13T12:42:49.934078027Z,2023-06-12T12:42:49.934078027Z,2023-06-02T07:36:03.069052805Z,299.97,docker_used_memory_mb,fastqc_after_clipping (DA28_L1) (592),fastqc_after_clipping (DA28_L1) (592),2264820,592
,,0,2023-05-13T12:42:49.934078027Z,2023-06-12T12:42:49.934078027Z,2023-06-02T07:36:05.06709636Z,299.91,docker_used_memory_mb,fastqc_after_clipping (DA28_L1) (592),fastqc_after_clipping (DA28_L1) (592),2264820,592
,,0,2023-05-13T12:42:49.934078027Z,2023-06-12T12:42:49.934078027Z,2023-06-02T07:36:07.065243099Z,299.93,docker_used_memory_mb,fastqc_after_clipping (DA28_L1) (592),fastqc_after_clipping (DA28_L1) (592),2264820,592
,,0,2023-05-13T12:42:49.934078027Z,2023-06-12T12:42:49.934078027Z,2023-06-02T07:36:09.066424563Z,299.86,docker_used_memory_mb,fastqc_after_clipping (DA28_L1) (592),fastqc_after_clipping (DA28_L1) (592),2264820,592
,,0,2023-05-13T12:42:49.934078027Z,2023-06-12T12:42:49.934078027Z,2023-06-02T07:36:11.065310494Z,299.81,docker_used_memory_mb,fastqc_after_clipping (DA28_L1) (592),fastqc_after_clipping (DA28_L1) (592),2264820,592
