#datatype,string,long,dateTime:RFC3339,dateTime:RFC3339,dateTime:RFC3339,string,string,string,string,string,string,string
#group,false,false,true,true,false,false,false,false,false,false,false,false
#default,_result,,,,,,,,,,,
,result,table,_start,_stop,_time,_value,_field,_measurement,name,path,pid,tid
,,0,2023-05-24T12:09:14.793899114Z,2023-05-31T12:09:14.793899114Z,2023-05-30T00:46:36.369272551Z,CREATE,file_event,NFCORE_SAREK:SAREK:BAM_VARIANT_CALLING_TUMOR_ONLY_ALL:BAM_VARIANT_CALLING_SINGLE_STRELKA:STRELKA_SINGLE (SRR11452485) (5740),NFCORE_SAREK:SAREK:BAM_VARIANT_CALLING_TUMOR_ONLY_ALL:BAM_VARIANT_CALLING_SINGLE_STRELKA:STRELKA_SINGLE (SRR11452485) (5740),/home/nilsd/nextflow/build/work/e8/40ade23a6e36d5829119fc88a73536/.command.trace,3716443,5740
,,0,2023-05-24T12:09:14.793899114Z,2023-05-31T12:09:14.793899114Z,2023-05-30T00:46:36.500775277Z,CREATE,file_event,NFCORE_SAREK:SAREK:BAM_VARIANT_CALLING_TUMOR_ONLY_ALL:BAM_VARIANT_CALLING_SINGLE_STRELKA:STRELKA_SINGLE (SRR11452485) (5740),NFCORE_SAREK:SAREK:BAM_VARIANT_CALLING_TUMOR_ONLY_ALL:BAM_VARIANT_CALLING_SINGLE_STRELKA:STRELKA_SINGLE (SRR11452485) (5740),/home/nilsd/nextflow/build/work/e8/40ade23a6e36d5829119fc88a73536/strelka,3716443,5740
,,0,2023-05-24T12:09:14.793899114Z,2023-05-31T12:09:14.793899114Z,2023-05-30T00:46:36.50463339Z,CREATE,file_event,NFCORE_SAREK:SAREK:BAM_VARIANT_CALLING_TUMOR_ONLY_ALL:BAM_VARIANT_CALLING_SINGLE_STRELKA:STRELKA_SINGLE (SRR11452485) (5740),NFCORE_SAREK:SAREK:BAM_VARIANT_CALLING_TUMOR_ONLY_ALL:BAM_VARIANT_CALLING_SINGLE_STRELKA:STRELKA_SINGLE (SRR11452485) (5740),/home/nilsd/nextflow/build/work/e8/40ade23a6e36d5829119fc88a73536/strelka/results,3716443,5740
,,0,2023-05-24T12:09:14.793899114Z,2023-05-31T12:09:14.793899114Z,2023-05-30T00:46:36.50714193Z,CREATE,file_event,NFCORE_SAREK:SAREK:BAM_VARIANT_CALLING_TUMOR_ONLY_ALL:BAM_VARIANT_CALLING_SINGLE_STRELKA:STRELKA_SINGLE (SRR11452485) (5740),NFCORE_SAREK:SAREK:BAM_VARIANT_CALLING_TUMOR_ONLY_ALL:BAM_VARIANT_CALLING_SINGLE_STRELKA:STRELKA_SINGLE (SRR11452485) (5740),/home/nilsd/nextflow/build/work/e8/40ade23a6e36d5829119fc88a73536/strelka/workspace,3716443,5740
,,0,2023-05-24T12:09:14.793899114Z,2023-05-31T12:09:14.793899114Z,2023-05-30T00:46:36.509821085Z,CREATE,file_event,NFCORE_SAREK:SAREK:BAM_VARIANT_CALLING_TUMOR_ONLY_ALL:BAM_VARIANT_CALLING_SINGLE_STRELKA:STRELKA_SINGLE (SRR11452485) (5740),NFCORE_SAREK:SAREK:BAM_VARIANT_CALLING_TUMOR_ONLY_ALL:BAM_VARIANT_CALLING_SINGLE_STRELKA:STRELKA_SINGLE (SRR11452485) (5740),/home/nilsd/nextflow/build/work/e8/40ade23a6e36d5829119fc88a73536/strelka/results/variants,3716443,5740
,,0,2023-05-24T12:09:14.793899114Z,2023-05-31T12:09:14.793899114Z,2023-05-30T00:46:36.512465149Z,CREATE,file_event,NFCORE_SAREK:SAREK:BAM_VARIANT_CALLING_TUMOR_ONLY_ALL:BAM_VARIANT_CALLING_SINGLE_STRELKA:STRELKA_SINGLE (SRR11452485) (5740),NFCORE_SAREK:SAREK:BAM_VARIANT_CALLING_TUMOR_ONLY_ALL:BAM_VARIANT_CALLING_SINGLE_STRELKA:STRELKA_SINGLE (SRR11452485) (5740),/home/nilsd/nextflow/build/work/e8/40ade23a6e36d5829119fc88a73536/strelka/results/stats,3716443,5740
,,0,2023-05-24T12:09:14.793899114Z,2023-05-31T12:09:14.793899114Z,2023-05-30T00:46:36.514927497Z,CREATE,file_event,NFCORE_SAREK:SAREK:BAM_VARIANT_CALLING_TUMOR_ONLY_ALL:BAM_VARIANT_CALLING_SINGLE_STRELKA:STRELKA_SINGLE (SRR11452485) (5740),NFCORE_SAREK:SAREK:BAM_VARIANT_CALLING_TUMOR_ONLY_ALL:BAM_VARIANT_CALLING_SINGLE_STRELKA:STRELKA_SINGLE (SRR11452485) (5740),/home/nilsd/nextflow/build/work/e8/40ade23a6e36d5829119fc88a73536/strelka/runWorkflow.py.config.pickle,3716443,5740
,,0,2023-05-24T12:09:14.793899114Z,2023-05-31T12:09:14.793899114Z,2023-05-30T00:46:36.517311363Z,CREATE,file_event,NFCORE_SAREK:SAREK:BAM_VARIANT_CALLING_TUMOR_ONLY_ALL:BAM_VARIANT_CALLING_SINGLE_STRELKA:STRELKA_SINGLE (SRR11452485) (5740),NFCORE_SAREK:SAREK:BAM_VARIANT_CALLING_TUMOR_ONLY_ALL:BAM_VARIANT_CALLING_SINGLE_STRELKA:STRELKA_SINGLE (SRR11452485) (5740),/home/nilsd/nextflow/build/work/e8/40ade23a6e36d5829119fc88a73536/strelka/runWorkflow.py,3716443,5740
,,0,2023-05-24T12:09:14.793899114Z,2023-05-31T12:09:14.793899114Z,2023-05-30T00:46:36.568248841Z,CREATE,file_event,NFCORE_SAREK:SAREK:BAM_VARIANT_CALLING_TUMOR_ONLY_ALL:BAM_VARIANT_CALLING_SINGLE_STRELKA:STRELKA_SINGLE (SRR11452485) (5740),NFCORE_SAREK:SAREK:BAM_VARIANT_CALLING_TUMOR_ONLY_ALL:BAM_VARIANT_CALLING_SINGLE_STRELKA:STRELKA_SINGLE (SRR11452485) (5740),/home/nilsd/nextflow/build/work/e8/40ade23a6e36d5829119fc88a73536/strelka/workspace/pyflow.data,3716443,5740
,,0,2023-05-24T12:09:14.793899114Z,2023-05-31T12:09:14.793899114Z,2023-05-30T00:46:36.57170664Z,CREATE,file_event,NFCORE_SAREK:SAREK:BAM_VARIANT_CALLING_TUMOR_ONLY_ALL:BAM_VARIANT_CALLING_SINGLE_STRELKA:STRELKA_SINGLE (SRR11452485) (5740),NFCORE_SAREK:SAREK:BAM_VARIANT_CALLING_TUMOR_ONLY_ALL:BAM_VARIANT_CALLING_SINGLE_STRELKA:STRELKA_SINGLE (SRR11452485) (5740),/home/nilsd/nextflow/build/work/e8/40ade23a6e36d5829119fc88a73536/strelka/workspace/pyflow.data/logs,3716443,5740
,,0,2023-05-24T12:09:14.793899114Z,2023-05-31T12:09:14.793899114Z,2023-05-30T00:46:36.574861201Z,CREATE,file_event,NFCORE_SAREK:SAREK:BAM_VARIANT_CALLING_TUMOR_ONLY_ALL:BAM_VARIANT_CALLING_SINGLE_STRELKA:STRELKA_SINGLE (SRR11452485) (5740),NFCORE_SAREK:SAREK:BAM_VARIANT_CALLING_TUMOR_ONLY_ALL:BAM_VARIANT_CALLING_SINGLE_STRELKA:STRELKA_SINGLE (SRR11452485) (5740),/home/nilsd/nextflow/build/work/e8/40ade23a6e36d5829119fc88a73536/strelka/workspace/pyflow.data/logs/pyflow_log.txt,3716443,5740
,,0,2023-05-24T12:09:14.793899114Z,2023-05-31T12:09:14.793899114Z,2023-05-30T00:46:36.577427002Z,CREATE,file_event,NFCORE_SAREK:SAREK:BAM_VARIANT_CALLING_TUMOR_ONLY_ALL:BAM_VARIANT_CALLING_SINGLE_STRELKA:STRELKA_SINGLE (SRR11452485) (5740),NFCORE_SAREK:SAREK:BAM_VARIANT_CALLING_TUMOR_ONLY_ALL:BAM_VARIANT_CALLING_SINGLE_STRELKA:STRELKA_SINGLE (SRR11452485) (5740),/home/nilsd/nextflow/build/work/e8/40ade23a6e36d5829119fc88a73536/strelka/workspace/pyflow.data/active_pyflow_process.txt,3716443,5740
,,0,2023-05-24T12:09:14.793899114Z,2023-05-31T12:09:14.793899114Z,2023-05-30T00:46:36.580026995Z,CREATE,file_event,NFCORE_SAREK:SAREK:BAM_VARIANT_CALLING_TUMOR_ONLY_ALL:BAM_VARIANT_CALLING_SINGLE_STRELKA:STRELKA_SINGLE (SRR11452485) (5740),NFCORE_SAREK:SAREK:BAM_VARIANT_CALLING_TUMOR_ONLY_ALL:BAM_VARIANT_CALLING_SINGLE_STRELKA:STRELKA_SINGLE (SRR11452485) (5740),/home/nilsd/nextflow/build/work/e8/40ade23a6e36d5829119fc88a73536/strelka/workspace/pyflow.data/state,3716443,5740
,,0,2023-05-24T12:09:14.793899114Z,2023-05-31T12:09:14.793899114Z,2023-05-30T00:46:36.582874745Z,CREATE,file_event,NFCORE_SAREK:SAREK:BAM_VARIANT_CALLING_TUMOR_ONLY_ALL:BAM_VARIANT_CALLING_SINGLE_STRELKA:STRELKA_SINGLE (SRR11452485) (5740),NFCORE_SAREK:SAREK:BAM_VARIANT_CALLING_TUMOR_ONLY_ALL:BAM_VARIANT_CALLING_SINGLE_STRELKA:STRELKA_SINGLE (SRR11452485) (5740),/home/nilsd/nextflow/build/work/e8/40ade23a6e36d5829119fc88a73536/strelka/workspace/pyflow.data/state/pyflow_tasks_info.txt,3716443,5740
,,0,2023-05-24T12:09:14.793899114Z,2023-05-31T12:09:14.793899114Z,2023-05-30T00:46:36.585461177Z,CREATE,file_event,NFCORE_SAREK:SAREK:BAM_VARIANT_CALLING_TUMOR_ONLY_ALL:BAM_VARIANT_CALLING_SINGLE_STRELKA:STRELKA_SINGLE (SRR11452485) (5740),NFCORE_SAREK:SAREK:BAM_VARIANT_CALLING_TUMOR_ONLY_ALL:BAM_VARIANT_CALLING_SINGLE_STRELKA:STRELKA_SINGLE (SRR11452485) (5740),/home/nilsd/nextflow/build/work/e8/40ade23a6e36d5829119fc88a73536/strelka/workspace/pyflow.data/logs/tmp,3716443,5740
,,0,2023-05-24T12:09:14.793899114Z,2023-05-31T12:09:14.793899114Z,2023-05-30T00:46:36.588316808Z,CREATE,file_event,NFCORE_SAREK:SAREK:BAM_VARIANT_CALLING_TUMOR_ONLY_ALL:BAM_VARIANT_CALLING_SINGLE_STRELKA:STRELKA_SINGLE (SRR11452485) (5740),NFCORE_SAREK:SAREK:BAM_VARIANT_CALLING_TUMOR_ONLY_ALL:BAM_VARIANT_CALLING_SINGLE_STRELKA:STRELKA_SINGLE (SRR11452485) (5740),/home/nilsd/nextflow/build/work/e8/40ade23a6e36d5829119fc88a73536/strelka/workspace/pyflow.data/logs/tmp/taskWrapperLogs,3716443,5740
,,0,2023-05-24T12:09:14.793899114Z,2023-05-31T12:09:14.793899114Z,2023-05-30T00:46:36.591335144Z,CREATE,file_event,NFCORE_SAREK:SAREK:BAM_VARIANT_CALLING_TUMOR_ONLY_ALL:BAM_VARIANT_CALLING_SINGLE_STRELKA:STRELKA_SINGLE (SRR11452485) (5740),NFCORE_SAREK:SAREK:BAM_VARIANT_CALLING_TUMOR_ONLY_ALL:BAM_VARIANT_CALLING_SINGLE_STRELKA:STRELKA_SINGLE (SRR11452485) (5740),/home/nilsd/nextflow/build/work/e8/40ade23a6e36d5829119fc88a73536/strelka/workspace/pyflow.data/logs/tmp/stackDumpLog,3716443,5740
,,0,2023-05-24T12:09:14.793899114Z,2023-05-31T12:09:14.793899114Z,2023-05-30T00:46:36.59405676Z,CREATE,file_event,NFCORE_SAREK:SAREK:BAM_VARIANT_CALLING_TUMOR_ONLY_ALL:BAM_VARIANT_CALLING_SINGLE_STRELKA:STRELKA_SINGLE (SRR11452485) (5740),NFCORE_SAREK:SAREK:BAM_VARIANT_CALLING_TUMOR_ONLY_ALL:BAM_VARIANT_CALLING_SINGLE_STRELKA:STRELKA_SINGLE (SRR11452485) (5740),/home/nilsd/nextflow/build/work/e8/40ade23a6e36d5829119fc88a73536/strelka/workspace/pyflow.data/state/pyflow_tasks_info.txt,3716443,5740
,,0,2023-05-24T12:09:14.793899114Z,2023-05-31T12:09:14.793899114Z,2023-05-30T00:46:36.596663314Z,CREATE,file_event,NFCORE_SAREK:SAREK:BAM_VARIANT_CALLING_TUMOR_ONLY_ALL:BAM_VARIANT_CALLING_SINGLE_STRELKA:STRELKA_SINGLE (SRR11452485) (5740),NFCORE_SAREK:SAREK:BAM_VARIANT_CALLING_TUMOR_ONLY_ALL:BAM_VARIANT_CALLING_SINGLE_STRELKA:STRELKA_SINGLE (SRR11452485) (5740),/home/nilsd/nextflow/build/work/e8/40ade23a6e36d5829119fc88a73536/strelka/workflow.warning.log.txt,3716443,5740
,,0,2023-05-24T12:09:14.793899114Z,2023-05-31T12:09:14.793899114Z,2023-05-30T00:46:36.599139012Z,CREATE,file_event,NFCORE_SAREK:SAREK:BAM_VARIANT_CALLING_TUMOR_ONLY_ALL:BAM_VARIANT_CALLING_SINGLE_STRELKA:STRELKA_SINGLE (SRR11452485) (5740),NFCORE_SAREK:SAREK:BAM_VARIANT_CALLING_TUMOR_ONLY_ALL:BAM_VARIANT_CALLING_SINGLE_STRELKA:STRELKA_SINGLE (SRR11452485) (5740),/home/nilsd/nextflow/build/work/e8/40ade23a6e36d5829119fc88a73536/strelka/workflow.error.log.txt,3716443,5740
,,0,2023-05-24T12:09:14.793899114Z,2023-05-31T12:09:14.793899114Z,2023-05-30T00:46:36.602026614Z,CREATE,file_event,NFCORE_SAREK:SAREK:BAM_VARIANT_CALLING_TUMOR_ONLY_ALL:BAM_VARIANT_CALLING_SINGLE_STRELKA:STRELKA_SINGLE (SRR11452485) (5740),NFCORE_SAREK:SAREK:BAM_VARIANT_CALLING_TUMOR_ONLY_ALL:BAM_VARIANT_CALLING_SINGLE_STRELKA:STRELKA_SINGLE (SRR11452485) (5740),/home/nilsd/nextflow/build/work/e8/40ade23a6e36d5829119fc88a73536/strelka/workspace/pyflow.data/state/make_pyflow_task_graph.py,3716443,5740
,,0,2023-05-24T12:09:14.793899114Z,2023-05-31T12:09:14.793899114Z,2023-05-30T00:46:36.604623946Z,CREATE,file_event,NFCORE_SAREK:SAREK:BAM_VARIANT_CALLING_TUMOR_ONLY_ALL:BAM_VARIANT_CALLING_SINGLE_STRELKA:STRELKA_SINGLE (SRR11452485) (5740),NFCORE_SAREK:SAREK:BAM_VARIANT_CALLING_TUMOR_ONLY_ALL:BAM_VARIANT_CALLING_SINGLE_STRELKA:STRELKA_SINGLE (SRR11452485) (5740),/home/nilsd/nextflow/build/work/e8/40ade23a6e36d5829119fc88a73536/strelka/workspace/pyflow.data/state/backup,3716443,5740
,,0,2023-05-24T12:09:14.793899114Z,2023-05-31T12:09:14.793899114Z,2023-05-30T00:46:36.607660263Z,CREATE,file_event,NFCORE_SAREK:SAREK:BAM_VARIANT_CALLING_TUMOR_ONLY_ALL:BAM_VARIANT_CALLING_SINGLE_STRELKA:STRELKA_SINGLE (SRR11452485) (5740),NFCORE_SAREK:SAREK:BAM_VARIANT_CALLING_TUMOR_ONLY_ALL:BAM_VARIANT_CALLING_SINGLE_STRELKA:STRELKA_SINGLE (SRR11452485) (5740),/home/nilsd/nextflow/build/work/e8/40ade23a6e36d5829119fc88a73536/strelka/workspace/pyflow.data/state/backup/pyflow_tasks_info.txt.backup_before_starting_run_89_1.txt,3716443,5740
,,0,2023-05-24T12:09:14.793899114Z,2023-05-31T12:09:14.793899114Z,2023-05-30T00:46:36.610331827Z,CREATE,file_event,NFCORE_SAREK:SAREK:BAM_VARIANT_CALLING_TUMOR_ONLY_ALL:BAM_VARIANT_CALLING_SINGLE_STRELKA:STRELKA_SINGLE (SRR11452485) (5740),NFCORE_SAREK:SAREK:BAM_VARIANT_CALLING_TUMOR_ONLY_ALL:BAM_VARIANT_CALLING_SINGLE_STRELKA:STRELKA_SINGLE (SRR11452485) (5740),/home/nilsd/nextflow/build/work/e8/40ade23a6e36d5829119fc88a73536/strelka/workspace/pyflow.data/state/backup/pyflow_tasks_info.txt.backup_before_starting_run_89_1.txt,3716443,5740
,,0,2023-05-24T12:09:14.793899114Z,2023-05-31T12:09:14.793899114Z,2023-05-30T00:46:36.612719193Z,CREATE,file_event,NFCORE_SAREK:SAREK:BAM_VARIANT_CALLING_TUMOR_ONLY_ALL:BAM_VARIANT_CALLING_SINGLE_STRELKA:STRELKA_SINGLE (SRR11452485) (5740),NFCORE_SAREK:SAREK:BAM_VARIANT_CALLING_TUMOR_ONLY_ALL:BAM_VARIANT_CALLING_SINGLE_STRELKA:STRELKA_SINGLE (SRR11452485) (5740),/home/nilsd/nextflow/build/work/e8/40ade23a6e36d5829119fc88a73536/strelka/workspace/pyflow.data/logs/tmp/taskWrapperLogs/000,3716443,5740
,,0,2023-05-24T12:09:14.793899114Z,2023-05-31T12:09:14.793899114Z,2023-05-30T00:46:36.615576354Z,CREATE,file_event,NFCORE_SAREK:SAREK:BAM_VARIANT_CALLING_TUMOR_ONLY_ALL:BAM_VARIANT_CALLING_SINGLE_STRELKA:STRELKA_SINGLE (SRR11452485) (5740),NFCORE_SAREK:SAREK:BAM_VARIANT_CALLING_TUMOR_ONLY_ALL:BAM_VARIANT_CALLING_SINGLE_STRELKA:STRELKA_SINGLE (SRR11452485) (5740),/home/nilsd/nextflow/build/work/e8/40ade23a6e36d5829119fc88a73536/strelka/workspace/pyflow.data/logs/tmp/taskWrapperLogs/000/001,3716443,5740
,,0,2023-05-24T12:09:14.793899114Z,2023-05-31T12:09:14.793899114Z,2023-05-30T00:46:36.618081754Z,CREATE,file_event,NFCORE_SAREK:SAREK:BAM_VARIANT_CALLING_TUMOR_ONLY_ALL:BAM_VARIANT_CALLING_SINGLE_STRELKA:STRELKA_SINGLE (SRR11452485) (5740),NFCORE_SAREK:SAREK:BAM_VARIANT_CALLING_TUMOR_ONLY_ALL:BAM_VARIANT_CALLING_SINGLE_STRELKA:STRELKA_SINGLE (SRR11452485) (5740),/home/nilsd/nextflow/build/work/e8/40ade23a6e36d5829119fc88a73536/strelka/workspace/pyflow.data/logs/tmp/taskWrapperLogs/000/001/taskWrapperParameters.pickle,3716443,5740
,,0,2023-05-24T12:09:14.793899114Z,2023-05-31T12:09:14.793899114Z,2023-05-30T00:46:36.62047987Z,CREATE,file_event,NFCORE_SAREK:SAREK:BAM_VARIANT_CALLING_TUMOR_ONLY_ALL:BAM_VARIANT_CALLING_SINGLE_STRELKA:STRELKA_SINGLE (SRR11452485) (5740),NFCORE_SAREK:SAREK:BAM_VARIANT_CALLING_TUMOR_ONLY_ALL:BAM_VARIANT_CALLING_SINGLE_STRELKA:STRELKA_SINGLE (SRR11452485) (5740),/home/nilsd/nextflow/build/work/e8/40ade23a6e36d5829119fc88a73536/strelka/workspace/pyflow.data/logs/tmp/taskWrapperLogs/000/001/pyflowTaskWrapper.signal.txt,3716443,5740
,,0,2023-05-24T12:09:14.793899114Z,2023-05-31T12:09:14.793899114Z,2023-05-30T00:46:36.627378029Z,CREATE,file_event,NFCORE_SAREK:SAREK:BAM_VARIANT_CALLING_TUMOR_ONLY_ALL:BAM_VARIANT_CALLING_SINGLE_STRELKA:STRELKA_SINGLE (SRR11452485) (5740),NFCORE_SAREK:SAREK:BAM_VARIANT_CALLING_TUMOR_ONLY_ALL:BAM_VARIANT_CALLING_SINGLE_STRELKA:STRELKA_SINGLE (SRR11452485) (5740),/home/nilsd/nextflow/build/work/e8/40ade23a6e36d5829119fc88a73536/strelka/workspace/pyflow.data/logs/pyflow_tasks_stdout_log.txt,3716443,5740
,,0,2023-05-24T12:09:14.793899114Z,2023-05-31T12:09:14.793899114Z,2023-05-30T00:46:36.630088795Z,CREATE,file_event,NFCORE_SAREK:SAREK:BAM_VARIANT_CALLING_TUMOR_ONLY_ALL:BAM_VARIANT_CALLING_SINGLE_STRELKA:STRELKA_SINGLE (SRR11452485) (5740),NFCORE_SAREK:SAREK:BAM_VARIANT_CALLING_TUMOR_ONLY_ALL:BAM_VARIANT_CALLING_SINGLE_STRELKA:STRELKA_SINGLE (SRR11452485) (5740),/home/nilsd/nextflow/build/work/e8/40ade23a6e36d5829119fc88a73536/strelka/workspace/pyflow.data/logs/pyflow_tasks_stderr_log.txt,3716443,5740
,,0,2023-05-24T12:09:14.793899114Z,2023-05-31T12:09:14.793899114Z,2023-05-30T00:46:36.641765766Z,CREATE,file_event,NFCORE_SAREK:SAREK:BAM_VARIANT_CALLING_TUMOR_ONLY_ALL:BAM_VARIANT_CALLING_SINGLE_STRELKA:STRELKA_SINGLE (SRR11452485) (5740),NFCORE_SAREK:SAREK:BAM_VARIANT_CALLING_TUMOR_ONLY_ALL:BAM_VARIANT_CALLING_SINGLE_STRELKA:STRELKA_SINGLE (SRR11452485) (5740),/home/nilsd/nextflow/build/work/e8/40ade23a6e36d5829119fc88a73536/strelka/workspace/genomeSegment.tmpdir,3716443,5740
,,0,2023-05-24T12:09:14.793899114Z,2023-05-31T12:09:14.793899114Z,2023-05-30T00:46:36.674484515Z,CREATE,file_event,NFCORE_SAREK:SAREK:BAM_VARIANT_CALLING_TUMOR_ONLY_ALL:BAM_VARIANT_CALLING_SINGLE_STRELKA:STRELKA_SINGLE (SRR11452485) (5740),NFCORE_SAREK:SAREK:BAM_VARIANT_CALLING_TUMOR_ONLY_ALL:BAM_VARIANT_CALLING_SINGLE_STRELKA:STRELKA_SINGLE (SRR11452485) (5740),/home/nilsd/nextflow/build/work/e8/40ade23a6e36d5829119fc88a73536/strelka/workspace/pyflow.data/logs/tmp/taskWrapperLogs/000/002,3716443,5740
,,0,2023-05-24T12:09:14.793899114Z,2023-05-31T12:09:14.793899114Z,2023-05-30T00:46:36.677447239Z,CREATE,file_event,NFCORE_SAREK:SAREK:BAM_VARIANT_CALLING_TUMOR_ONLY_ALL:BAM_VARIANT_CALLING_SINGLE_STRELKA:STRELKA_SINGLE (SRR11452485) (5740),NFCORE_SAREK:SAREK:BAM_VARIANT_CALLING_TUMOR_ONLY_ALL:BAM_VARIANT_CALLING_SINGLE_STRELKA:STRELKA_SINGLE (SRR11452485) (5740),/home/nilsd/nextflow/build/work/e8/40ade23a6e36d5829119fc88a73536/strelka/workspace/pyflow.data/logs/tmp/taskWrapperLogs/000/002/taskWrapperParameters.pickle,3716443,5740
,,0,2023-05-24T12:09:14.793899114Z,2023-05-31T12:09:14.793899114Z,2023-05-30T00:46:36.679975459Z,CREATE,file_event,NFCORE_SAREK:SAREK:BAM_VARIANT_CALLING_TUMOR_ONLY_ALL:BAM_VARIANT_CALLING_SINGLE_STRELKA:STRELKA_SINGLE (SRR11452485) (5740),NFCORE_SAREK:SAREK:BAM_VARIANT_CALLING_TUMOR_ONLY_ALL:BAM_VARIANT_CALLING_SINGLE_STRELKA:STRELKA_SINGLE (SRR11452485) (5740),/home/nilsd/nextflow/build/work/e8/40ade23a6e36d5829119fc88a73536/strelka/workspace/pyflow.data/logs/tmp/taskWrapperLogs/000/002/pyflowTaskWrapper.signal.txt,3716443,5740
,,0,2023-05-24T12:09:14.793899114Z,2023-05-31T12:09:14.793899114Z,2023-05-30T00:46:36.715531009Z,CREATE,file_event,NFCORE_SAREK:SAREK:BAM_VARIANT_CALLING_TUMOR_ONLY_ALL:BAM_VARIANT_CALLING_SINGLE_STRELKA:STRELKA_SINGLE (SRR11452485) (5740),NFCORE_SAREK:SAREK:BAM_VARIANT_CALLING_TUMOR_ONLY_ALL:BAM_VARIANT_CALLING_SINGLE_STRELKA:STRELKA_SINGLE (SRR11452485) (5740),/home/nilsd/nextflow/build/work/e8/40ade23a6e36d5829119fc88a73536/strelka/workspace/genomeSegment.tmpdir/runStats.chromId_075_GL000223_1_0000.xml,3716443,5740
,,0,2023-05-24T12:09:14.793899114Z,2023-05-31T12:09:14.793899114Z,2023-05-30T00:46:36.750917773Z,CREATE,file_event,NFCORE_SAREK:SAREK:BAM_VARIANT_CALLING_TUMOR_ONLY_ALL:BAM_VARIANT_CALLING_SINGLE_STRELKA:STRELKA_SINGLE (SRR11452485) (5740),NFCORE_SAREK:SAREK:BAM_VARIANT_CALLING_TUMOR_ONLY_ALL:BAM_VARIANT_CALLING_SINGLE_STRELKA:STRELKA_SINGLE (SRR11452485) (5740),/home/nilsd/nextflow/build/work/e8/40ade23a6e36d5829119fc88a73536/strelka/workspace/genomeSegment.tmpdir/segment.chromId_075_GL000223_1_0000.variants.vcf,3716443,5740
,,0,2023-05-24T12:09:14.793899114Z,2023-05-31T12:09:14.793899114Z,2023-05-30T00:46:36.754153286Z,CREATE,file_event,NFCORE_SAREK:SAREK:BAM_VARIANT_CALLING_TUMOR_ONLY_ALL:BAM_VARIANT_CALLING_SINGLE_STRELKA:STRELKA_SINGLE (SRR11452485) (5740),NFCORE_SAREK:SAREK:BAM_VARIANT_CALLING_TUMOR_ONLY_ALL:BAM_VARIANT_CALLING_SINGLE_STRELKA:STRELKA_SINGLE (SRR11452485) (5740),/home/nilsd/nextflow/build/work/e8/40ade23a6e36d5829119fc88a73536/strelka/workspace/genomeSegment.tmpdir/segment.chromId_075_GL000223_1_0000.genome.S1.vcf,3716443,5740
,,0,2023-05-24T12:09:14.793899114Z,2023-05-31T12:09:14.793899114Z,2023-05-30T00:46:36.840305012Z,CREATE,file_event,NFCORE_SAREK:SAREK:BAM_VARIANT_CALLING_TUMOR_ONLY_ALL:BAM_VARIANT_CALLING_SINGLE_STRELKA:STRELKA_SINGLE (SRR11452485) (5740),NFCORE_SAREK:SAREK:BAM_VARIANT_CALLING_TUMOR_ONLY_ALL:BAM_VARIANT_CALLING_SINGLE_STRELKA:STRELKA_SINGLE (SRR11452485) (5740),/home/nilsd/nextflow/build/work/e8/40ade23a6e36d5829119fc88a73536/strelka/workspace/pyflow.data/logs/tmp/taskWrapperLogs/000/004,3716443,5740
,,0,2023-05-24T12:09:14.793899114Z,2023-05-31T12:09:14.793899114Z,2023-05-30T00:46:36.84370722Z,CREATE,file_event,NFCORE_SAREK:SAREK:BAM_VARIANT_CALLING_TUMOR_ONLY_ALL:BAM_VARIANT_CALLING_SINGLE_STRELKA:STRELKA_SINGLE (SRR11452485) (5740),NFCORE_SAREK:SAREK:BAM_VARIANT_CALLING_TUMOR_ONLY_ALL:BAM_VARIANT_CALLING_SINGLE_STRELKA:STRELKA_SINGLE (SRR11452485) (5740),/home/nilsd/nextflow/build/work/e8/40ade23a6e36d5829119fc88a73536/strelka/workspace/pyflow.data/logs/tmp/taskWrapperLogs/000/004/taskWrapperParameters.pickle,3716443,5740
,,0,2023-05-24T12:09:14.793899114Z,2023-05-31T12:09:14.793899114Z,2023-05-30T00:46:36.846105216Z,CREATE,file_event,NFCORE_SAREK:SAREK:BAM_VARIANT_CALLING_TUMOR_ONLY_ALL:BAM_VARIANT_CALLING_SINGLE_STRELKA:STRELKA_SINGLE (SRR11452485) (5740),NFCORE_SAREK:SAREK:BAM_VARIANT_CALLING_TUMOR_ONLY_ALL:BAM_VARIANT_CALLING_SINGLE_STRELKA:STRELKA_SINGLE (SRR11452485) (5740),/home/nilsd/nextflow/build/work/e8/40ade23a6e36d5829119fc88a73536/strelka/workspace/pyflow.data/logs/tmp/taskWrapperLogs/000/004/taskWrapperParameters.pickle,3716443,5740
,,0,2023-05-24T12:09:14.793899114Z,2023-05-31T12:09:14.793899114Z,2023-05-30T00:46:36.847941805Z,CREATE,file_event,NFCORE_SAREK:SAREK:BAM_VARIANT_CALLING_TUMOR_ONLY_ALL:BAM_VARIANT_CALLING_SINGLE_STRELKA:STRELKA_SINGLE (SRR11452485) (5740),NFCORE_SAREK:SAREK:BAM_VARIANT_CALLING_TUMOR_ONLY_ALL:BAM_VARIANT_CALLING_SINGLE_STRELKA:STRELKA_SINGLE (SRR11452485) (5740),/home/nilsd/nextflow/build/work/e8/40ade23a6e36d5829119fc88a73536/strelka/workspace/pyflow.data/logs/tmp/taskWrapperLogs/000/003,3716443,5740
,,0,2023-05-24T12:09:14.793899114Z,2023-05-31T12:09:14.793899114Z,2023-05-30T00:46:36.850268058Z,CREATE,file_event,NFCORE_SAREK:SAREK:BAM_VARIANT_CALLING_TUMOR_ONLY_ALL:BAM_VARIANT_CALLING_SINGLE_STRELKA:STRELKA_SINGLE (SRR11452485) (5740),NFCORE_SAREK:SAREK:BAM_VARIANT_CALLING_TUMOR_ONLY_ALL:BAM_VARIANT_CALLING_SINGLE_STRELKA:STRELKA_SINGLE (SRR11452485) (5740),/home/nilsd/nextflow/build/work/e8/40ade23a6e36d5829119fc88a73536/strelka/workspace/pyflow.data/logs/tmp/taskWrapperLogs/000/003/taskWrapperParameters.pickle,3716443,5740
,,0,2023-05-24T12:09:14.793899114Z,2023-05-31T12:09:14.793899114Z,2023-05-30T00:46:36.852555941Z,CREATE,file_event,NFCORE_SAREK:SAREK:BAM_VARIANT_CALLING_TUMOR_ONLY_ALL:BAM_VARIANT_CALLING_SINGLE_STRELKA:STRELKA_SINGLE (SRR11452485) (5740),NFCORE_SAREK:SAREK:BAM_VARIANT_CALLING_TUMOR_ONLY_ALL:BAM_VARIANT_CALLING_SINGLE_STRELKA:STRELKA_SINGLE (SRR11452485) (5740),/home/nilsd/nextflow/build/work/e8/40ade23a6e36d5829119fc88a73536/strelka/workspace/pyflow.data/logs/tmp/taskWrapperLogs/000/003/pyflowTaskWrapper.signal.txt,3716443,5740
,,0,2023-05-24T12:09:14.793899114Z,2023-05-31T12:09:14.793899114Z,2023-05-30T00:46:36.854907176Z,CREATE,file_event,NFCORE_SAREK:SAREK:BAM_VARIANT_CALLING_TUMOR_ONLY_ALL:BAM_VARIANT_CALLING_SINGLE_STRELKA:STRELKA_SINGLE (SRR11452485) (5740),NFCORE_SAREK:SAREK:BAM_VARIANT_CALLING_TUMOR_ONLY_ALL:BAM_VARIANT_CALLING_SINGLE_STRELKA:STRELKA_SINGLE (SRR11452485) (5740),/home/nilsd/nextflow/build/work/e8/40ade23a6e36d5829119fc88a73536/strelka/workspace/pyflow.data/logs/tmp/taskWrapperLogs/000/004/pyflowTaskWrapper.signal.txt,3716443,5740
,,0,2023-05-24T12:09:14.793899114Z,2023-05-31T12:09:14.793899114Z,2023-05-30T00:46:36.857290461Z,CREATE,file_event,NFCORE_SAREK:SAREK:BAM_VARIANT_CALLING_TUMOR_ONLY_ALL:BAM_VARIANT_CALLING_SINGLE_STRELKA:STRELKA_SINGLE (SRR11452485) (5740),NFCORE_SAREK:SAREK:BAM_VARIANT_CALLING_TUMOR_ONLY_ALL:BAM_VARIANT_CALLING_SINGLE_STRELKA:STRELKA_SINGLE (SRR11452485) (5740),/home/nilsd/nextflow/build/work/e8/40ade23a6e36d5829119fc88a73536/strelka/workspace/pyflow.data/logs/tmp/taskWrapperLogs/000/003/pyflowTaskWrapper.signal.txt,3716443,5740
,,0,2023-05-24T12:09:14.793899114Z,2023-05-31T12:09:14.793899114Z,2023-05-30T00:46:36.878108293Z,CREATE,file_event,NFCORE_SAREK:SAREK:BAM_VARIANT_CALLING_TUMOR_ONLY_ALL:BAM_VARIANT_CALLING_SINGLE_STRELKA:STRELKA_SINGLE (SRR11452485) (5740),NFCORE_SAREK:SAREK:BAM_VARIANT_CALLING_TUMOR_ONLY_ALL:BAM_VARIANT_CALLING_SINGLE_STRELKA:STRELKA_SINGLE (SRR11452485) (5740),/home/nilsd/nextflow/build/work/e8/40ade23a6e36d5829119fc88a73536/strelka/workspace/genomeSegment.tmpdir/segment.chromId_075_GL000223_1_0000.genome.S1.vcf.gz,3716443,5740
,,0,2023-05-24T12:09:14.793899114Z,2023-05-31T12:09:14.793899114Z,2023-05-30T00:46:36.881298504Z,CREATE,file_event,NFCORE_SAREK:SAREK:BAM_VARIANT_CALLING_TUMOR_ONLY_ALL:BAM_VARIANT_CALLING_SINGLE_STRELKA:STRELKA_SINGLE (SRR11452485) (5740),NFCORE_SAREK:SAREK:BAM_VARIANT_CALLING_TUMOR_ONLY_ALL:BAM_VARIANT_CALLING_SINGLE_STRELKA:STRELKA_SINGLE (SRR11452485) (5740),/home/nilsd/nextflow/build/work/e8/40ade23a6e36d5829119fc88a73536/strelka/workspace/genomeSegment.tmpdir/segment.chromId_075_GL000223_1_0000.variants.vcf.gz,3716443,5740
,,0,2023-05-24T12:09:14.793899114Z,2023-05-31T12:09:14.793899114Z,2023-05-30T00:46:36.906696901Z,CREATE,file_event,NFCORE_SAREK:SAREK:BAM_VARIANT_CALLING_TUMOR_ONLY_ALL:BAM_VARIANT_CALLING_SINGLE_STRELKA:STRELKA_SINGLE (SRR11452485) (5740),NFCORE_SAREK:SAREK:BAM_VARIANT_CALLING_TUMOR_ONLY_ALL:BAM_VARIANT_CALLING_SINGLE_STRELKA:STRELKA_SINGLE (SRR11452485) (5740),/home/nilsd/nextflow/build/work/e8/40ade23a6e36d5829119fc88a73536/strelka/workspace/pyflow.data/logs/tmp/taskWrapperLogs/000/011,3716443,5740
,,0,2023-05-24T12:09:14.793899114Z,2023-05-31T12:09:14.793899114Z,2023-05-30T00:46:36.910524302Z,CREATE,file_event,NFCORE_SAREK:SAREK:BAM_VARIANT_CALLING_TUMOR_ONLY_ALL:BAM_VARIANT_CALLING_SINGLE_STRELKA:STRELKA_SINGLE (SRR11452485) (5740),NFCORE_SAREK:SAREK:BAM_VARIANT_CALLING_TUMOR_ONLY_ALL:BAM_VARIANT_CALLING_SINGLE_STRELKA:STRELKA_SINGLE (SRR11452485) (5740),/home/nilsd/nextflow/build/work/e8/40ade23a6e36d5829119fc88a73536/strelka/workspace/pyflow.data/logs/tmp/taskWrapperLogs/000/011/taskWrapperParameters.pickle,3716443,5740
,,0,2023-05-24T12:09:14.793899114Z,2023-05-31T12:09:14.793899114Z,2023-05-30T00:46:36.913774996Z,CREATE,file_event,NFCORE_SAREK:SAREK:BAM_VARIANT_CALLING_TUMOR_ONLY_ALL:BAM_VARIANT_CALLING_SINGLE_STRELKA:STRELKA_SINGLE (SRR11452485) (5740),NFCORE_SAREK:SAREK:BAM_VARIANT_CALLING_TUMOR_ONLY_ALL:BAM_VARIANT_CALLING_SINGLE_STRELKA:STRELKA_SINGLE (SRR11452485) (5740),/home/nilsd/nextflow/build/work/e8/40ade23a6e36d5829119fc88a73536/strelka/workspace/pyflow.data/logs/tmp/taskWrapperLogs/000/006,3716443,5740
,,0,2023-05-24T12:09:14.793899114Z,2023-05-31T12:09:14.793899114Z,2023-05-30T00:46:36.91641947Z,CREATE,file_event,NFCORE_SAREK:SAREK:BAM_VARIANT_CALLING_TUMOR_ONLY_ALL:BAM_VARIANT_CALLING_SINGLE_STRELKA:STRELKA_SINGLE (SRR11452485) (5740),NFCORE_SAREK:SAREK:BAM_VARIANT_CALLING_TUMOR_ONLY_ALL:BAM_VARIANT_CALLING_SINGLE_STRELKA:STRELKA_SINGLE (SRR11452485) (5740),/home/nilsd/nextflow/build/work/e8/40ade23a6e36d5829119fc88a73536/strelka/workspace/pyflow.data/logs/tmp/taskWrapperLogs/000/006/taskWrapperParameters.pickle,3716443,5740
,,0,2023-05-24T12:09:14.793899114Z,2023-05-31T12:09:14.793899114Z,2023-05-30T00:46:36.91896316Z,CREATE,file_event,NFCORE_SAREK:SAREK:BAM_VARIANT_CALLING_TUMOR_ONLY_ALL:BAM_VARIANT_CALLING_SINGLE_STRELKA:STRELKA_SINGLE (SRR11452485) (5740),NFCORE_SAREK:SAREK:BAM_VARIANT_CALLING_TUMOR_ONLY_ALL:BAM_VARIANT_CALLING_SINGLE_STRELKA:STRELKA_SINGLE (SRR11452485) (5740),/home/nilsd/nextflow/build/work/e8/40ade23a6e36d5829119fc88a73536/strelka/workspace/pyflow.data/logs/tmp/taskWrapperLogs/000/008,3716443,5740
,,0,2023-05-24T12:09:14.793899114Z,2023-05-31T12:09:14.793899114Z,2023-05-30T00:46:36.921255553Z,CREATE,file_event,NFCORE_SAREK:SAREK:BAM_VARIANT_CALLING_TUMOR_ONLY_ALL:BAM_VARIANT_CALLING_SINGLE_STRELKA:STRELKA_SINGLE (SRR11452485) (5740),NFCORE_SAREK:SAREK:BAM_VARIANT_CALLING_TUMOR_ONLY_ALL:BAM_VARIANT_CALLING_SINGLE_STRELKA:STRELKA_SINGLE (SRR11452485) (5740),/home/nilsd/nextflow/build/work/e8/40ade23a6e36d5829119fc88a73536/strelka/workspace/pyflow.data/logs/tmp/taskWrapperLogs/000/008/taskWrapperParameters.pickle,3716443,5740
,,0,2023-05-24T12:09:14.793899114Z,2023-05-31T12:09:14.793899114Z,2023-05-30T00:46:36.923785903Z,CREATE,file_event,NFCORE_SAREK:SAREK:BAM_VARIANT_CALLING_TUMOR_ONLY_ALL:BAM_VARIANT_CALLING_SINGLE_STRELKA:STRELKA_SINGLE (SRR11452485) (5740),NFCORE_SAREK:SAREK:BAM_VARIANT_CALLING_TUMOR_ONLY_ALL:BAM_VARIANT_CALLING_SINGLE_STRELKA:STRELKA_SINGLE (SRR11452485) (5740),/home/nilsd/nextflow/build/work/e8/40ade23a6e36d5829119fc88a73536/strelka/workspace/pyflow.data/logs/tmp/taskWrapperLogs/000/011/pyflowTaskWrapper.signal.txt,3716443,5740
,,0,2023-05-24T12:09:14.793899114Z,2023-05-31T12:09:14.793899114Z,2023-05-30T00:46:36.92619775Z,CREATE,file_event,NFCORE_SAREK:SAREK:BAM_VARIANT_CALLING_TUMOR_ONLY_ALL:BAM_VARIANT_CALLING_SINGLE_STRELKA:STRELKA_SINGLE (SRR11452485) (5740),NFCORE_SAREK:SAREK:BAM_VARIANT_CALLING_TUMOR_ONLY_ALL:BAM_VARIANT_CALLING_SINGLE_STRELKA:STRELKA_SINGLE (SRR11452485) (5740),/home/nilsd/nextflow/build/work/e8/40ade23a6e36d5829119fc88a73536/strelka/workspace/pyflow.data/logs/tmp/taskWrapperLogs/000/006/pyflowTaskWrapper.signal.txt,3716443,5740
,,0,2023-05-24T12:09:14.793899114Z,2023-05-31T12:09:14.793899114Z,2023-05-30T00:46:36.928439462Z,CREATE,file_event,NFCORE_SAREK:SAREK:BAM_VARIANT_CALLING_TUMOR_ONLY_ALL:BAM_VARIANT_CALLING_SINGLE_STRELKA:STRELKA_SINGLE (SRR11452485) (5740),NFCORE_SAREK:SAREK:BAM_VARIANT_CALLING_TUMOR_ONLY_ALL:BAM_VARIANT_CALLING_SINGLE_STRELKA:STRELKA_SINGLE (SRR11452485) (5740),/home/nilsd/nextflow/build/work/e8/40ade23a6e36d5829119fc88a73536/strelka/workspace/pyflow.data/logs/tmp/taskWrapperLogs/000/008/pyflowTaskWrapper.signal.txt,3716443,5740
,,0,2023-05-24T12:09:14.793899114Z,2023-05-31T12:09:14.793899114Z,2023-05-30T00:46:36.945828784Z,CREATE,file_event,NFCORE_SAREK:SAREK:BAM_VARIANT_CALLING_TUMOR_ONLY_ALL:BAM_VARIANT_CALLING_SINGLE_STRELKA:STRELKA_SINGLE (SRR11452485) (5740),NFCORE_SAREK:SAREK:BAM_VARIANT_CALLING_TUMOR_ONLY_ALL:BAM_VARIANT_CALLING_SINGLE_STRELKA:STRELKA_SINGLE (SRR11452485) (5740),/home/nilsd/nextflow/build/work/e8/40ade23a6e36d5829119fc88a73536/strelka/results/stats/runStats.xml,3716443,5740
,,0,2023-05-24T12:09:14.793899114Z,2023-05-31T12:09:14.793899114Z,2023-05-30T00:46:36.948762197Z,CREATE,file_event,NFCORE_SAREK:SAREK:BAM_VARIANT_CALLING_TUMOR_ONLY_ALL:BAM_VARIANT_CALLING_SINGLE_STRELKA:STRELKA_SINGLE (SRR11452485) (5740),NFCORE_SAREK:SAREK:BAM_VARIANT_CALLING_TUMOR_ONLY_ALL:BAM_VARIANT_CALLING_SINGLE_STRELKA:STRELKA_SINGLE (SRR11452485) (5740),/home/nilsd/nextflow/build/work/e8/40ade23a6e36d5829119fc88a73536/strelka/results/stats/runStats.tsv,3716443,5740
,,0,2023-05-24T12:09:14.793899114Z,2023-05-31T12:09:14.793899114Z,2023-05-30T00:46:36.9743447Z,CREATE,file_event,NFCORE_SAREK:SAREK:BAM_VARIANT_CALLING_TUMOR_ONLY_ALL:BAM_VARIANT_CALLING_SINGLE_STRELKA:STRELKA_SINGLE (SRR11452485) (5740),NFCORE_SAREK:SAREK:BAM_VARIANT_CALLING_TUMOR_ONLY_ALL:BAM_VARIANT_CALLING_SINGLE_STRELKA:STRELKA_SINGLE (SRR11452485) (5740),/home/nilsd/nextflow/build/work/e8/40ade23a6e36d5829119fc88a73536/strelka/workspace/pyflow.data/logs/tmp/taskWrapperLogs/000/007,3716443,5740
,,0,2023-05-24T12:09:14.793899114Z,2023-05-31T12:09:14.793899114Z,2023-05-30T00:46:36.977684566Z,CREATE,file_event,NFCORE_SAREK:SAREK:BAM_VARIANT_CALLING_TUMOR_ONLY_ALL:BAM_VARIANT_CALLING_SINGLE_STRELKA:STRELKA_SINGLE (SRR11452485) (5740),NFCORE_SAREK:SAREK:BAM_VARIANT_CALLING_TUMOR_ONLY_ALL:BAM_VARIANT_CALLING_SINGLE_STRELKA:STRELKA_SINGLE (SRR11452485) (5740),/home/nilsd/nextflow/build/work/e8/40ade23a6e36d5829119fc88a73536/strelka/workspace/pyflow.data/logs/tmp/taskWrapperLogs/000/007/taskWrapperParameters.pickle,3716443,5740
,,0,2023-05-24T12:09:14.793899114Z,2023-05-31T12:09:14.793899114Z,2023-05-30T00:46:36.98033294Z,CREATE,file_event,NFCORE_SAREK:SAREK:BAM_VARIANT_CALLING_TUMOR_ONLY_ALL:BAM_VARIANT_CALLING_SINGLE_STRELKA:STRELKA_SINGLE (SRR11452485) (5740),NFCORE_SAREK:SAREK:BAM_VARIANT_CALLING_TUMOR_ONLY_ALL:BAM_VARIANT_CALLING_SINGLE_STRELKA:STRELKA_SINGLE (SRR11452485) (5740),/home/nilsd/nextflow/build/work/e8/40ade23a6e36d5829119fc88a73536/strelka/workspace/pyflow.data/logs/tmp/taskWrapperLogs/000/007/taskWrapperParameters.pickle,3716443,5740
,,0,2023-05-24T12:09:14.793899114Z,2023-05-31T12:09:14.793899114Z,2023-05-30T00:46:36.982320073Z,CREATE,file_event,NFCORE_SAREK:SAREK:BAM_VARIANT_CALLING_TUMOR_ONLY_ALL:BAM_VARIANT_CALLING_SINGLE_STRELKA:STRELKA_SINGLE (SRR11452485) (5740),NFCORE_SAREK:SAREK:BAM_VARIANT_CALLING_TUMOR_ONLY_ALL:BAM_VARIANT_CALLING_SINGLE_STRELKA:STRELKA_SINGLE (SRR11452485) (5740),/home/nilsd/nextflow/build/work/e8/40ade23a6e36d5829119fc88a73536/strelka/workspace/pyflow.data/logs/tmp/taskWrapperLogs/000/009,3716443,5740
,,0,2023-05-24T12:09:14.793899114Z,2023-05-31T12:09:14.793899114Z,2023-05-30T00:46:36.985199934Z,CREATE,file_event,NFCORE_SAREK:SAREK:BAM_VARIANT_CALLING_TUMOR_ONLY_ALL:BAM_VARIANT_CALLING_SINGLE_STRELKA:STRELKA_SINGLE (SRR11452485) (5740),NFCORE_SAREK:SAREK:BAM_VARIANT_CALLING_TUMOR_ONLY_ALL:BAM_VARIANT_CALLING_SINGLE_STRELKA:STRELKA_SINGLE (SRR11452485) (5740),/home/nilsd/nextflow/build/work/e8/40ade23a6e36d5829119fc88a73536/strelka/workspace/pyflow.data/logs/tmp/taskWrapperLogs/000/009/taskWrapperParameters.pickle,3716443,5740
,,0,2023-05-24T12:09:14.793899114Z,2023-05-31T12:09:14.793899114Z,2023-05-30T00:46:36.987614851Z,CREATE,file_event,NFCORE_SAREK:SAREK:BAM_VARIANT_CALLING_TUMOR_ONLY_ALL:BAM_VARIANT_CALLING_SINGLE_STRELKA:STRELKA_SINGLE (SRR11452485) (5740),NFCORE_SAREK:SAREK:BAM_VARIANT_CALLING_TUMOR_ONLY_ALL:BAM_VARIANT_CALLING_SINGLE_STRELKA:STRELKA_SINGLE (SRR11452485) (5740),/home/nilsd/nextflow/build/work/e8/40ade23a6e36d5829119fc88a73536/strelka/workspace/pyflow.data/logs/tmp/taskWrapperLogs/000/009/pyflowTaskWrapper.signal.txt,3716443,5740
,,0,2023-05-24T12:09:14.793899114Z,2023-05-31T12:09:14.793899114Z,2023-05-30T00:46:36.989910214Z,CREATE,file_event,NFCORE_SAREK:SAREK:BAM_VARIANT_CALLING_TUMOR_ONLY_ALL:BAM_VARIANT_CALLING_SINGLE_STRELKA:STRELKA_SINGLE (SRR11452485) (5740),NFCORE_SAREK:SAREK:BAM_VARIANT_CALLING_TUMOR_ONLY_ALL:BAM_VARIANT_CALLING_SINGLE_STRELKA:STRELKA_SINGLE (SRR11452485) (5740),/home/nilsd/nextflow/build/work/e8/40ade23a6e36d5829119fc88a73536/strelka/workspace/pyflow.data/logs/tmp/taskWrapperLogs/000/007/pyflowTaskWrapper.signal.txt,3716443,5740
,,0,2023-05-24T12:09:14.793899114Z,2023-05-31T12:09:14.793899114Z,2023-05-30T00:46:36.992630171Z,CREATE,file_event,NFCORE_SAREK:SAREK:BAM_VARIANT_CALLING_TUMOR_ONLY_ALL:BAM_VARIANT_CALLING_SINGLE_STRELKA:STRELKA_SINGLE (SRR11452485) (5740),NFCORE_SAREK:SAREK:BAM_VARIANT_CALLING_TUMOR_ONLY_ALL:BAM_VARIANT_CALLING_SINGLE_STRELKA:STRELKA_SINGLE (SRR11452485) (5740),/home/nilsd/nextflow/build/work/e8/40ade23a6e36d5829119fc88a73536/strelka/workspace/pyflow.data/logs/tmp/taskWrapperLogs/000/009/pyflowTaskWrapper.signal.txt,3716443,5740
,,0,2023-05-24T12:09:14.793899114Z,2023-05-31T12:09:14.793899114Z,2023-05-30T00:46:37.035326497Z,CREATE,file_event,NFCORE_SAREK:SAREK:BAM_VARIANT_CALLING_TUMOR_ONLY_ALL:BAM_VARIANT_CALLING_SINGLE_STRELKA:STRELKA_SINGLE (SRR11452485) (5740),NFCORE_SAREK:SAREK:BAM_VARIANT_CALLING_TUMOR_ONLY_ALL:BAM_VARIANT_CALLING_SINGLE_STRELKA:STRELKA_SINGLE (SRR11452485) (5740),/home/nilsd/nextflow/build/work/e8/40ade23a6e36d5829119fc88a73536/strelka/results/variants/variants.vcf.gz.tbi,3716443,5740
,,0,2023-05-24T12:09:14.793899114Z,2023-05-31T12:09:14.793899114Z,2023-05-30T00:46:37.043789845Z,CREATE,file_event,NFCORE_SAREK:SAREK:BAM_VARIANT_CALLING_TUMOR_ONLY_ALL:BAM_VARIANT_CALLING_SINGLE_STRELKA:STRELKA_SINGLE (SRR11452485) (5740),NFCORE_SAREK:SAREK:BAM_VARIANT_CALLING_TUMOR_ONLY_ALL:BAM_VARIANT_CALLING_SINGLE_STRELKA:STRELKA_SINGLE (SRR11452485) (5740),/home/nilsd/nextflow/build/work/e8/40ade23a6e36d5829119fc88a73536/strelka/results/variants/genome.S1.vcf.gz.tbi,3716443,5740
,,0,2023-05-24T12:09:14.793899114Z,2023-05-31T12:09:14.793899114Z,2023-05-30T00:46:37.047041939Z,CREATE,file_event,NFCORE_SAREK:SAREK:BAM_VARIANT_CALLING_TUMOR_ONLY_ALL:BAM_VARIANT_CALLING_SINGLE_STRELKA:STRELKA_SINGLE (SRR11452485) (5740),NFCORE_SAREK:SAREK:BAM_VARIANT_CALLING_TUMOR_ONLY_ALL:BAM_VARIANT_CALLING_SINGLE_STRELKA:STRELKA_SINGLE (SRR11452485) (5740),/home/nilsd/nextflow/build/work/e8/40ade23a6e36d5829119fc88a73536/strelka/workspace/pyflow.data/logs/tmp/taskWrapperLogs/000/012,3716443,5740
,,0,2023-05-24T12:09:14.793899114Z,2023-05-31T12:09:14.793899114Z,2023-05-30T00:46:37.049469606Z,CREATE,file_event,NFCORE_SAREK:SAREK:BAM_VARIANT_CALLING_TUMOR_ONLY_ALL:BAM_VARIANT_CALLING_SINGLE_STRELKA:STRELKA_SINGLE (SRR11452485) (5740),NFCORE_SAREK:SAREK:BAM_VARIANT_CALLING_TUMOR_ONLY_ALL:BAM_VARIANT_CALLING_SINGLE_STRELKA:STRELKA_SINGLE (SRR11452485) (5740),/home/nilsd/nextflow/build/work/e8/40ade23a6e36d5829119fc88a73536/strelka/workspace/pyflow.data/logs/tmp/taskWrapperLogs/000/012/taskWrapperParameters.pickle,3716443,5740
,,0,2023-05-24T12:09:14.793899114Z,2023-05-31T12:09:14.793899114Z,2023-05-30T00:46:37.052234763Z,CREATE,file_event,NFCORE_SAREK:SAREK:BAM_VARIANT_CALLING_TUMOR_ONLY_ALL:BAM_VARIANT_CALLING_SINGLE_STRELKA:STRELKA_SINGLE (SRR11452485) (5740),NFCORE_SAREK:SAREK:BAM_VARIANT_CALLING_TUMOR_ONLY_ALL:BAM_VARIANT_CALLING_SINGLE_STRELKA:STRELKA_SINGLE (SRR11452485) (5740),/home/nilsd/nextflow/build/work/e8/40ade23a6e36d5829119fc88a73536/strelka/workspace/pyflow.data/logs/tmp/taskWrapperLogs/000/010,3716443,5740
,,0,2023-05-24T12:09:14.793899114Z,2023-05-31T12:09:14.793899114Z,2023-05-30T00:46:37.054869217Z,CREATE,file_event,NFCORE_SAREK:SAREK:BAM_VARIANT_CALLING_TUMOR_ONLY_ALL:BAM_VARIANT_CALLING_SINGLE_STRELKA:STRELKA_SINGLE (SRR11452485) (5740),NFCORE_SAREK:SAREK:BAM_VARIANT_CALLING_TUMOR_ONLY_ALL:BAM_VARIANT_CALLING_SINGLE_STRELKA:STRELKA_SINGLE (SRR11452485) (5740),/home/nilsd/nextflow/build/work/e8/40ade23a6e36d5829119fc88a73536/strelka/workspace/pyflow.data/logs/tmp/taskWrapperLogs/000/010/taskWrapperParameters.pickle,3716443,5740
,,0,2023-05-24T12:09:14.793899114Z,2023-05-31T12:09:14.793899114Z,2023-05-30T00:46:37.057311965Z,CREATE,file_event,NFCORE_SAREK:SAREK:BAM_VARIANT_CALLING_TUMOR_ONLY_ALL:BAM_VARIANT_CALLING_SINGLE_STRELKA:STRELKA_SINGLE (SRR11452485) (5740),NFCORE_SAREK:SAREK:BAM_VARIANT_CALLING_TUMOR_ONLY_ALL:BAM_VARIANT_CALLING_SINGLE_STRELKA:STRELKA_SINGLE (SRR11452485) (5740),/home/nilsd/nextflow/build/work/e8/40ade23a6e36d5829119fc88a73536/strelka/workspace/pyflow.data/logs/tmp/taskWrapperLogs/000/010/taskWrapperParameters.pickle,3716443,5740
,,0,2023-05-24T12:09:14.793899114Z,2023-05-31T12:09:14.793899114Z,2023-05-30T00:46:37.05937521Z,CREATE,file_event,NFCORE_SAREK:SAREK:BAM_VARIANT_CALLING_TUMOR_ONLY_ALL:BAM_VARIANT_CALLING_SINGLE_STRELKA:STRELKA_SINGLE (SRR11452485) (5740),NFCORE_SAREK:SAREK:BAM_VARIANT_CALLING_TUMOR_ONLY_ALL:BAM_VARIANT_CALLING_SINGLE_STRELKA:STRELKA_SINGLE (SRR11452485) (5740),/home/nilsd/nextflow/build/work/e8/40ade23a6e36d5829119fc88a73536/strelka/workspace/pyflow.data/logs/tmp/taskWrapperLogs/000/012/pyflowTaskWrapper.signal.txt,3716443,5740
,,0,2023-05-24T12:09:14.793899114Z,2023-05-31T12:09:14.793899114Z,2023-05-30T00:46:37.061930392Z,CREATE,file_event,NFCORE_SAREK:SAREK:BAM_VARIANT_CALLING_TUMOR_ONLY_ALL:BAM_VARIANT_CALLING_SINGLE_STRELKA:STRELKA_SINGLE (SRR11452485) (5740),NFCORE_SAREK:SAREK:BAM_VARIANT_CALLING_TUMOR_ONLY_ALL:BAM_VARIANT_CALLING_SINGLE_STRELKA:STRELKA_SINGLE (SRR11452485) (5740),/home/nilsd/nextflow/build/work/e8/40ade23a6e36d5829119fc88a73536/strelka/workspace/pyflow.data/logs/tmp/taskWrapperLogs/000/010/pyflowTaskWrapper.signal.txt,3716443,5740
,,0,2023-05-24T12:09:14.793899114Z,2023-05-31T12:09:14.793899114Z,2023-05-30T00:46:37.073887171Z,DELETE,file_event,NFCORE_SAREK:SAREK:BAM_VARIANT_CALLING_TUMOR_ONLY_ALL:BAM_VARIANT_CALLING_SINGLE_STRELKA:STRELKA_SINGLE (SRR11452485) (5740),NFCORE_SAREK:SAREK:BAM_VARIANT_CALLING_TUMOR_ONLY_ALL:BAM_VARIANT_CALLING_SINGLE_STRELKA:STRELKA_SINGLE (SRR11452485) (5740),/home/nilsd/nextflow/build/work/e8/40ade23a6e36d5829119fc88a73536/strelka/workspace/genomeSegment.tmpdir/segment.chromId_075_GL000223_1_0000.variants.vcf,3716443,5740
,,0,2023-05-24T12:09:14.793899114Z,2023-05-31T12:09:14.793899114Z,2023-05-30T00:46:37.076024799Z,DELETE,file_event,NFCORE_SAREK:SAREK:BAM_VARIANT_CALLING_TUMOR_ONLY_ALL:BAM_VARIANT_CALLING_SINGLE_STRELKA:STRELKA_SINGLE (SRR11452485) (5740),NFCORE_SAREK:SAREK:BAM_VARIANT_CALLING_TUMOR_ONLY_ALL:BAM_VARIANT_CALLING_SINGLE_STRELKA:STRELKA_SINGLE (SRR11452485) (5740),/home/nilsd/nextflow/build/work/e8/40ade23a6e36d5829119fc88a73536/strelka/workspace/genomeSegment.tmpdir/segment.chromId_075_GL000223_1_0000.genome.S1.vcf,3716443,5740
,,0,2023-05-24T12:09:14.793899114Z,2023-05-31T12:09:14.793899114Z,2023-05-30T00:46:37.0782386Z,DELETE,file_event,NFCORE_SAREK:SAREK:BAM_VARIANT_CALLING_TUMOR_ONLY_ALL:BAM_VARIANT_CALLING_SINGLE_STRELKA:STRELKA_SINGLE (SRR11452485) (5740),NFCORE_SAREK:SAREK:BAM_VARIANT_CALLING_TUMOR_ONLY_ALL:BAM_VARIANT_CALLING_SINGLE_STRELKA:STRELKA_SINGLE (SRR11452485) (5740),/home/nilsd/nextflow/build/work/e8/40ade23a6e36d5829119fc88a73536/strelka/workspace/genomeSegment.tmpdir/runStats.chromId_075_GL000223_1_0000.xml,3716443,5740
,,0,2023-05-24T12:09:14.793899114Z,2023-05-31T12:09:14.793899114Z,2023-05-30T00:46:37.08045413Z,DELETE,file_event,NFCORE_SAREK:SAREK:BAM_VARIANT_CALLING_TUMOR_ONLY_ALL:BAM_VARIANT_CALLING_SINGLE_STRELKA:STRELKA_SINGLE (SRR11452485) (5740),NFCORE_SAREK:SAREK:BAM_VARIANT_CALLING_TUMOR_ONLY_ALL:BAM_VARIANT_CALLING_SINGLE_STRELKA:STRELKA_SINGLE (SRR11452485) (5740),/home/nilsd/nextflow/build/work/e8/40ade23a6e36d5829119fc88a73536/strelka/workspace/genomeSegment.tmpdir,3716443,5740
,,0,2023-05-24T12:09:14.793899114Z,2023-05-31T12:09:14.793899114Z,2023-05-30T00:46:37.082732972Z,CREATE,file_event,NFCORE_SAREK:SAREK:BAM_VARIANT_CALLING_TUMOR_ONLY_ALL:BAM_VARIANT_CALLING_SINGLE_STRELKA:STRELKA_SINGLE (SRR11452485) (5740),NFCORE_SAREK:SAREK:BAM_VARIANT_CALLING_TUMOR_ONLY_ALL:BAM_VARIANT_CALLING_SINGLE_STRELKA:STRELKA_SINGLE (SRR11452485) (5740),/home/nilsd/nextflow/build/work/e8/40ade23a6e36d5829119fc88a73536/strelka/results/variants/genome.vcf.gz,3716443,5740
,,0,2023-05-24T12:09:14.793899114Z,2023-05-31T12:09:14.793899114Z,2023-05-30T00:46:37.08548737Z,CREATE,file_event,NFCORE_SAREK:SAREK:BAM_VARIANT_CALLING_TUMOR_ONLY_ALL:BAM_VARIANT_CALLING_SINGLE_STRELKA:STRELKA_SINGLE (SRR11452485) (5740),NFCORE_SAREK:SAREK:BAM_VARIANT_CALLING_TUMOR_ONLY_ALL:BAM_VARIANT_CALLING_SINGLE_STRELKA:STRELKA_SINGLE (SRR11452485) (5740),/home/nilsd/nextflow/build/work/e8/40ade23a6e36d5829119fc88a73536/strelka/results/variants/genome.vcf.gz.tbi,3716443,5740
,,0,2023-05-24T12:09:14.793899114Z,2023-05-31T12:09:14.793899114Z,2023-05-30T00:46:39.337845271Z,CREATE,file_event,NFCORE_SAREK:SAREK:BAM_VARIANT_CALLING_TUMOR_ONLY_ALL:BAM_VARIANT_CALLING_SINGLE_STRELKA:STRELKA_SINGLE (SRR11452485) (5740),NFCORE_SAREK:SAREK:BAM_VARIANT_CALLING_TUMOR_ONLY_ALL:BAM_VARIANT_CALLING_SINGLE_STRELKA:STRELKA_SINGLE (SRR11452485) (5740),/home/nilsd/nextflow/build/work/e8/40ade23a6e36d5829119fc88a73536/strelka/workspace/pyflow.data/state/pyflow_tasks_runstate.txt.update.incomplete,3716443,5740
,,0,2023-05-24T12:09:14.793899114Z,2023-05-31T12:09:14.793899114Z,2023-05-30T00:46:39.341441525Z,DELETE,file_event,NFCORE_SAREK:SAREK:BAM_VARIANT_CALLING_TUMOR_ONLY_ALL:BAM_VARIANT_CALLING_SINGLE_STRELKA:STRELKA_SINGLE (SRR11452485) (5740),NFCORE_SAREK:SAREK:BAM_VARIANT_CALLING_TUMOR_ONLY_ALL:BAM_VARIANT_CALLING_SINGLE_STRELKA:STRELKA_SINGLE (SRR11452485) (5740),/home/nilsd/nextflow/build/work/e8/40ade23a6e36d5829119fc88a73536/strelka/workspace/pyflow.data/active_pyflow_process.txt,3716443,5740
,,0,2023-05-24T12:09:14.793899114Z,2023-05-31T12:09:14.793899114Z,2023-05-30T00:46:39.34378612Z,CREATE,file_event,NFCORE_SAREK:SAREK:BAM_VARIANT_CALLING_TUMOR_ONLY_ALL:BAM_VARIANT_CALLING_SINGLE_STRELKA:STRELKA_SINGLE (SRR11452485) (5740),NFCORE_SAREK:SAREK:BAM_VARIANT_CALLING_TUMOR_ONLY_ALL:BAM_VARIANT_CALLING_SINGLE_STRELKA:STRELKA_SINGLE (SRR11452485) (5740),/home/nilsd/nextflow/build/work/e8/40ade23a6e36d5829119fc88a73536/strelka/workflow.exitcode.txt,3716443,5740
,,0,2023-05-24T12:09:14.793899114Z,2023-05-31T12:09:14.793899114Z,2023-05-30T00:46:39.392084334Z,CREATE,file_event,NFCORE_SAREK:SAREK:BAM_VARIANT_CALLING_TUMOR_ONLY_ALL:BAM_VARIANT_CALLING_SINGLE_STRELKA:STRELKA_SINGLE (SRR11452485) (5740),NFCORE_SAREK:SAREK:BAM_VARIANT_CALLING_TUMOR_ONLY_ALL:BAM_VARIANT_CALLING_SINGLE_STRELKA:STRELKA_SINGLE (SRR11452485) (5740),/home/nilsd/nextflow/build/work/e8/40ade23a6e36d5829119fc88a73536/versions.yml,3716443,5740
,,0,2023-05-24T12:09:14.793899114Z,2023-05-31T12:09:14.793899114Z,2023-05-30T00:46:39.671592052Z,CREATE,file_event,NFCORE_SAREK:SAREK:BAM_VARIANT_CALLING_TUMOR_ONLY_ALL:BAM_VARIANT_CALLING_SINGLE_STRELKA:STRELKA_SINGLE (SRR11452485) (5740),NFCORE_SAREK:SAREK:BAM_VARIANT_CALLING_TUMOR_ONLY_ALL:BAM_VARIANT_CALLING_SINGLE_STRELKA:STRELKA_SINGLE (SRR11452485) (5740),/home/nilsd/nextflow/build/work/e8/40ade23a6e36d5829119fc88a73536/.exitcode,3716443,5740
